13305
13305
13305
13305
13305
13305
13305
13305
13305
13305
13305
13305
13305
13305
13305
13305
13305
13305
13305
13305
13305
13305
13305
13305
13305
13305
13305
13305
13305
13305
13305
13305
13305
13305
13305
13305
13305
13305
13305
13305
13305
13305
13305
13305
13305
13305
13305
13305
13305
13305
13305
13305
13305
13305
13305
13305
13305
13305
13305
13305
13305
13305
13305
13305
13305
13305
13305
13305
13305
13305
13305
13305
13305
13305
13305
13305
13305
13305
12943
12943
12943
12943
12943
12943
12943
11990
11990
11990
11990
11990
11990
11990
11990
11990
11990
11990
11990
11990
11990
11990
