13032
13032
13032
13032
13032
13032
13032
13032
13032
13018
12569
12569
12569
12569
12569
12569
12569
12072
12072
12072
12072
12072
12072
12072
12072
12072
12072
12072
12072
12072
12072
12072
12072
12072
12072
12072
12072
11898
11898
11898
11898
11898
11898
11898
11898
11898
11387
11387
11387
11387
11387
11387
11387
11387
11387
11387
11387
11387
11387
11387
11387
11387
11387
11387
11387
11126
11126
11126
11126
11126
11126
11126
11126
11126
11126
11126
11126
11126
11126
11126
11126
11126
11126
11126
11126
11126
11126
10561
10561
10561
10561
10256
10256
10256
10256
10256
10256
10256
10256
10256
