0	Solution - 13571	480	2169	254	0	43
1	Solution - 13571	480	2169	254	0	43
2	Solution - 13571	480	2169	254	0	43
3	Solution - 13571	480	2169	254	0	43
4	Solution - 13571	480	2169	254	0	43
5	Solution - 13571	480	2169	254	0	43
6	Solution - 13571	480	2169	254	0	43
7	Solution - 13571	480	2169	254	0	43
8	Solution - 13571	480	2169	254	0	43
9	Solution - 13571	480	2169	254	0	43
10	Solution - 13571	480	2169	254	0	43
11	Solution - 13571	480	2169	254	0	43
12	Solution - 13308	479	2165	248	0	43
13	Solution - 13308	479	2165	248	0	43
14	Solution - 13308	479	2165	248	0	43
15	Solution - 13308	479	2165	248	0	43
16	Solution - 13308	479	2165	248	0	43
17	Solution - 13308	479	2165	248	0	43
18	Solution - 13308	479	2165	248	0	43
19	Solution - 13308	479	2165	248	0	43
20	Solution - 13308	479	2165	248	0	43
21	Solution - 13308	479	2165	248	0	43
22	Solution - 13308	479	2165	248	0	43
23	Solution - 13308	479	2165	248	0	43
24	Solution - 13308	479	2165	248	0	43
25	Solution - 13308	479	2165	248	0	43
26	Solution - 13308	479	2165	248	0	43
27	Solution - 13308	479	2165	248	0	43
28	Solution - 12359	487	2197	225	0	43
29	Solution - 12359	487	2197	225	0	43
30	Solution - 12127	487	2190	225	0	42
31	Solution - 12127	487	2190	225	0	42
32	Solution - 12127	487	2190	225	0	42
33	Solution - 12127	487	2190	225	0	42
34	Solution - 12127	487	2190	225	0	42
35	Solution - 12127	487	2190	225	0	42
36	Solution - 12127	487	2190	225	0	42
37	Solution - 11354	493	2209	206	0	42
38	Solution - 11354	493	2209	206	0	42
39	Solution - 11354	493	2209	206	0	42
40	Solution - 11354	493	2209	206	0	42
41	Solution - 11354	493	2209	206	0	42
42	Solution - 11354	493	2209	206	0	42
43	Solution - 11354	493	2209	206	0	42
44	Solution - 11354	493	2209	206	0	42
45	Solution - 11354	493	2209	206	0	42
46	Solution - 11076	496	2222	199	0	42
47	Solution - 11076	496	2222	199	0	42
48	Solution - 11076	496	2222	199	0	42
49	Solution - 11076	496	2222	199	0	42
50	Solution - 11076	496	2222	199	0	42
51	Solution - 10209	498	2235	178	0	42
52	Solution - 10209	498	2235	178	0	42
53	Solution - 10209	498	2235	178	0	42
54	Solution - 10209	498	2235	178	0	42
55	Solution - 10209	498	2235	178	0	42
56	Solution - 10209	498	2235	178	0	42
57	Solution - 10209	498	2235	178	0	42
58	Solution - 10209	498	2235	178	0	42
59	Solution - 10209	498	2235	178	0	42
60	Solution - 10209	498	2235	178	0	42
61	Solution - 10209	498	2235	178	0	42
62	Solution - 10209	498	2235	178	0	42
63	Solution - 10209	498	2235	178	0	42
64	Solution - 10209	498	2235	178	0	42
65	Solution - 10209	498	2235	178	0	42
66	Solution - 10209	498	2235	178	0	42
67	Solution - 10209	498	2235	178	0	42
68	Solution - 10209	498	2235	178	0	42
69	Solution - 10209	498	2235	178	0	42
70	Solution - 10209	498	2235	178	0	42
71	Solution - 10209	498	2235	178	0	42
72	Solution - 10209	498	2235	178	0	42
73	Solution - 10209	498	2235	178	0	42
74	Solution - 10209	498	2235	178	0	42
75	Solution - 10209	498	2235	178	0	42
76	Solution - 10032	496	2228	174	0	42
77	Solution - 10032	496	2228	174	0	42
78	Solution - 10032	496	2228	174	0	42
79	Solution - 10032	496	2228	174	0	42
80	Solution - 10032	496	2228	174	0	42
81	Solution - 10032	496	2228	174	0	42
82	Solution - 10032	496	2228	174	0	42
83	Solution - 10032	496	2228	174	0	42
84	Solution - 10032	496	2228	174	0	42
85	Solution - 10032	496	2228	174	0	42
86	Solution - 10032	496	2228	174	0	42
87	Solution - 10032	496	2228	174	0	42
88	Solution - 10032	496	2228	174	0	42
89	Solution - 10032	496	2228	174	0	42
90	Solution - 10032	496	2228	174	0	42
91	Solution - 10032	496	2228	174	0	42
92	Solution - 10032	496	2228	174	0	42
93	Solution - 10032	496	2228	174	0	42
94	Solution - 10032	496	2228	174	0	42
95	Solution - 10032	496	2228	174	0	42
96	Solution - 10032	496	2228	174	0	42
97	Solution - 10032	496	2228	174	0	42
98	Solution - 10032	496	2228	174	0	42
99	Solution - 10032	496	2228	174	0	42
