Solution - 11990	481	2181	212	1	44
Solution - 13826	480	2170	254	0	44
Solution - 13826	480	2170	254	0	44
Solution - 10032	496	2228	174	0	42
Solution - 13826	480	2170	254	0	44
Solution - 13826	480	2170	254	0	44
Solution - 13826	480	2170	254	0	44
Solution - 13826	480	2170	254	0	44
Solution - 13826	480	2170	254	0	44
Solution - 10256	491	2197	172	1	44
Solution - 13826	480	2170	254	0	44
Solution - 13826	480	2170	254	0	44
Solution - 13826	480	2170	254	0	44
Solution - 13826	480	2170	254	0	44
Solution - 13826	480	2170	254	0	44
Solution - 13826	480	2170	254	0	44
Solution - 13826	480	2170	254	0	44
Solution - 13826	480	2170	254	0	44
Solution - 13826	480	2170	254	0	44
Solution - 13826	480	2170	254	0	44
Solution - 13826	480	2170	254	0	44
Solution - 13826	480	2170	254	0	44
Solution - 13826	480	2170	254	0	44
Solution - 13826	480	2170	254	0	44
Solution - 13826	480	2170	254	0	44
Solution - 13826	480	2170	254	0	44
Solution - 13826	480	2170	254	0	44
Solution - 13826	480	2170	254	0	44
Solution - 13826	480	2170	254	0	44
Solution - 13826	480	2170	254	0	44
