13571
13571
13571
13571
13571
13571
13571
13571
13571
13571
13571
13571
13308
13308
13308
13308
13308
13308
13308
13308
13308
13308
13308
13308
13308
13308
13308
13308
12359
12359
12127
12127
12127
12127
12127
12127
12127
11354
11354
11354
11354
11354
11354
11354
11354
11354
11076
11076
11076
11076
11076
10209
10209
10209
10209
10209
10209
10209
10209
10209
10209
10209
10209
10209
10209
10209
10209
10209
10209
10209
10209
10209
10209
10209
10209
10209
10032
10032
10032
10032
10032
10032
10032
10032
10032
10032
10032
10032
10032
10032
10032
10032
10032
10032
10032
10032
10032
10032
10032
10032
