0	Solution - 13305	481	2176	242	1	44
1	Solution - 13305	481	2176	242	1	44
2	Solution - 13305	481	2176	242	1	44
3	Solution - 13305	481	2176	242	1	44
4	Solution - 13305	481	2176	242	1	44
5	Solution - 13305	481	2176	242	1	44
6	Solution - 13305	481	2176	242	1	44
7	Solution - 13305	481	2176	242	1	44
8	Solution - 13305	481	2176	242	1	44
9	Solution - 13305	481	2176	242	1	44
10	Solution - 13305	481	2176	242	1	44
11	Solution - 13305	481	2176	242	1	44
12	Solution - 13305	481	2176	242	1	44
13	Solution - 13305	481	2176	242	1	44
14	Solution - 13305	481	2176	242	1	44
15	Solution - 13305	481	2176	242	1	44
16	Solution - 13305	481	2176	242	1	44
17	Solution - 13305	481	2176	242	1	44
18	Solution - 13305	481	2176	242	1	44
19	Solution - 13305	481	2176	242	1	44
20	Solution - 13305	481	2176	242	1	44
21	Solution - 13305	481	2176	242	1	44
22	Solution - 13305	481	2176	242	1	44
23	Solution - 13305	481	2176	242	1	44
24	Solution - 13305	481	2176	242	1	44
25	Solution - 13305	481	2176	242	1	44
26	Solution - 13305	481	2176	242	1	44
27	Solution - 13305	481	2176	242	1	44
28	Solution - 13305	481	2176	242	1	44
29	Solution - 13305	481	2176	242	1	44
30	Solution - 13305	481	2176	242	1	44
31	Solution - 13305	481	2176	242	1	44
32	Solution - 13305	481	2176	242	1	44
33	Solution - 13305	481	2176	242	1	44
34	Solution - 13305	481	2176	242	1	44
35	Solution - 13305	481	2176	242	1	44
36	Solution - 13305	481	2176	242	1	44
37	Solution - 13305	481	2176	242	1	44
38	Solution - 13305	481	2176	242	1	44
39	Solution - 13305	481	2176	242	1	44
40	Solution - 13305	481	2176	242	1	44
41	Solution - 13305	481	2176	242	1	44
42	Solution - 13305	481	2176	242	1	44
43	Solution - 13305	481	2176	242	1	44
44	Solution - 13305	481	2176	242	1	44
45	Solution - 13305	481	2176	242	1	44
46	Solution - 13305	481	2176	242	1	44
47	Solution - 13305	481	2176	242	1	44
48	Solution - 13305	481	2176	242	1	44
49	Solution - 13305	481	2176	242	1	44
50	Solution - 13305	481	2176	242	1	44
51	Solution - 13305	481	2176	242	1	44
52	Solution - 13305	481	2176	242	1	44
53	Solution - 13305	481	2176	242	1	44
54	Solution - 13305	481	2176	242	1	44
55	Solution - 13305	481	2176	242	1	44
56	Solution - 13305	481	2176	242	1	44
57	Solution - 13305	481	2176	242	1	44
58	Solution - 13305	481	2176	242	1	44
59	Solution - 13305	481	2176	242	1	44
60	Solution - 13305	481	2176	242	1	44
61	Solution - 13305	481	2176	242	1	44
62	Solution - 13305	481	2176	242	1	44
63	Solution - 13305	481	2176	242	1	44
64	Solution - 13305	481	2176	242	1	44
65	Solution - 13305	481	2176	242	1	44
66	Solution - 13305	481	2176	242	1	44
67	Solution - 13305	481	2176	242	1	44
68	Solution - 13305	481	2176	242	1	44
69	Solution - 13305	481	2176	242	1	44
70	Solution - 13305	481	2176	242	1	44
71	Solution - 13305	481	2176	242	1	44
72	Solution - 13305	481	2176	242	1	44
73	Solution - 13305	481	2176	242	1	44
74	Solution - 13305	481	2176	242	1	44
75	Solution - 13305	481	2176	242	1	44
76	Solution - 13305	481	2176	242	1	44
77	Solution - 13305	481	2176	242	1	44
78	Solution - 12943	478	2169	234	1	44
79	Solution - 12943	478	2169	234	1	44
80	Solution - 12943	478	2169	234	1	44
81	Solution - 12943	478	2169	234	1	44
82	Solution - 12943	478	2169	234	1	44
83	Solution - 12943	478	2169	234	1	44
84	Solution - 12943	478	2169	234	1	44
85	Solution - 11990	481	2181	212	1	44
86	Solution - 11990	481	2181	212	1	44
87	Solution - 11990	481	2181	212	1	44
88	Solution - 11990	481	2181	212	1	44
89	Solution - 11990	481	2181	212	1	44
90	Solution - 11990	481	2181	212	1	44
91	Solution - 11990	481	2181	212	1	44
92	Solution - 11990	481	2181	212	1	44
93	Solution - 11990	481	2181	212	1	44
94	Solution - 11990	481	2181	212	1	44
95	Solution - 11990	481	2181	212	1	44
96	Solution - 11990	481	2181	212	1	44
97	Solution - 11990	481	2181	212	1	44
98	Solution - 11990	481	2181	212	1	44
99	Solution - 11990	481	2181	212	1	44
