[0, -427, 3, -433, 4, -433, 10, -433, 5, -433, 3, -445, 4, -445, 1, -452, 10, -462, 2, -467, 1, -467, 2, -467, 5, -474, 6, -474, 6, -483, 0, -490, 0, -562, 7, -568, 8, -577, 9, -582, 7, -589, 8, -589, 9, -590, 0, -599]
[0, -427, 5, -433, 4, -433, 3, -433, 3, -445, 4, -445, 10, -453, 10, -462, 5, -471, 0, -481, 0, -458, 6, -469, 6, -478, 0, -485, 0, -562, 7, -568, 8, -577, 9, -582, 7, -589, 8, -589, 9, -590, 0, -599, 0, -460, 2, -463, 1, -463, 2, -470, 1, -470, 0, -476]
[0, -433, 5, -439, 10, -439, 4, -439, 3, -439, 3, -451, 10, -452, 4, -457, 6, -467, 5, -472, 6, -481, 0, -488, 0, -562, 7, -568, 8, -577, 9, -582, 7, -589, 8, -589, 9, -590, 0, -599, 0, -460, 2, -463, 1, -463, 2, -470, 1, -470, 0, -476]
[0, -427, 5, -433, 4, -433, 3, -433, 3, -445, 4, -445, 10, -453, 10, -462, 6, -471, 5, -476, 6, -485, 0, -492, 0, -562, 7, -568, 8, -577, 9, -582, 7, -589, 8, -589, 9, -590, 0, -599, 0, -460, 2, -463, 1, -463, 2, -470, 1, -470, 0, -476]
[0, -427, 5, -433, 4, -433, 3, -433, 3, -445, 4, -445, 10, -453, 10, -462, 5, -471, 0, -481, 0, -458, 6, -469, 6, -478, 0, -485, 0, -562, 7, -568, 8, -577, 9, -582, 7, -589, 8, -589, 9, -590, 0, -599, 0, -460, 2, -463, 1, -463, 2, -470, 1, -470, 0, -476]
[0, -427, 3, -433, 4, -433, 4, -445, 3, -445, 0, -455, 0, -562, 7, -568, 8, -577, 9, -582, 7, -589, 8, -589, 9, -590, 0, -599, 0, -428, 1, -431, 10, -437, 5, -437, 2, -445, 10, -452, 6, -461, 5, -466, 2, -477, 1, -477, 6, -479, 0, -486]
[0, -427, 5, -433, 4, -433, 3, -433, 3, -445, 4, -445, 10, -453, 10, -462, 5, -471, 0, -481, 0, -458, 6, -469, 6, -478, 0, -485, 0, -562, 7, -568, 8, -577, 9, -582, 7, -589, 8, -589, 9, -590, 0, -599, 0, -460, 2, -463, 1, -463, 2, -470, 1, -470, 0, -476]
[0, -427, 5, -433, 10, -433, 4, -433, 3, -433, 3, -445, 4, -445, 1, -452, 10, -462, 5, -471, 6, -471, 1, -476, 6, -478, 0, -485, 0, -562, 7, -568, 8, -577, 9, -582, 7, -589, 8, -589, 9, -590, 0, -599, 0, -460, 2, -463, 2, -470, 0, -476]
[0, -427, 3, -433, 4, -433, 4, -445, 3, -445, 0, -455, 0, -434, 2, -437, 1, -437, 10, -443, 5, -443, 10, -452, 6, -461, 5, -466, 2, -477, 1, -477, 6, -479, 0, -486, 0, -563, 8, -568, 9, -573, 7, -581, 7, -589, 8, -589, 9, -590, 0, -599]
[0, -427, 3, -433, 4, -433, 10, -433, 5, -433, 4, -445, 10, -446, 3, -451, 2, -458, 6, -465, 5, -470, 1, -480, 2, -480, 1, -480, 6, -482, 0, -489, 0, -562, 7, -568, 8, -577, 9, -582, 7, -589, 8, -589, 9, -590, 0, -599]
[0, -427, 5, -433, 4, -433, 3, -433, 3, -445, 4, -445, 10, -453, 10, -462, 5, -471, 0, -481, 0, -458, 6, -469, 6, -478, 0, -485, 0, -562, 7, -568, 8, -577, 9, -582, 7, -589, 8, -589, 9, -590, 0, -599, 0, -460, 2, -463, 1, -463, 2, -470, 1, -470, 0, -476]
[0, -427, 5, -433, 4, -433, 3, -433, 3, -445, 4, -445, 10, -453, 10, -462, 6, -471, 5, -476, 6, -485, 0, -492, 0, -562, 7, -568, 8, -577, 9, -582, 7, -589, 8, -589, 9, -590, 0, -599, 0, -460, 2, -463, 1, -463, 2, -470, 1, -470, 0, -476]
[0, -427, 5, -433, 4, -433, 3, -433, 3, -445, 4, -445, 10, -453, 10, -462, 6, -471, 5, -476, 6, -485, 0, -492, 0, -562, 7, -568, 8, -577, 9, -582, 7, -589, 8, -589, 9, -590, 0, -599, 0, -460, 2, -463, 1, -463, 1, -470, 2, -470, 0, -476]
[0, -427, 5, -433, 4, -433, 3, -433, 3, -445, 4, -445, 10, -453, 10, -462, 5, -471, 0, -481, 0, -458, 6, -469, 6, -478, 0, -485, 0, -562, 7, -568, 8, -577, 9, -582, 7, -589, 8, -589, 9, -590, 0, -599, 0, -460, 2, -463, 1, -463, 2, -470, 1, -470, 0, -476]
[0, -427, 10, -433, 5, -433, 4, -433, 3, -433, 4, -445, 3, -445, 10, -446, 5, -455, 6, -455, 1, -463, 2, -470, 2, -477, 1, -477, 6, -479, 0, -486, 0, -562, 7, -568, 8, -577, 9, -582, 7, -589, 8, -589, 9, -590, 0, -599]
[0, -427, 5, -433, 4, -433, 3, -433, 3, -445, 4, -445, 10, -453, 10, -462, 5, -471, 0, -481, 0, -562, 7, -568, 8, -577, 9, -582, 7, -589, 8, -589, 9, -590, 0, -599, 0, -460, 2, -463, 1, -463, 2, -470, 1, -470, 6, -477, 6, -486, 0, -493]
[0, -427, 4, -433, 3, -433, 3, -445, 4, -445, 0, -455, 0, -434, 2, -437, 1, -437, 10, -443, 5, -443, 10, -452, 6, -461, 5, -466, 2, -477, 1, -477, 6, -479, 0, -486, 0, -562, 7, -568, 8, -577, 9, -582, 7, -589, 8, -589, 9, -590, 0, -599]
[0, -427, 5, -433, 4, -433, 3, -433, 3, -445, 4, -445, 10, -453, 10, -462, 5, -471, 0, -481, 0, -458, 6, -469, 6, -478, 0, -485, 0, -562, 7, -568, 8, -577, 9, -582, 7, -589, 8, -589, 9, -590, 0, -599, 0, -460, 2, -463, 1, -463, 2, -470, 1, -470, 0, -476]
[0, -427, 4, -433, 3, -433, 3, -445, 4, -445, 0, -455, 0, -562, 7, -568, 8, -577, 9, -582, 7, -589, 8, -589, 9, -590, 0, -599, 0, -434, 2, -437, 1, -437, 10, -443, 5, -443, 10, -452, 6, -461, 5, -466, 2, -477, 1, -477, 6, -479, 0, -486]
[0, -427, 5, -433, 4, -433, 3, -433, 3, -445, 4, -445, 10, -453, 10, -462, 6, -471, 5, -476, 6, -485, 0, -492, 0, -563, 8, -568, 9, -573, 7, -581, 7, -589, 8, -589, 9, -590, 0, -599, 0, -460, 2, -463, 1, -463, 2, -470, 1, -470, 0, -476]
[0, -427, 5, -433, 4, -433, 3, -433, 3, -445, 4, -445, 10, -453, 10, -462, 5, -471, 0, -481, 0, -458, 6, -469, 6, -478, 0, -485, 0, -562, 7, -568, 8, -577, 9, -582, 7, -589, 8, -589, 9, -590, 0, -599, 0, -460, 2, -463, 1, -463, 2, -470, 1, -470, 0, -476]
[0, -427, 4, -433, 3, -433, 3, -445, 4, -445, 0, -455, 0, -562, 7, -568, 8, -577, 9, -582, 7, -589, 8, -589, 9, -590, 0, -599, 0, -434, 2, -437, 1, -437, 10, -443, 5, -443, 10, -452, 6, -461, 5, -466, 2, -477, 1, -477, 6, -479, 0, -486]
[0, -427, 4, -433, 3, -433, 3, -445, 4, -445, 0, -455, 0, -562, 7, -568, 8, -577, 9, -582, 7, -589, 8, -589, 9, -590, 0, -599, 0, -434, 2, -437, 1, -437, 10, -443, 5, -443, 10, -452, 6, -461, 5, -466, 1, -477, 2, -477, 6, -479, 0, -486]
[0, -427, 10, -433, 3, -433, 4, -433, 4, -445, 3, -445, 5, -453, 6, -453, 10, -462, 5, -471, 6, -480, 0, -487, 0, -562, 7, -568, 8, -577, 9, -582, 7, -589, 8, -589, 9, -590, 0, -599, 0, -460, 1, -463, 2, -463, 1, -470, 2, -470, 0, -476]
[0, -427, 5, -433, 4, -433, 3, -433, 3, -445, 4, -445, 10, -453, 10, -462, 5, -471, 0, -481, 0, -458, 6, -469, 6, -478, 0, -485, 0, -562, 7, -568, 8, -577, 9, -582, 7, -589, 8, -589, 9, -590, 0, -599, 0, -460, 2, -463, 1, -463, 2, -470, 1, -470, 0, -476]
[0, -427, 5, -433, 4, -433, 3, -433, 3, -445, 4, -445, 10, -453, 10, -462, 6, -471, 5, -476, 6, -485, 0, -492, 0, -562, 7, -568, 8, -577, 9, -582, 7, -589, 8, -589, 9, -590, 0, -599, 0, -460, 2, -463, 1, -463, 2, -470, 1, -470, 0, -476]
[0, -427, 5, -433, 4, -433, 3, -433, 3, -445, 4, -445, 10, -453, 10, -462, 6, -471, 5, -476, 6, -485, 0, -492, 0, -460, 2, -463, 1, -463, 2, -470, 1, -470, 0, -476, 0, -562, 7, -568, 8, -577, 9, -582, 7, -589, 8, -589, 9, -590, 0, -599]
[0, -420, 5, -426, 4, -426, 3, -426, 6, -431, 3, -445, 4, -445, 10, -453, 10, -462, 5, -471, 6, -480, 0, -487, 0, -562, 7, -568, 8, -577, 9, -582, 7, -589, 8, -589, 9, -590, 0, -599, 0, -460, 2, -463, 1, -463, 2, -470, 1, -470, 0, -476]
[0, -427, 4, -433, 3, -433, 3, -445, 4, -445, 0, -455, 0, -562, 7, -568, 8, -577, 9, -582, 7, -589, 8, -589, 9, -590, 0, -599, 0, -434, 1, -437, 2, -437, 10, -443, 5, -443, 10, -452, 6, -461, 5, -466, 1, -477, 2, -477, 6, -479, 0, -486]
[0, -420, 5, -426, 4, -426, 3, -426, 6, -431, 3, -445, 4, -445, 10, -453, 10, -462, 5, -471, 6, -480, 0, -487, 0, -562, 7, -568, 8, -577, 9, -582, 7, -589, 8, -589, 9, -590, 0, -599, 0, -460, 2, -463, 1, -463, 2, -470, 1, -470, 0, -476]
