[0, -427, 5, -433, 4, -433, 3, -433, 3, -445, 4, -445, 10, -453, 10, -462, 5, -471, 0, -481, 0, -458, 6, -469, 6, -478, 0, -485, 0, -562, 7, -568, 8, -577, 9, -582, 7, -589, 8, -589, 9, -590, 0, -599, 0, -460, 2, -463, 1, -463, 2, -470, 1, -470, 0, -476]
[0, -427, 5, -433, 4, -433, 3, -433, 3, -445, 4, -445, 10, -453, 10, -462, 5, -471, 0, -481, 0, -458, 6, -469, 6, -478, 0, -485, 0, -562, 7, -568, 8, -577, 9, -582, 7, -589, 8, -589, 9, -590, 0, -599, 0, -460, 2, -463, 1, -463, 2, -470, 1, -470, 0, -476]
[0, -427, 5, -433, 4, -433, 3, -433, 3, -445, 4, -445, 10, -453, 10, -462, 5, -471, 0, -481, 0, -458, 6, -469, 6, -478, 0, -485, 0, -562, 7, -568, 8, -577, 9, -582, 7, -589, 8, -589, 9, -590, 0, -599, 0, -460, 2, -463, 1, -463, 2, -470, 1, -470, 0, -476]
[0, -427, 5, -433, 4, -433, 3, -433, 3, -445, 4, -445, 10, -453, 10, -462, 5, -471, 0, -481, 0, -458, 6, -469, 6, -478, 0, -485, 0, -562, 7, -568, 8, -577, 9, -582, 7, -589, 8, -589, 9, -590, 0, -599, 0, -460, 2, -463, 1, -463, 2, -470, 1, -470, 0, -476]
[0, -427, 5, -433, 4, -433, 3, -433, 3, -445, 4, -445, 10, -453, 10, -462, 5, -471, 0, -481, 0, -458, 6, -469, 6, -478, 0, -485, 0, -562, 7, -568, 8, -577, 9, -582, 7, -589, 8, -589, 9, -590, 0, -599, 0, -460, 2, -463, 1, -463, 2, -470, 1, -470, 0, -476]
[0, -427, 5, -433, 4, -433, 3, -433, 3, -445, 4, -445, 10, -453, 10, -462, 5, -471, 0, -481, 0, -458, 6, -469, 6, -478, 0, -485, 0, -562, 7, -568, 8, -577, 9, -582, 7, -589, 8, -589, 9, -590, 0, -599, 0, -460, 2, -463, 1, -463, 2, -470, 1, -470, 0, -476]
[0, -427, 5, -433, 4, -433, 3, -433, 3, -445, 4, -445, 10, -453, 10, -462, 5, -471, 0, -481, 0, -458, 6, -469, 6, -478, 0, -485, 0, -562, 7, -568, 8, -577, 9, -582, 7, -589, 8, -589, 9, -590, 0, -599, 0, -460, 2, -463, 1, -463, 2, -470, 1, -470, 0, -476]
[0, -427, 5, -433, 4, -433, 3, -433, 3, -445, 4, -445, 10, -453, 10, -462, 5, -471, 0, -481, 0, -458, 6, -469, 6, -478, 0, -485, 0, -562, 7, -568, 8, -577, 9, -582, 7, -589, 8, -589, 9, -590, 0, -599, 0, -460, 2, -463, 1, -463, 2, -470, 1, -470, 0, -476]
[0, -427, 5, -433, 4, -433, 3, -433, 3, -445, 4, -445, 10, -453, 10, -462, 5, -471, 0, -481, 0, -458, 6, -469, 6, -478, 0, -485, 0, -562, 7, -568, 8, -577, 9, -582, 7, -589, 8, -589, 9, -590, 0, -599, 0, -460, 2, -463, 1, -463, 2, -470, 1, -470, 0, -476]
[0, -427, 5, -433, 4, -433, 3, -433, 3, -445, 4, -445, 10, -453, 10, -462, 5, -471, 0, -481, 0, -458, 6, -469, 6, -478, 0, -485, 0, -562, 7, -568, 8, -577, 9, -582, 7, -589, 8, -589, 9, -590, 0, -599, 0, -460, 2, -463, 1, -463, 2, -470, 1, -470, 0, -476]
[0, -427, 5, -433, 4, -433, 3, -433, 3, -445, 4, -445, 10, -453, 10, -462, 5, -471, 0, -481, 0, -458, 6, -469, 6, -478, 0, -485, 0, -562, 7, -568, 8, -577, 9, -582, 7, -589, 8, -589, 9, -590, 0, -599, 0, -460, 2, -463, 1, -463, 2, -470, 1, -470, 0, -476]
[0, -427, 5, -433, 4, -433, 3, -433, 3, -445, 4, -445, 10, -453, 10, -462, 5, -471, 0, -481, 0, -458, 6, -469, 6, -478, 0, -485, 0, -562, 7, -568, 8, -577, 9, -582, 7, -589, 8, -589, 9, -590, 0, -599, 0, -460, 2, -463, 1, -463, 2, -470, 1, -470, 0, -476]
[0, -427, 5, -433, 4, -433, 3, -433, 3, -445, 4, -445, 10, -453, 10, -462, 5, -471, 0, -481, 0, -458, 6, -469, 6, -478, 0, -485, 0, -562, 7, -568, 8, -577, 9, -582, 7, -589, 8, -589, 9, -590, 0, -599, 0, -460, 2, -463, 1, -463, 2, -470, 1, -470, 0, -476]
[0, -427, 5, -433, 4, -433, 3, -433, 3, -445, 4, -445, 10, -453, 10, -462, 5, -471, 0, -481, 0, -458, 6, -469, 6, -478, 0, -485, 0, -562, 7, -568, 8, -577, 9, -582, 7, -589, 8, -589, 9, -590, 0, -599, 0, -460, 2, -463, 1, -463, 2, -470, 1, -470, 0, -476]
[0, -427, 5, -433, 4, -433, 3, -433, 3, -445, 4, -445, 10, -453, 10, -462, 5, -471, 0, -481, 0, -458, 6, -469, 6, -478, 0, -485, 0, -562, 7, -568, 8, -577, 9, -582, 7, -589, 8, -589, 9, -590, 0, -599, 0, -460, 2, -463, 1, -463, 2, -470, 1, -470, 0, -476]
[0, -427, 5, -433, 4, -433, 3, -433, 3, -445, 4, -445, 10, -453, 10, -462, 5, -471, 0, -481, 0, -458, 6, -469, 6, -478, 0, -485, 0, -562, 7, -568, 8, -577, 9, -582, 7, -589, 8, -589, 9, -590, 0, -599, 0, -460, 2, -463, 1, -463, 2, -470, 1, -470, 0, -476]
[0, -427, 5, -433, 4, -433, 3, -433, 3, -445, 4, -445, 10, -453, 10, -462, 5, -471, 0, -481, 0, -458, 6, -469, 6, -478, 0, -485, 0, -562, 7, -568, 8, -577, 9, -582, 7, -589, 8, -589, 9, -590, 0, -599, 0, -460, 2, -463, 1, -463, 2, -470, 1, -470, 0, -476]
[0, -427, 5, -433, 4, -433, 3, -433, 3, -445, 4, -445, 10, -453, 10, -462, 5, -471, 0, -481, 0, -458, 6, -469, 6, -478, 0, -485, 0, -562, 7, -568, 8, -577, 9, -582, 7, -589, 8, -589, 9, -590, 0, -599, 0, -460, 2, -463, 1, -463, 2, -470, 1, -470, 0, -476]
[0, -427, 5, -433, 4, -433, 3, -433, 3, -445, 4, -445, 10, -453, 10, -462, 5, -471, 0, -481, 0, -458, 6, -469, 6, -478, 0, -485, 0, -562, 7, -568, 8, -577, 9, -582, 7, -589, 8, -589, 9, -590, 0, -599, 0, -460, 2, -463, 1, -463, 2, -470, 1, -470, 0, -476]
[0, -427, 5, -433, 4, -433, 3, -433, 3, -445, 4, -445, 10, -453, 10, -462, 5, -471, 0, -481, 0, -458, 6, -469, 6, -478, 0, -485, 0, -562, 7, -568, 8, -577, 9, -582, 7, -589, 8, -589, 9, -590, 0, -599, 0, -460, 2, -463, 1, -463, 2, -470, 1, -470, 0, -476]
[0, -427, 5, -433, 4, -433, 3, -433, 3, -445, 4, -445, 10, -453, 10, -462, 5, -471, 0, -481, 0, -458, 6, -469, 6, -478, 0, -485, 0, -562, 7, -568, 8, -577, 9, -582, 7, -589, 8, -589, 9, -590, 0, -599, 0, -460, 2, -463, 1, -463, 2, -470, 1, -470, 0, -476]
[0, -427, 5, -433, 4, -433, 3, -433, 3, -445, 4, -445, 10, -453, 10, -462, 5, -471, 0, -481, 0, -458, 6, -469, 6, -478, 0, -485, 0, -562, 7, -568, 8, -577, 9, -582, 7, -589, 8, -589, 9, -590, 0, -599, 0, -460, 2, -463, 1, -463, 2, -470, 1, -470, 0, -476]
[0, -427, 5, -433, 4, -433, 3, -433, 3, -445, 4, -445, 10, -453, 10, -462, 5, -471, 0, -481, 0, -458, 6, -469, 6, -478, 0, -485, 0, -562, 7, -568, 8, -577, 9, -582, 7, -589, 8, -589, 9, -590, 0, -599, 0, -460, 2, -463, 1, -463, 2, -470, 1, -470, 0, -476]
[0, -427, 5, -433, 4, -433, 3, -433, 3, -445, 4, -445, 10, -453, 10, -462, 5, -471, 0, -481, 0, -458, 6, -469, 6, -478, 0, -485, 0, -562, 7, -568, 8, -577, 9, -582, 7, -589, 8, -589, 9, -590, 0, -599, 0, -460, 2, -463, 1, -463, 2, -470, 1, -470, 0, -476]
[0, -427, 5, -433, 4, -433, 3, -433, 3, -445, 4, -445, 10, -453, 10, -462, 5, -471, 0, -481, 0, -458, 6, -469, 6, -478, 0, -485, 0, -562, 7, -568, 8, -577, 9, -582, 7, -589, 8, -589, 9, -590, 0, -599, 0, -460, 2, -463, 1, -463, 2, -470, 1, -470, 0, -476]
[0, -427, 5, -433, 4, -433, 3, -433, 3, -445, 4, -445, 10, -453, 10, -462, 5, -471, 0, -481, 0, -458, 6, -469, 6, -478, 0, -485, 0, -562, 7, -568, 8, -577, 9, -582, 7, -589, 8, -589, 9, -590, 0, -599, 0, -460, 2, -463, 1, -463, 2, -470, 1, -470, 0, -476]
[0, -427, 5, -433, 4, -433, 3, -433, 3, -445, 4, -445, 10, -453, 10, -462, 5, -471, 0, -481, 0, -458, 6, -469, 6, -478, 0, -485, 0, -562, 7, -568, 8, -577, 9, -582, 7, -589, 8, -589, 9, -590, 0, -599, 0, -460, 2, -463, 1, -463, 2, -470, 1, -470, 0, -476]
[0, -427, 5, -433, 4, -433, 3, -433, 3, -445, 4, -445, 10, -453, 10, -462, 5, -471, 0, -481, 0, -458, 6, -469, 6, -478, 0, -485, 0, -562, 7, -568, 8, -577, 9, -582, 7, -589, 8, -589, 9, -590, 0, -599, 0, -460, 2, -463, 1, -463, 2, -470, 1, -470, 0, -476]
[0, -427, 5, -433, 4, -433, 3, -433, 3, -445, 4, -445, 10, -453, 10, -462, 5, -471, 0, -481, 0, -458, 6, -469, 6, -478, 0, -485, 0, -562, 7, -568, 8, -577, 9, -582, 7, -589, 8, -589, 9, -590, 0, -599, 0, -460, 2, -463, 1, -463, 2, -470, 1, -470, 0, -476]
[0, -427, 5, -433, 4, -433, 3, -433, 3, -445, 4, -445, 10, -453, 10, -462, 5, -471, 0, -481, 0, -458, 6, -469, 6, -478, 0, -485, 0, -562, 7, -568, 8, -577, 9, -582, 7, -589, 8, -589, 9, -590, 0, -599, 0, -460, 2, -463, 1, -463, 2, -470, 1, -470, 0, -476]
[0, -427, 5, -433, 4, -433, 3, -433, 3, -445, 4, -445, 10, -453, 10, -462, 5, -471, 0, -481, 0, -458, 6, -469, 6, -478, 0, -485, 0, -562, 7, -568, 8, -577, 9, -582, 7, -589, 8, -589, 9, -590, 0, -599, 0, -460, 2, -463, 1, -463, 2, -470, 1, -470, 0, -476]
[0, -427, 5, -433, 4, -433, 3, -433, 3, -445, 4, -445, 10, -453, 10, -462, 5, -471, 0, -481, 0, -458, 6, -469, 6, -478, 0, -485, 0, -562, 7, -568, 8, -577, 9, -582, 7, -589, 8, -589, 9, -590, 0, -599, 0, -460, 2, -463, 1, -463, 2, -470, 1, -470, 0, -476]
[0, -427, 5, -433, 4, -433, 3, -433, 3, -445, 4, -445, 10, -453, 10, -462, 5, -471, 0, -481, 0, -458, 6, -469, 6, -478, 0, -485, 0, -562, 7, -568, 8, -577, 9, -582, 7, -589, 8, -589, 9, -590, 0, -599, 0, -460, 2, -463, 1, -463, 2, -470, 1, -470, 0, -476]
[0, -427, 5, -433, 4, -433, 3, -433, 3, -445, 4, -445, 10, -453, 10, -462, 5, -471, 0, -481, 0, -458, 6, -469, 6, -478, 0, -485, 0, -562, 7, -568, 8, -577, 9, -582, 7, -589, 8, -589, 9, -590, 0, -599, 0, -460, 2, -463, 1, -463, 2, -470, 1, -470, 0, -476]
[0, -427, 5, -433, 4, -433, 3, -433, 3, -445, 4, -445, 10, -453, 10, -462, 5, -471, 0, -481, 0, -458, 6, -469, 6, -478, 0, -485, 0, -562, 7, -568, 8, -577, 9, -582, 7, -589, 8, -589, 9, -590, 0, -599, 0, -460, 2, -463, 1, -463, 2, -470, 1, -470, 0, -476]
[0, -427, 5, -433, 4, -433, 3, -433, 3, -445, 4, -445, 10, -453, 10, -462, 5, -471, 0, -481, 0, -458, 6, -469, 6, -478, 0, -485, 0, -562, 7, -568, 8, -577, 9, -582, 7, -589, 8, -589, 9, -590, 0, -599, 0, -460, 2, -463, 1, -463, 2, -470, 1, -470, 0, -476]
[0, -427, 5, -433, 4, -433, 3, -433, 3, -445, 4, -445, 10, -453, 10, -462, 5, -471, 0, -481, 0, -458, 6, -469, 6, -478, 0, -485, 0, -562, 7, -568, 8, -577, 9, -582, 7, -589, 8, -589, 9, -590, 0, -599, 0, -460, 2, -463, 1, -463, 2, -470, 1, -470, 0, -476]
[0, -427, 5, -433, 4, -433, 3, -433, 3, -445, 4, -445, 10, -453, 10, -462, 5, -471, 0, -481, 0, -458, 6, -469, 6, -478, 0, -485, 0, -562, 7, -568, 8, -577, 9, -582, 7, -589, 8, -589, 9, -590, 0, -599, 0, -460, 2, -463, 1, -463, 2, -470, 1, -470, 0, -476]
[0, -427, 5, -433, 4, -433, 3, -433, 3, -445, 4, -445, 10, -453, 10, -462, 5, -471, 0, -481, 0, -458, 6, -469, 6, -478, 0, -485, 0, -562, 7, -568, 8, -577, 9, -582, 7, -589, 8, -589, 9, -590, 0, -599, 0, -460, 2, -463, 1, -463, 2, -470, 1, -470, 0, -476]
[0, -427, 5, -433, 4, -433, 3, -433, 3, -445, 4, -445, 10, -453, 10, -462, 5, -471, 0, -481, 0, -458, 6, -469, 6, -478, 0, -485, 0, -562, 7, -568, 8, -577, 9, -582, 7, -589, 8, -589, 9, -590, 0, -599, 0, -460, 2, -463, 1, -463, 2, -470, 1, -470, 0, -476]
[0, -427, 5, -433, 4, -433, 3, -433, 3, -445, 4, -445, 10, -453, 10, -462, 5, -471, 0, -481, 0, -458, 6, -469, 6, -478, 0, -485, 0, -562, 7, -568, 8, -577, 9, -582, 7, -589, 8, -589, 9, -590, 0, -599, 0, -460, 2, -463, 1, -463, 2, -470, 1, -470, 0, -476]
[0, -427, 5, -433, 4, -433, 3, -433, 3, -445, 4, -445, 10, -453, 10, -462, 5, -471, 0, -481, 0, -458, 6, -469, 6, -478, 0, -485, 0, -562, 7, -568, 8, -577, 9, -582, 7, -589, 8, -589, 9, -590, 0, -599, 0, -460, 2, -463, 1, -463, 2, -470, 1, -470, 0, -476]
[0, -427, 5, -433, 4, -433, 3, -433, 3, -445, 4, -445, 10, -453, 10, -462, 5, -471, 0, -481, 0, -458, 6, -469, 6, -478, 0, -485, 0, -562, 7, -568, 8, -577, 9, -582, 7, -589, 8, -589, 9, -590, 0, -599, 0, -460, 2, -463, 1, -463, 2, -470, 1, -470, 0, -476]
[0, -427, 5, -433, 4, -433, 3, -433, 3, -445, 4, -445, 10, -453, 10, -462, 5, -471, 0, -481, 0, -458, 6, -469, 6, -478, 0, -485, 0, -562, 7, -568, 8, -577, 9, -582, 7, -589, 8, -589, 9, -590, 0, -599, 0, -460, 2, -463, 1, -463, 2, -470, 1, -470, 0, -476]
[0, -427, 5, -433, 4, -433, 3, -433, 3, -445, 4, -445, 10, -453, 10, -462, 5, -471, 0, -481, 0, -458, 6, -469, 6, -478, 0, -485, 0, -562, 7, -568, 8, -577, 9, -582, 7, -589, 8, -589, 9, -590, 0, -599, 0, -460, 2, -463, 1, -463, 2, -470, 1, -470, 0, -476]
[0, -427, 5, -433, 4, -433, 3, -433, 3, -445, 4, -445, 10, -453, 10, -462, 5, -471, 0, -481, 0, -458, 6, -469, 6, -478, 0, -485, 0, -562, 7, -568, 8, -577, 9, -582, 7, -589, 8, -589, 9, -590, 0, -599, 0, -460, 2, -463, 1, -463, 2, -470, 1, -470, 0, -476]
[0, -427, 5, -433, 4, -433, 3, -433, 3, -445, 4, -445, 10, -453, 10, -462, 5, -471, 0, -481, 0, -458, 6, -469, 6, -478, 0, -485, 0, -562, 7, -568, 8, -577, 9, -582, 7, -589, 8, -589, 9, -590, 0, -599, 0, -460, 2, -463, 1, -463, 2, -470, 1, -470, 0, -476]
[0, -427, 5, -433, 4, -433, 3, -433, 3, -445, 4, -445, 10, -453, 10, -462, 5, -471, 0, -481, 0, -458, 6, -469, 6, -478, 0, -485, 0, -562, 7, -568, 8, -577, 9, -582, 7, -589, 8, -589, 9, -590, 0, -599, 0, -460, 2, -463, 1, -463, 2, -470, 1, -470, 0, -476]
[0, -427, 5, -433, 4, -433, 3, -433, 3, -445, 4, -445, 10, -453, 10, -462, 5, -471, 0, -481, 0, -458, 6, -469, 6, -478, 0, -485, 0, -562, 7, -568, 8, -577, 9, -582, 7, -589, 8, -589, 9, -590, 0, -599, 0, -460, 2, -463, 1, -463, 2, -470, 1, -470, 0, -476]
[0, -427, 5, -433, 4, -433, 3, -433, 3, -445, 4, -445, 10, -453, 10, -462, 5, -471, 0, -481, 0, -458, 6, -469, 6, -478, 0, -485, 0, -562, 7, -568, 8, -577, 9, -582, 7, -589, 8, -589, 9, -590, 0, -599, 0, -460, 2, -463, 1, -463, 2, -470, 1, -470, 0, -476]
[0, -427, 5, -433, 4, -433, 3, -433, 3, -445, 4, -445, 10, -453, 10, -462, 5, -471, 0, -481, 0, -458, 6, -469, 6, -478, 0, -485, 0, -562, 7, -568, 8, -577, 9, -582, 7, -589, 8, -589, 9, -590, 0, -599, 0, -460, 2, -463, 1, -463, 2, -470, 1, -470, 0, -476]
[0, -427, 5, -433, 4, -433, 3, -433, 3, -445, 4, -445, 10, -453, 10, -462, 5, -471, 0, -481, 0, -458, 6, -469, 6, -478, 0, -485, 0, -562, 7, -568, 8, -577, 9, -582, 7, -589, 8, -589, 9, -590, 0, -599, 0, -460, 2, -463, 1, -463, 2, -470, 1, -470, 0, -476]
[0, -427, 5, -433, 4, -433, 3, -433, 3, -445, 4, -445, 10, -453, 10, -462, 5, -471, 0, -481, 0, -458, 6, -469, 6, -478, 0, -485, 0, -562, 7, -568, 8, -577, 9, -582, 7, -589, 8, -589, 9, -590, 0, -599, 0, -460, 2, -463, 1, -463, 2, -470, 1, -470, 0, -476]
[0, -427, 5, -433, 4, -433, 3, -433, 3, -445, 4, -445, 10, -453, 10, -462, 5, -471, 0, -481, 0, -458, 6, -469, 6, -478, 0, -485, 0, -562, 7, -568, 8, -577, 9, -582, 7, -589, 8, -589, 9, -590, 0, -599, 0, -460, 2, -463, 1, -463, 2, -470, 1, -470, 0, -476]
[0, -427, 5, -433, 4, -433, 3, -433, 3, -445, 4, -445, 10, -453, 10, -462, 5, -471, 0, -481, 0, -458, 6, -469, 6, -478, 0, -485, 0, -562, 7, -568, 8, -577, 9, -582, 7, -589, 8, -589, 9, -590, 0, -599, 0, -460, 2, -463, 1, -463, 2, -470, 1, -470, 0, -476]
[0, -427, 5, -433, 4, -433, 3, -433, 3, -445, 4, -445, 10, -453, 10, -462, 5, -471, 0, -481, 0, -458, 6, -469, 6, -478, 0, -485, 0, -562, 7, -568, 8, -577, 9, -582, 7, -589, 8, -589, 9, -590, 0, -599, 0, -460, 2, -463, 1, -463, 2, -470, 1, -470, 0, -476]
[0, -427, 5, -433, 4, -433, 3, -433, 3, -445, 4, -445, 10, -453, 10, -462, 5, -471, 0, -481, 0, -458, 6, -469, 6, -478, 0, -485, 0, -562, 7, -568, 8, -577, 9, -582, 7, -589, 8, -589, 9, -590, 0, -599, 0, -460, 2, -463, 1, -463, 2, -470, 1, -470, 0, -476]
[0, -427, 5, -433, 4, -433, 3, -433, 3, -445, 4, -445, 10, -453, 10, -462, 5, -471, 0, -481, 0, -458, 6, -469, 6, -478, 0, -485, 0, -562, 7, -568, 8, -577, 9, -582, 7, -589, 8, -589, 9, -590, 0, -599, 0, -460, 2, -463, 1, -463, 2, -470, 1, -470, 0, -476]
[0, -427, 5, -433, 4, -433, 3, -433, 3, -445, 4, -445, 10, -453, 10, -462, 5, -471, 0, -481, 0, -458, 6, -469, 6, -478, 0, -485, 0, -562, 7, -568, 8, -577, 9, -582, 7, -589, 8, -589, 9, -590, 0, -599, 0, -460, 2, -463, 1, -463, 2, -470, 1, -470, 0, -476]
[0, -427, 5, -433, 4, -433, 3, -433, 3, -445, 4, -445, 10, -453, 10, -462, 5, -471, 0, -481, 0, -458, 6, -469, 6, -478, 0, -485, 0, -562, 7, -568, 8, -577, 9, -582, 7, -589, 8, -589, 9, -590, 0, -599, 0, -460, 2, -463, 1, -463, 2, -470, 1, -470, 0, -476]
[0, -427, 5, -433, 4, -433, 3, -433, 3, -445, 4, -445, 10, -453, 10, -462, 5, -471, 0, -481, 0, -458, 6, -469, 6, -478, 0, -485, 0, -562, 7, -568, 8, -577, 9, -582, 7, -589, 8, -589, 9, -590, 0, -599, 0, -460, 2, -463, 1, -463, 2, -470, 1, -470, 0, -476]
[0, -427, 5, -433, 4, -433, 3, -433, 3, -445, 4, -445, 10, -453, 10, -462, 5, -471, 0, -481, 0, -458, 6, -469, 6, -478, 0, -485, 0, -562, 7, -568, 8, -577, 9, -582, 7, -589, 8, -589, 9, -590, 0, -599, 0, -460, 2, -463, 1, -463, 2, -470, 1, -470, 0, -476]
[0, -427, 5, -433, 4, -433, 3, -433, 3, -445, 4, -445, 10, -453, 10, -462, 5, -471, 0, -481, 0, -458, 6, -469, 6, -478, 0, -485, 0, -562, 7, -568, 8, -577, 9, -582, 7, -589, 8, -589, 9, -590, 0, -599, 0, -460, 2, -463, 1, -463, 2, -470, 1, -470, 0, -476]
[0, -427, 5, -433, 4, -433, 3, -433, 3, -445, 4, -445, 10, -453, 10, -462, 5, -471, 0, -481, 0, -458, 6, -469, 6, -478, 0, -485, 0, -562, 7, -568, 8, -577, 9, -582, 7, -589, 8, -589, 9, -590, 0, -599, 0, -460, 2, -463, 1, -463, 2, -470, 1, -470, 0, -476]
[0, -427, 5, -433, 4, -433, 3, -433, 3, -445, 4, -445, 10, -453, 10, -462, 5, -471, 0, -481, 0, -458, 6, -469, 6, -478, 0, -485, 0, -562, 7, -568, 8, -577, 9, -582, 7, -589, 8, -589, 9, -590, 0, -599, 0, -460, 2, -463, 1, -463, 2, -470, 1, -470, 0, -476]
[0, -427, 5, -433, 4, -433, 3, -433, 3, -445, 4, -445, 10, -453, 10, -462, 5, -471, 0, -481, 0, -458, 6, -469, 6, -478, 0, -485, 0, -562, 7, -568, 8, -577, 9, -582, 7, -589, 8, -589, 9, -590, 0, -599, 0, -460, 2, -463, 1, -463, 2, -470, 1, -470, 0, -476]
[0, -427, 5, -433, 4, -433, 3, -433, 3, -445, 4, -445, 10, -453, 10, -462, 5, -471, 0, -481, 0, -458, 6, -469, 6, -478, 0, -485, 0, -562, 7, -568, 8, -577, 9, -582, 7, -589, 8, -589, 9, -590, 0, -599, 0, -460, 2, -463, 1, -463, 2, -470, 1, -470, 0, -476]
[0, -427, 5, -433, 4, -433, 3, -433, 3, -445, 4, -445, 10, -453, 10, -462, 5, -471, 0, -481, 0, -458, 6, -469, 6, -478, 0, -485, 0, -562, 7, -568, 8, -577, 9, -582, 7, -589, 8, -589, 9, -590, 0, -599, 0, -460, 2, -463, 1, -463, 2, -470, 1, -470, 0, -476]
[0, -427, 5, -433, 4, -433, 3, -433, 3, -445, 4, -445, 10, -453, 10, -462, 5, -471, 0, -481, 0, -458, 6, -469, 6, -478, 0, -485, 0, -562, 7, -568, 8, -577, 9, -582, 7, -589, 8, -589, 9, -590, 0, -599, 0, -460, 2, -463, 1, -463, 2, -470, 1, -470, 0, -476]
[0, -427, 5, -433, 4, -433, 3, -433, 3, -445, 4, -445, 10, -453, 10, -462, 5, -471, 0, -481, 0, -458, 6, -469, 6, -478, 0, -485, 0, -562, 7, -568, 8, -577, 9, -582, 7, -589, 8, -589, 9, -590, 0, -599, 0, -460, 2, -463, 1, -463, 2, -470, 1, -470, 0, -476]
[0, -427, 5, -433, 4, -433, 3, -433, 3, -445, 4, -445, 10, -453, 10, -462, 5, -471, 0, -481, 0, -458, 6, -469, 6, -478, 0, -485, 0, -562, 7, -568, 8, -577, 9, -582, 7, -589, 8, -589, 9, -590, 0, -599, 0, -460, 2, -463, 1, -463, 2, -470, 1, -470, 0, -476]
[0, -427, 5, -433, 4, -433, 3, -433, 3, -445, 4, -445, 10, -453, 10, -462, 5, -471, 0, -481, 0, -458, 6, -469, 6, -478, 0, -485, 0, -562, 7, -568, 8, -577, 9, -582, 7, -589, 8, -589, 9, -590, 0, -599, 0, -460, 2, -463, 1, -463, 2, -470, 1, -470, 0, -476]
[0, -427, 5, -433, 4, -433, 3, -433, 3, -445, 4, -445, 10, -453, 10, -462, 5, -471, 0, -481, 0, -458, 6, -469, 6, -478, 0, -485, 0, -562, 7, -568, 8, -577, 9, -582, 7, -589, 8, -589, 9, -590, 0, -599, 0, -460, 2, -463, 1, -463, 2, -470, 1, -470, 0, -476]
[0, -427, 5, -433, 4, -433, 3, -433, 3, -445, 4, -445, 10, -453, 10, -462, 5, -471, 0, -481, 0, -458, 6, -469, 6, -478, 0, -485, 0, -562, 7, -568, 8, -577, 9, -582, 7, -589, 8, -589, 9, -590, 0, -599, 0, -460, 2, -463, 1, -463, 2, -470, 1, -470, 0, -476]
[0, -427, 5, -433, 4, -433, 3, -433, 3, -445, 4, -445, 10, -453, 10, -462, 5, -471, 0, -481, 0, -458, 6, -469, 6, -478, 0, -485, 0, -562, 7, -568, 8, -577, 9, -582, 7, -589, 8, -589, 9, -590, 0, -599, 0, -460, 2, -463, 1, -463, 2, -470, 1, -470, 0, -476]
[0, -427, 5, -433, 4, -433, 3, -433, 3, -445, 4, -445, 10, -453, 10, -462, 5, -471, 0, -481, 0, -458, 6, -469, 6, -478, 0, -485, 0, -562, 7, -568, 8, -577, 9, -582, 7, -589, 8, -589, 9, -590, 0, -599, 0, -460, 2, -463, 1, -463, 2, -470, 1, -470, 0, -476]
[0, -427, 5, -433, 4, -433, 3, -433, 3, -445, 4, -445, 10, -453, 10, -462, 5, -471, 0, -481, 0, -458, 6, -469, 6, -478, 0, -485, 0, -562, 7, -568, 8, -577, 9, -582, 7, -589, 8, -589, 9, -590, 0, -599, 0, -460, 2, -463, 1, -463, 2, -470, 1, -470, 0, -476]
[0, -427, 5, -433, 4, -433, 3, -433, 3, -445, 4, -445, 10, -453, 10, -462, 5, -471, 0, -481, 0, -458, 6, -469, 6, -478, 0, -485, 0, -562, 7, -568, 8, -577, 9, -582, 7, -589, 8, -589, 9, -590, 0, -599, 0, -460, 2, -463, 1, -463, 2, -470, 1, -470, 0, -476]
[0, -427, 5, -433, 4, -433, 3, -433, 3, -445, 4, -445, 10, -453, 10, -462, 5, -471, 0, -481, 0, -458, 6, -469, 6, -478, 0, -485, 0, -562, 7, -568, 8, -577, 9, -582, 7, -589, 8, -589, 9, -590, 0, -599, 0, -460, 2, -463, 1, -463, 2, -470, 1, -470, 0, -476]
[0, -427, 5, -433, 4, -433, 3, -433, 3, -445, 4, -445, 10, -453, 10, -462, 5, -471, 0, -481, 0, -458, 6, -469, 6, -478, 0, -485, 0, -562, 7, -568, 8, -577, 9, -582, 7, -589, 8, -589, 9, -590, 0, -599, 0, -460, 2, -463, 1, -463, 2, -470, 1, -470, 0, -476]
[0, -427, 5, -433, 4, -433, 3, -433, 3, -445, 4, -445, 10, -453, 10, -462, 5, -471, 0, -481, 0, -458, 6, -469, 6, -478, 0, -485, 0, -562, 7, -568, 8, -577, 9, -582, 7, -589, 8, -589, 9, -590, 0, -599, 0, -460, 2, -463, 1, -463, 2, -470, 1, -470, 0, -476]
[0, -427, 5, -433, 4, -433, 3, -433, 3, -445, 4, -445, 10, -453, 10, -462, 5, -471, 0, -481, 0, -458, 6, -469, 6, -478, 0, -485, 0, -562, 7, -568, 8, -577, 9, -582, 7, -589, 8, -589, 9, -590, 0, -599, 0, -460, 2, -463, 1, -463, 2, -470, 1, -470, 0, -476]
[0, -427, 5, -433, 4, -433, 3, -433, 3, -445, 4, -445, 10, -453, 10, -462, 5, -471, 0, -481, 0, -458, 6, -469, 6, -478, 0, -485, 0, -562, 7, -568, 8, -577, 9, -582, 7, -589, 8, -589, 9, -590, 0, -599, 0, -460, 2, -463, 1, -463, 2, -470, 1, -470, 0, -476]
[0, -427, 5, -433, 4, -433, 3, -433, 3, -445, 4, -445, 10, -453, 10, -462, 5, -471, 0, -481, 0, -458, 6, -469, 6, -478, 0, -485, 0, -562, 7, -568, 8, -577, 9, -582, 7, -589, 8, -589, 9, -590, 0, -599, 0, -460, 2, -463, 1, -463, 2, -470, 1, -470, 0, -476]
[0, -427, 5, -433, 4, -433, 3, -433, 3, -445, 4, -445, 10, -453, 10, -462, 5, -471, 0, -481, 0, -458, 6, -469, 6, -478, 0, -485, 0, -562, 7, -568, 8, -577, 9, -582, 7, -589, 8, -589, 9, -590, 0, -599, 0, -460, 2, -463, 1, -463, 2, -470, 1, -470, 0, -476]
[0, -427, 5, -433, 4, -433, 3, -433, 3, -445, 4, -445, 10, -453, 10, -462, 5, -471, 0, -481, 0, -458, 6, -469, 6, -478, 0, -485, 0, -562, 7, -568, 8, -577, 9, -582, 7, -589, 8, -589, 9, -590, 0, -599, 0, -460, 2, -463, 1, -463, 2, -470, 1, -470, 0, -476]
[0, -427, 5, -433, 4, -433, 3, -433, 3, -445, 4, -445, 10, -453, 10, -462, 5, -471, 0, -481, 0, -458, 6, -469, 6, -478, 0, -485, 0, -562, 7, -568, 8, -577, 9, -582, 7, -589, 8, -589, 9, -590, 0, -599, 0, -460, 2, -463, 1, -463, 2, -470, 1, -470, 0, -476]
[0, -427, 5, -433, 4, -433, 3, -433, 3, -445, 4, -445, 10, -453, 10, -462, 5, -471, 0, -481, 0, -458, 6, -469, 6, -478, 0, -485, 0, -562, 7, -568, 8, -577, 9, -582, 7, -589, 8, -589, 9, -590, 0, -599, 0, -460, 2, -463, 1, -463, 2, -470, 1, -470, 0, -476]
[0, -427, 5, -433, 4, -433, 3, -433, 3, -445, 4, -445, 10, -453, 10, -462, 5, -471, 0, -481, 0, -458, 6, -469, 6, -478, 0, -485, 0, -562, 7, -568, 8, -577, 9, -582, 7, -589, 8, -589, 9, -590, 0, -599, 0, -460, 2, -463, 1, -463, 2, -470, 1, -470, 0, -476]
[0, -427, 5, -433, 4, -433, 3, -433, 3, -445, 4, -445, 10, -453, 10, -462, 5, -471, 0, -481, 0, -458, 6, -469, 6, -478, 0, -485, 0, -562, 7, -568, 8, -577, 9, -582, 7, -589, 8, -589, 9, -590, 0, -599, 0, -460, 2, -463, 1, -463, 2, -470, 1, -470, 0, -476]
[0, -427, 5, -433, 4, -433, 3, -433, 3, -445, 4, -445, 10, -453, 10, -462, 5, -471, 0, -481, 0, -458, 6, -469, 6, -478, 0, -485, 0, -562, 7, -568, 8, -577, 9, -582, 7, -589, 8, -589, 9, -590, 0, -599, 0, -460, 2, -463, 1, -463, 2, -470, 1, -470, 0, -476]
[0, -427, 5, -433, 4, -433, 3, -433, 3, -445, 4, -445, 10, -453, 10, -462, 5, -471, 0, -481, 0, -458, 6, -469, 6, -478, 0, -485, 0, -562, 7, -568, 8, -577, 9, -582, 7, -589, 8, -589, 9, -590, 0, -599, 0, -460, 2, -463, 1, -463, 2, -470, 1, -470, 0, -476]
[0, -427, 5, -433, 4, -433, 3, -433, 3, -445, 4, -445, 10, -453, 10, -462, 5, -471, 0, -481, 0, -458, 6, -469, 6, -478, 0, -485, 0, -562, 7, -568, 8, -577, 9, -582, 7, -589, 8, -589, 9, -590, 0, -599, 0, -460, 2, -463, 1, -463, 2, -470, 1, -470, 0, -476]
[0, -427, 5, -433, 4, -433, 3, -433, 3, -445, 4, -445, 10, -453, 10, -462, 5, -471, 0, -481, 0, -458, 6, -469, 6, -478, 0, -485, 0, -562, 7, -568, 8, -577, 9, -582, 7, -589, 8, -589, 9, -590, 0, -599, 0, -460, 2, -463, 1, -463, 2, -470, 1, -470, 0, -476]
[0, -427, 5, -433, 4, -433, 3, -433, 3, -445, 4, -445, 10, -453, 10, -462, 5, -471, 0, -481, 0, -458, 6, -469, 6, -478, 0, -485, 0, -562, 7, -568, 8, -577, 9, -582, 7, -589, 8, -589, 9, -590, 0, -599, 0, -460, 2, -463, 1, -463, 2, -470, 1, -470, 0, -476]
[0, -427, 5, -433, 4, -433, 3, -433, 3, -445, 4, -445, 10, -453, 10, -462, 5, -471, 0, -481, 0, -458, 6, -469, 6, -478, 0, -485, 0, -562, 7, -568, 8, -577, 9, -582, 7, -589, 8, -589, 9, -590, 0, -599, 0, -460, 2, -463, 1, -463, 2, -470, 1, -470, 0, -476]
[0, -427, 5, -433, 4, -433, 3, -433, 3, -445, 4, -445, 10, -453, 10, -462, 5, -471, 0, -481, 0, -458, 6, -469, 6, -478, 0, -485, 0, -562, 7, -568, 8, -577, 9, -582, 7, -589, 8, -589, 9, -590, 0, -599, 0, -460, 2, -463, 1, -463, 2, -470, 1, -470, 0, -476]
[0, -427, 5, -433, 4, -433, 3, -433, 3, -445, 4, -445, 10, -453, 10, -462, 5, -471, 0, -481, 0, -458, 6, -469, 6, -478, 0, -485, 0, -562, 7, -568, 8, -577, 9, -582, 7, -589, 8, -589, 9, -590, 0, -599, 0, -460, 2, -463, 1, -463, 2, -470, 1, -470, 0, -476]
[0, -427, 5, -433, 4, -433, 3, -433, 3, -445, 4, -445, 10, -453, 10, -462, 5, -471, 0, -481, 0, -458, 6, -469, 6, -478, 0, -485, 0, -562, 7, -568, 8, -577, 9, -582, 7, -589, 8, -589, 9, -590, 0, -599, 0, -460, 2, -463, 1, -463, 2, -470, 1, -470, 0, -476]
[0, -427, 5, -433, 4, -433, 3, -433, 3, -445, 4, -445, 10, -453, 10, -462, 5, -471, 0, -481, 0, -458, 6, -469, 6, -478, 0, -485, 0, -562, 7, -568, 8, -577, 9, -582, 7, -589, 8, -589, 9, -590, 0, -599, 0, -460, 2, -463, 1, -463, 2, -470, 1, -470, 0, -476]
[0, -427, 5, -433, 4, -433, 3, -433, 3, -445, 4, -445, 10, -453, 10, -462, 5, -471, 0, -481, 0, -458, 6, -469, 6, -478, 0, -485, 0, -562, 7, -568, 8, -577, 9, -582, 7, -589, 8, -589, 9, -590, 0, -599, 0, -460, 2, -463, 1, -463, 2, -470, 1, -470, 0, -476]
[0, -427, 5, -433, 4, -433, 3, -433, 3, -445, 4, -445, 10, -453, 10, -462, 5, -471, 0, -481, 0, -458, 6, -469, 6, -478, 0, -485, 0, -562, 7, -568, 8, -577, 9, -582, 7, -589, 8, -589, 9, -590, 0, -599, 0, -460, 2, -463, 1, -463, 2, -470, 1, -470, 0, -476]
[0, -427, 5, -433, 4, -433, 3, -433, 3, -445, 4, -445, 10, -453, 10, -462, 5, -471, 0, -481, 0, -458, 6, -469, 6, -478, 0, -485, 0, -562, 7, -568, 8, -577, 9, -582, 7, -589, 8, -589, 9, -590, 0, -599, 0, -460, 2, -463, 1, -463, 2, -470, 1, -470, 0, -476]
[0, -427, 5, -433, 4, -433, 3, -433, 3, -445, 4, -445, 10, -453, 10, -462, 5, -471, 0, -481, 0, -458, 6, -469, 6, -478, 0, -485, 0, -562, 7, -568, 8, -577, 9, -582, 7, -589, 8, -589, 9, -590, 0, -599, 0, -460, 2, -463, 1, -463, 2, -470, 1, -470, 0, -476]
[0, -427, 5, -433, 4, -433, 3, -433, 3, -445, 4, -445, 10, -453, 10, -462, 5, -471, 0, -481, 0, -458, 6, -469, 6, -478, 0, -485, 0, -562, 7, -568, 8, -577, 9, -582, 7, -589, 8, -589, 9, -590, 0, -599, 0, -460, 2, -463, 1, -463, 2, -470, 1, -470, 0, -476]
[0, -427, 5, -433, 4, -433, 3, -433, 3, -445, 4, -445, 10, -453, 10, -462, 5, -471, 0, -481, 0, -458, 6, -469, 6, -478, 0, -485, 0, -562, 7, -568, 8, -577, 9, -582, 7, -589, 8, -589, 9, -590, 0, -599, 0, -460, 2, -463, 1, -463, 2, -470, 1, -470, 0, -476]
[0, -427, 5, -433, 4, -433, 3, -433, 3, -445, 4, -445, 10, -453, 10, -462, 5, -471, 0, -481, 0, -458, 6, -469, 6, -478, 0, -485, 0, -562, 7, -568, 8, -577, 9, -582, 7, -589, 8, -589, 9, -590, 0, -599, 0, -460, 2, -463, 1, -463, 2, -470, 1, -470, 0, -476]
[0, -433, 5, -439, 4, -439, 3, -439, 10, -439, 3, -451, 10, -452, 4, -457, 6, -467, 5, -472, 6, -481, 0, -488, 0, -562, 7, -568, 8, -577, 9, -582, 7, -589, 8, -589, 9, -590, 0, -599, 0, -460, 2, -463, 1, -463, 2, -470, 1, -470, 0, -476]
[0, -433, 5, -439, 4, -439, 3, -439, 10, -439, 3, -451, 10, -452, 4, -457, 6, -467, 5, -472, 6, -481, 0, -488, 0, -562, 7, -568, 8, -577, 9, -582, 7, -589, 8, -589, 9, -590, 0, -599, 0, -460, 2, -463, 1, -463, 2, -470, 1, -470, 0, -476]
[0, -433, 5, -439, 4, -439, 3, -439, 10, -439, 3, -451, 10, -452, 4, -457, 6, -467, 5, -472, 6, -481, 0, -488, 0, -562, 7, -568, 8, -577, 9, -582, 7, -589, 8, -589, 9, -590, 0, -599, 0, -460, 2, -463, 1, -463, 2, -470, 1, -470, 0, -476]
[0, -433, 5, -439, 4, -439, 3, -439, 10, -439, 3, -451, 10, -452, 4, -457, 6, -467, 5, -472, 6, -481, 0, -488, 0, -562, 7, -568, 8, -577, 9, -582, 7, -589, 8, -589, 9, -590, 0, -599, 0, -460, 2, -463, 1, -463, 2, -470, 1, -470, 0, -476]
[0, -433, 5, -439, 4, -439, 3, -439, 10, -439, 3, -451, 10, -452, 4, -457, 6, -467, 5, -472, 6, -481, 0, -488, 0, -562, 7, -568, 8, -577, 9, -582, 7, -589, 8, -589, 9, -590, 0, -599, 0, -460, 2, -463, 1, -463, 2, -470, 1, -470, 0, -476]
[0, -433, 5, -439, 4, -439, 3, -439, 10, -439, 3, -451, 10, -452, 4, -457, 6, -467, 5, -472, 6, -481, 0, -488, 0, -562, 7, -568, 8, -577, 9, -582, 7, -589, 8, -589, 9, -590, 0, -599, 0, -460, 2, -463, 1, -463, 2, -470, 1, -470, 0, -476]
[0, -433, 5, -439, 4, -439, 3, -439, 10, -439, 3, -451, 10, -452, 4, -457, 6, -467, 5, -472, 6, -481, 0, -488, 0, -562, 7, -568, 8, -577, 9, -582, 7, -589, 8, -589, 9, -590, 0, -599, 0, -460, 2, -463, 1, -463, 2, -470, 1, -470, 0, -476]
[0, -433, 5, -439, 4, -439, 3, -439, 10, -439, 3, -451, 10, -452, 4, -457, 6, -467, 5, -472, 6, -481, 0, -488, 0, -562, 7, -568, 8, -577, 9, -582, 7, -589, 8, -589, 9, -590, 0, -599, 0, -460, 2, -463, 1, -463, 2, -470, 1, -470, 0, -476]
[0, -433, 5, -439, 4, -439, 3, -439, 10, -439, 3, -451, 10, -452, 4, -457, 6, -467, 5, -472, 6, -481, 0, -488, 0, -562, 7, -568, 8, -577, 9, -582, 7, -589, 8, -589, 9, -590, 0, -599, 0, -460, 2, -463, 1, -463, 2, -470, 1, -470, 0, -476]
[0, -433, 5, -439, 4, -439, 3, -439, 10, -439, 3, -451, 10, -452, 4, -457, 6, -467, 5, -472, 6, -481, 0, -488, 0, -562, 7, -568, 8, -577, 9, -582, 7, -589, 8, -589, 9, -590, 0, -599, 0, -460, 2, -463, 1, -463, 2, -470, 1, -470, 0, -476]
[0, -433, 5, -439, 4, -439, 3, -439, 10, -439, 3, -451, 10, -452, 4, -457, 6, -467, 5, -472, 6, -481, 0, -488, 0, -562, 7, -568, 8, -577, 9, -582, 7, -589, 8, -589, 9, -590, 0, -599, 0, -460, 2, -463, 1, -463, 2, -470, 1, -470, 0, -476]
[0, -433, 5, -439, 4, -439, 3, -439, 10, -439, 3, -451, 10, -452, 4, -457, 6, -467, 5, -472, 6, -481, 0, -488, 0, -562, 7, -568, 8, -577, 9, -582, 7, -589, 8, -589, 9, -590, 0, -599, 0, -460, 2, -463, 1, -463, 2, -470, 1, -470, 0, -476]
[0, -433, 5, -439, 4, -439, 3, -439, 10, -439, 3, -451, 10, -452, 4, -457, 6, -467, 5, -472, 6, -481, 0, -488, 0, -562, 7, -568, 8, -577, 9, -582, 7, -589, 8, -589, 9, -590, 0, -599, 0, -460, 2, -463, 1, -463, 2, -470, 1, -470, 0, -476]
[0, -433, 5, -439, 4, -439, 3, -439, 10, -439, 3, -451, 10, -452, 4, -457, 6, -467, 5, -472, 6, -481, 0, -488, 0, -562, 7, -568, 8, -577, 9, -582, 7, -589, 8, -589, 9, -590, 0, -599, 0, -460, 2, -463, 1, -463, 2, -470, 1, -470, 0, -476]
[0, -433, 5, -439, 4, -439, 3, -439, 10, -439, 3, -451, 10, -452, 4, -457, 6, -467, 5, -472, 6, -481, 0, -488, 0, -562, 7, -568, 8, -577, 9, -582, 7, -589, 8, -589, 9, -590, 0, -599, 0, -460, 2, -463, 1, -463, 2, -470, 1, -470, 0, -476]
[0, -433, 5, -439, 4, -439, 3, -439, 10, -439, 3, -451, 10, -452, 4, -457, 6, -467, 5, -472, 6, -481, 0, -488, 0, -562, 7, -568, 8, -577, 9, -582, 7, -589, 8, -589, 9, -590, 0, -599, 0, -460, 2, -463, 1, -463, 2, -470, 1, -470, 0, -476]
[0, -433, 5, -439, 4, -439, 3, -439, 10, -439, 3, -451, 10, -452, 4, -457, 6, -467, 5, -472, 6, -481, 0, -488, 0, -562, 7, -568, 8, -577, 9, -582, 7, -589, 8, -589, 9, -590, 0, -599, 0, -460, 2, -463, 1, -463, 2, -470, 1, -470, 0, -476]
[0, -433, 5, -439, 4, -439, 3, -439, 10, -439, 3, -451, 10, -452, 4, -457, 6, -467, 5, -472, 6, -481, 0, -488, 0, -562, 7, -568, 8, -577, 9, -582, 7, -589, 8, -589, 9, -590, 0, -599, 0, -460, 2, -463, 1, -463, 2, -470, 1, -470, 0, -476]
[0, -433, 5, -439, 4, -439, 3, -439, 10, -439, 3, -451, 10, -452, 4, -457, 6, -467, 5, -472, 6, -481, 0, -488, 0, -562, 7, -568, 8, -577, 9, -582, 7, -589, 8, -589, 9, -590, 0, -599, 0, -460, 2, -463, 1, -463, 2, -470, 1, -470, 0, -476]
[0, -433, 5, -439, 4, -439, 3, -439, 10, -439, 3, -451, 10, -452, 4, -457, 6, -467, 5, -472, 6, -481, 0, -488, 0, -562, 7, -568, 8, -577, 9, -582, 7, -589, 8, -589, 9, -590, 0, -599, 0, -460, 2, -463, 1, -463, 2, -470, 1, -470, 0, -476]
[0, -433, 5, -439, 4, -439, 3, -439, 10, -439, 3, -451, 10, -452, 4, -457, 6, -467, 5, -472, 6, -481, 0, -488, 0, -562, 7, -568, 8, -577, 9, -582, 7, -589, 8, -589, 9, -590, 0, -599, 0, -460, 2, -463, 1, -463, 2, -470, 1, -470, 0, -476]
[0, -433, 5, -439, 4, -439, 3, -439, 10, -439, 3, -451, 10, -452, 4, -457, 6, -467, 5, -472, 6, -481, 0, -488, 0, -562, 7, -568, 8, -577, 9, -582, 7, -589, 8, -589, 9, -590, 0, -599, 0, -460, 2, -463, 1, -463, 2, -470, 1, -470, 0, -476]
[0, -433, 5, -439, 4, -439, 3, -439, 10, -439, 3, -451, 10, -452, 4, -457, 6, -467, 5, -472, 6, -481, 0, -488, 0, -562, 7, -568, 8, -577, 9, -582, 7, -589, 8, -589, 9, -590, 0, -599, 0, -460, 2, -463, 1, -463, 2, -470, 1, -470, 0, -476]
[0, -433, 5, -439, 4, -439, 3, -439, 10, -439, 3, -451, 10, -452, 4, -457, 6, -467, 5, -472, 6, -481, 0, -488, 0, -562, 7, -568, 8, -577, 9, -582, 7, -589, 8, -589, 9, -590, 0, -599, 0, -460, 2, -463, 1, -463, 2, -470, 1, -470, 0, -476]
[0, -433, 5, -439, 4, -439, 3, -439, 10, -439, 3, -451, 10, -452, 4, -457, 6, -467, 5, -472, 6, -481, 0, -488, 0, -562, 7, -568, 8, -577, 9, -582, 7, -589, 8, -589, 9, -590, 0, -599, 0, -460, 2, -463, 1, -463, 2, -470, 1, -470, 0, -476]
[0, -433, 5, -439, 4, -439, 3, -439, 10, -439, 3, -451, 10, -452, 4, -457, 6, -467, 5, -472, 6, -481, 0, -488, 0, -562, 7, -568, 8, -577, 9, -582, 7, -589, 8, -589, 9, -590, 0, -599, 0, -460, 2, -463, 1, -463, 2, -470, 1, -470, 0, -476]
[0, -433, 5, -439, 4, -439, 3, -439, 10, -439, 3, -451, 10, -452, 4, -457, 6, -467, 5, -472, 6, -481, 0, -488, 0, -562, 7, -568, 8, -577, 9, -582, 7, -589, 8, -589, 9, -590, 0, -599, 0, -460, 2, -463, 1, -463, 2, -470, 1, -470, 0, -476]
[0, -433, 5, -439, 4, -439, 3, -439, 10, -439, 3, -451, 10, -452, 4, -457, 6, -467, 5, -472, 6, -481, 0, -488, 0, -562, 7, -568, 8, -577, 9, -582, 7, -589, 8, -589, 9, -590, 0, -599, 0, -460, 2, -463, 1, -463, 2, -470, 1, -470, 0, -476]
[0, -433, 5, -439, 4, -439, 3, -439, 10, -439, 3, -451, 10, -452, 4, -457, 6, -467, 5, -472, 6, -481, 0, -488, 0, -562, 7, -568, 8, -577, 9, -582, 7, -589, 8, -589, 9, -590, 0, -599, 0, -460, 2, -463, 1, -463, 2, -470, 1, -470, 0, -476]
[0, -433, 5, -439, 4, -439, 3, -439, 10, -439, 3, -451, 10, -452, 4, -457, 6, -467, 5, -472, 6, -481, 0, -488, 0, -562, 7, -568, 8, -577, 9, -582, 7, -589, 8, -589, 9, -590, 0, -599, 0, -460, 2, -463, 1, -463, 2, -470, 1, -470, 0, -476]
[0, -433, 5, -439, 4, -439, 3, -439, 10, -439, 3, -451, 10, -452, 4, -457, 6, -467, 5, -472, 6, -481, 0, -488, 0, -562, 7, -568, 8, -577, 9, -582, 7, -589, 8, -589, 9, -590, 0, -599, 0, -460, 2, -463, 1, -463, 2, -470, 1, -470, 0, -476]
[0, -433, 5, -439, 4, -439, 3, -439, 10, -439, 3, -451, 10, -452, 4, -457, 6, -467, 5, -472, 6, -481, 0, -488, 0, -562, 7, -568, 8, -577, 9, -582, 7, -589, 8, -589, 9, -590, 0, -599, 0, -460, 2, -463, 1, -463, 2, -470, 1, -470, 0, -476]
[0, -433, 5, -439, 4, -439, 3, -439, 10, -439, 3, -451, 10, -452, 4, -457, 6, -467, 5, -472, 6, -481, 0, -488, 0, -562, 7, -568, 8, -577, 9, -582, 7, -589, 8, -589, 9, -590, 0, -599, 0, -460, 2, -463, 1, -463, 2, -470, 1, -470, 0, -476]
[0, -433, 5, -439, 4, -439, 3, -439, 10, -439, 3, -451, 10, -452, 4, -457, 6, -467, 5, -472, 6, -481, 0, -488, 0, -562, 7, -568, 8, -577, 9, -582, 7, -589, 8, -589, 9, -590, 0, -599, 0, -460, 2, -463, 1, -463, 2, -470, 1, -470, 0, -476]
[0, -433, 5, -439, 4, -439, 3, -439, 10, -439, 3, -451, 10, -452, 4, -457, 6, -467, 5, -472, 6, -481, 0, -488, 0, -562, 7, -568, 8, -577, 9, -582, 7, -589, 8, -589, 9, -590, 0, -599, 0, -460, 2, -463, 1, -463, 2, -470, 1, -470, 0, -476]
[0, -433, 5, -439, 4, -439, 3, -439, 10, -439, 3, -451, 10, -452, 4, -457, 6, -467, 5, -472, 6, -481, 0, -488, 0, -562, 7, -568, 8, -577, 9, -582, 7, -589, 8, -589, 9, -590, 0, -599, 0, -460, 2, -463, 1, -463, 2, -470, 1, -470, 0, -476]
[0, -433, 5, -439, 4, -439, 3, -439, 10, -439, 3, -451, 10, -452, 4, -457, 6, -467, 5, -472, 6, -481, 0, -488, 0, -562, 7, -568, 8, -577, 9, -582, 7, -589, 8, -589, 9, -590, 0, -599, 0, -460, 2, -463, 1, -463, 2, -470, 1, -470, 0, -476]
[0, -433, 5, -439, 4, -439, 3, -439, 10, -439, 3, -451, 10, -452, 4, -457, 6, -467, 5, -472, 6, -481, 0, -488, 0, -562, 7, -568, 8, -577, 9, -582, 7, -589, 8, -589, 9, -590, 0, -599, 0, -460, 2, -463, 1, -463, 2, -470, 1, -470, 0, -476]
[0, -433, 5, -439, 4, -439, 3, -439, 10, -439, 3, -451, 10, -452, 4, -457, 6, -467, 5, -472, 6, -481, 0, -488, 0, -562, 7, -568, 8, -577, 9, -582, 7, -589, 8, -589, 9, -590, 0, -599, 0, -460, 2, -463, 1, -463, 2, -470, 1, -470, 0, -476]
[0, -433, 5, -439, 4, -439, 3, -439, 10, -439, 3, -451, 10, -452, 4, -457, 6, -467, 5, -472, 6, -481, 0, -488, 0, -562, 7, -568, 8, -577, 9, -582, 7, -589, 8, -589, 9, -590, 0, -599, 0, -460, 2, -463, 1, -463, 2, -470, 1, -470, 0, -476]
[0, -433, 5, -439, 4, -439, 3, -439, 10, -439, 3, -451, 10, -452, 4, -457, 6, -467, 5, -472, 6, -481, 0, -488, 0, -562, 7, -568, 8, -577, 9, -582, 7, -589, 8, -589, 9, -590, 0, -599, 0, -460, 2, -463, 1, -463, 2, -470, 1, -470, 0, -476]
[0, -433, 5, -439, 4, -439, 3, -439, 10, -439, 3, -451, 10, -452, 4, -457, 6, -467, 5, -472, 6, -481, 0, -488, 0, -562, 7, -568, 8, -577, 9, -582, 7, -589, 8, -589, 9, -590, 0, -599, 0, -460, 2, -463, 1, -463, 2, -470, 1, -470, 0, -476]
[0, -433, 5, -439, 4, -439, 3, -439, 10, -439, 3, -451, 10, -452, 4, -457, 6, -467, 5, -472, 6, -481, 0, -488, 0, -562, 7, -568, 8, -577, 9, -582, 7, -589, 8, -589, 9, -590, 0, -599, 0, -460, 2, -463, 1, -463, 2, -470, 1, -470, 0, -476]
[0, -433, 5, -439, 4, -439, 3, -439, 10, -439, 3, -451, 10, -452, 4, -457, 6, -467, 5, -472, 6, -481, 0, -488, 0, -562, 7, -568, 8, -577, 9, -582, 7, -589, 8, -589, 9, -590, 0, -599, 0, -460, 2, -463, 1, -463, 2, -470, 1, -470, 0, -476]
[0, -433, 5, -439, 4, -439, 3, -439, 10, -439, 3, -451, 10, -452, 4, -457, 6, -467, 5, -472, 6, -481, 0, -488, 0, -562, 7, -568, 8, -577, 9, -582, 7, -589, 8, -589, 9, -590, 0, -599, 0, -460, 2, -463, 1, -463, 2, -470, 1, -470, 0, -476]
[0, -427, 10, -433, 4, -433, 3, -433, 3, -445, 4, -445, 10, -446, 0, -454, 0, -562, 7, -568, 8, -577, 9, -582, 7, -589, 8, -589, 9, -590, 0, -599, 0, -451, 2, -454, 5, -460, 5, -465, 6, -465, 1, -473, 1, -480, 2, -480, 6, -482, 0, -489]
[0, -427, 10, -433, 4, -433, 3, -433, 3, -445, 4, -445, 10, -446, 0, -454, 0, -562, 7, -568, 8, -577, 9, -582, 7, -589, 8, -589, 9, -590, 0, -599, 0, -451, 2, -454, 5, -460, 5, -465, 6, -465, 1, -473, 1, -480, 2, -480, 6, -482, 0, -489]
[0, -427, 10, -433, 4, -433, 3, -433, 3, -445, 4, -445, 10, -446, 0, -454, 0, -562, 7, -568, 8, -577, 9, -582, 7, -589, 8, -589, 9, -590, 0, -599, 0, -451, 2, -454, 5, -460, 5, -465, 6, -465, 1, -473, 1, -480, 2, -480, 6, -482, 0, -489]
[0, -427, 10, -433, 4, -433, 3, -433, 3, -445, 4, -445, 10, -446, 0, -454, 0, -562, 7, -568, 8, -577, 9, -582, 7, -589, 8, -589, 9, -590, 0, -599, 0, -451, 2, -454, 5, -460, 5, -465, 6, -465, 1, -473, 1, -480, 2, -480, 6, -482, 0, -489]
[0, -427, 10, -433, 4, -433, 3, -433, 3, -445, 4, -445, 10, -446, 0, -454, 0, -562, 7, -568, 8, -577, 9, -582, 7, -589, 8, -589, 9, -590, 0, -599, 0, -451, 2, -454, 5, -460, 5, -465, 6, -465, 1, -473, 1, -480, 2, -480, 6, -482, 0, -489]
[0, -427, 10, -433, 4, -433, 3, -433, 3, -445, 4, -445, 10, -446, 0, -454, 0, -562, 7, -568, 8, -577, 9, -582, 7, -589, 8, -589, 9, -590, 0, -599, 0, -451, 2, -454, 5, -460, 5, -465, 6, -465, 1, -473, 1, -480, 2, -480, 6, -482, 0, -489]
[0, -427, 10, -433, 4, -433, 3, -433, 3, -445, 4, -445, 10, -446, 0, -454, 0, -562, 7, -568, 8, -577, 9, -582, 7, -589, 8, -589, 9, -590, 0, -599, 0, -451, 2, -454, 5, -460, 5, -465, 6, -465, 1, -473, 1, -480, 2, -480, 6, -482, 0, -489]
[0, -427, 10, -433, 4, -433, 3, -433, 3, -445, 4, -445, 10, -446, 0, -454, 0, -562, 7, -568, 8, -577, 9, -582, 7, -589, 8, -589, 9, -590, 0, -599, 0, -451, 2, -454, 5, -460, 5, -465, 6, -465, 1, -473, 1, -480, 2, -480, 6, -482, 0, -489]
[0, -427, 10, -433, 4, -433, 3, -433, 3, -445, 4, -445, 10, -446, 0, -454, 0, -562, 7, -568, 8, -577, 9, -582, 7, -589, 8, -589, 9, -590, 0, -599, 0, -451, 2, -454, 5, -460, 5, -465, 6, -465, 1, -473, 1, -480, 2, -480, 6, -482, 0, -489]
[0, -427, 10, -433, 4, -433, 3, -433, 3, -445, 4, -445, 10, -446, 0, -454, 0, -562, 7, -568, 8, -577, 9, -582, 7, -589, 8, -589, 9, -590, 0, -599, 0, -451, 2, -454, 5, -460, 5, -465, 6, -465, 1, -473, 1, -480, 2, -480, 6, -482, 0, -489]
[0, -427, 10, -433, 4, -433, 3, -433, 3, -445, 4, -445, 10, -446, 0, -454, 0, -562, 7, -568, 8, -577, 9, -582, 7, -589, 8, -589, 9, -590, 0, -599, 0, -451, 2, -454, 5, -460, 5, -465, 6, -465, 1, -473, 1, -480, 2, -480, 6, -482, 0, -489]
[0, -427, 10, -433, 4, -433, 3, -433, 3, -445, 4, -445, 10, -446, 0, -454, 0, -562, 7, -568, 8, -577, 9, -582, 7, -589, 8, -589, 9, -590, 0, -599, 0, -451, 2, -454, 5, -460, 5, -465, 6, -465, 1, -473, 1, -480, 2, -480, 6, -482, 0, -489]
[0, -427, 10, -433, 4, -433, 3, -433, 3, -445, 4, -445, 10, -446, 0, -454, 0, -562, 7, -568, 8, -577, 9, -582, 7, -589, 8, -589, 9, -590, 0, -599, 0, -451, 2, -454, 5, -460, 5, -465, 6, -465, 1, -473, 1, -480, 2, -480, 6, -482, 0, -489]
[0, -427, 10, -433, 4, -433, 3, -433, 3, -445, 4, -445, 10, -446, 0, -454, 0, -562, 7, -568, 8, -577, 9, -582, 7, -589, 8, -589, 9, -590, 0, -599, 0, -451, 2, -454, 5, -460, 5, -465, 6, -465, 1, -473, 1, -480, 2, -480, 6, -482, 0, -489]
[0, -427, 10, -433, 4, -433, 3, -433, 3, -445, 4, -445, 10, -446, 0, -454, 0, -562, 7, -568, 8, -577, 9, -582, 7, -589, 8, -589, 9, -590, 0, -599, 0, -451, 2, -454, 5, -460, 5, -465, 6, -465, 1, -473, 1, -480, 2, -480, 6, -482, 0, -489]
[0, -427, 10, -433, 4, -433, 3, -433, 3, -445, 4, -445, 10, -446, 0, -454, 0, -562, 7, -568, 8, -577, 9, -582, 7, -589, 8, -589, 9, -590, 0, -599, 0, -451, 2, -454, 5, -460, 5, -465, 6, -465, 1, -473, 1, -480, 2, -480, 6, -482, 0, -489]
[0, -427, 10, -433, 4, -433, 3, -433, 3, -445, 4, -445, 10, -446, 0, -454, 0, -562, 7, -568, 8, -577, 9, -582, 7, -589, 8, -589, 9, -590, 0, -599, 0, -451, 2, -454, 5, -460, 5, -465, 6, -465, 1, -473, 1, -480, 2, -480, 6, -482, 0, -489]
[0, -427, 10, -433, 4, -433, 3, -433, 3, -445, 4, -445, 10, -446, 0, -454, 0, -562, 7, -568, 8, -577, 9, -582, 7, -589, 8, -589, 9, -590, 0, -599, 0, -451, 2, -454, 5, -460, 5, -465, 6, -465, 1, -473, 1, -480, 2, -480, 6, -482, 0, -489]
[0, -427, 10, -433, 4, -433, 3, -433, 3, -445, 4, -445, 10, -446, 0, -454, 0, -562, 7, -568, 8, -577, 9, -582, 7, -589, 8, -589, 9, -590, 0, -599, 0, -451, 2, -454, 5, -460, 5, -465, 6, -465, 1, -473, 1, -480, 2, -480, 6, -482, 0, -489]
[0, -427, 10, -433, 4, -433, 3, -433, 3, -445, 4, -445, 10, -446, 0, -454, 0, -562, 7, -568, 8, -577, 9, -582, 7, -589, 8, -589, 9, -590, 0, -599, 0, -451, 2, -454, 5, -460, 5, -465, 6, -465, 1, -473, 1, -480, 2, -480, 6, -482, 0, -489]
[0, -427, 10, -433, 4, -433, 3, -433, 3, -445, 4, -445, 10, -446, 0, -454, 0, -562, 7, -568, 8, -577, 9, -582, 7, -589, 8, -589, 9, -590, 0, -599, 0, -451, 2, -454, 5, -460, 5, -465, 6, -465, 1, -473, 1, -480, 2, -480, 6, -482, 0, -489]
[0, -427, 10, -433, 4, -433, 3, -433, 3, -445, 4, -445, 10, -446, 0, -454, 0, -562, 7, -568, 8, -577, 9, -582, 7, -589, 8, -589, 9, -590, 0, -599, 0, -451, 2, -454, 5, -460, 5, -465, 6, -465, 1, -473, 1, -480, 2, -480, 6, -482, 0, -489]
[0, -427, 10, -433, 4, -433, 3, -433, 3, -445, 4, -445, 10, -446, 0, -454, 0, -562, 7, -568, 8, -577, 9, -582, 7, -589, 8, -589, 9, -590, 0, -599, 0, -451, 2, -454, 5, -460, 5, -465, 6, -465, 1, -473, 1, -480, 2, -480, 6, -482, 0, -489]
[0, -427, 10, -433, 4, -433, 3, -433, 3, -445, 4, -445, 10, -446, 0, -454, 0, -562, 7, -568, 8, -577, 9, -582, 7, -589, 8, -589, 9, -590, 0, -599, 0, -451, 2, -454, 5, -460, 5, -465, 6, -465, 1, -473, 1, -480, 2, -480, 6, -482, 0, -489]
[0, -427, 10, -433, 4, -433, 3, -433, 3, -445, 4, -445, 10, -446, 0, -454, 0, -562, 7, -568, 8, -577, 9, -582, 7, -589, 8, -589, 9, -590, 0, -599, 0, -451, 2, -454, 5, -460, 5, -465, 6, -465, 1, -473, 1, -480, 2, -480, 6, -482, 0, -489]
[0, -427, 10, -433, 4, -433, 3, -433, 3, -445, 4, -445, 10, -446, 0, -454, 0, -562, 7, -568, 8, -577, 9, -582, 7, -589, 8, -589, 9, -590, 0, -599, 0, -451, 2, -454, 5, -460, 5, -465, 6, -465, 1, -473, 1, -480, 2, -480, 6, -482, 0, -489]
[0, -427, 10, -433, 4, -433, 3, -433, 3, -445, 4, -445, 10, -446, 0, -454, 0, -562, 7, -568, 8, -577, 9, -582, 7, -589, 8, -589, 9, -590, 0, -599, 0, -451, 2, -454, 5, -460, 5, -465, 6, -465, 1, -473, 1, -480, 2, -480, 6, -482, 0, -489]
[0, -427, 10, -433, 4, -433, 3, -433, 3, -445, 4, -445, 10, -446, 0, -454, 0, -562, 7, -568, 8, -577, 9, -582, 7, -589, 8, -589, 9, -590, 0, -599, 0, -451, 2, -454, 5, -460, 5, -465, 6, -465, 1, -473, 1, -480, 2, -480, 6, -482, 0, -489]
[0, -427, 10, -433, 4, -433, 3, -433, 3, -445, 4, -445, 10, -446, 0, -454, 0, -562, 7, -568, 8, -577, 9, -582, 7, -589, 8, -589, 9, -590, 0, -599, 0, -451, 2, -454, 5, -460, 5, -465, 6, -465, 1, -473, 1, -480, 2, -480, 6, -482, 0, -489]
[0, -427, 10, -433, 4, -433, 3, -433, 3, -445, 4, -445, 10, -446, 0, -454, 0, -562, 7, -568, 8, -577, 9, -582, 7, -589, 8, -589, 9, -590, 0, -599, 0, -451, 2, -454, 5, -460, 5, -465, 6, -465, 1, -473, 1, -480, 2, -480, 6, -482, 0, -489]
[0, -427, 10, -433, 4, -433, 3, -433, 3, -445, 4, -445, 10, -446, 0, -454, 0, -562, 7, -568, 8, -577, 9, -582, 7, -589, 8, -589, 9, -590, 0, -599, 0, -451, 2, -454, 5, -460, 5, -465, 6, -465, 1, -473, 1, -480, 2, -480, 6, -482, 0, -489]
[0, -427, 10, -433, 4, -433, 3, -433, 3, -445, 4, -445, 10, -446, 0, -454, 0, -562, 7, -568, 8, -577, 9, -582, 7, -589, 8, -589, 9, -590, 0, -599, 0, -451, 2, -454, 5, -460, 5, -465, 6, -465, 1, -473, 1, -480, 2, -480, 6, -482, 0, -489]
[0, -427, 10, -433, 4, -433, 3, -433, 3, -445, 4, -445, 10, -446, 0, -454, 0, -562, 7, -568, 8, -577, 9, -582, 7, -589, 8, -589, 9, -590, 0, -599, 0, -451, 2, -454, 5, -460, 5, -465, 6, -465, 1, -473, 1, -480, 2, -480, 6, -482, 0, -489]
[0, -427, 10, -433, 4, -433, 3, -433, 3, -445, 4, -445, 10, -446, 0, -454, 0, -562, 7, -568, 8, -577, 9, -582, 7, -589, 8, -589, 9, -590, 0, -599, 0, -451, 2, -454, 5, -460, 5, -465, 6, -465, 1, -473, 1, -480, 2, -480, 6, -482, 0, -489]
[0, -427, 10, -433, 4, -433, 3, -433, 3, -445, 4, -445, 10, -446, 0, -454, 0, -562, 7, -568, 8, -577, 9, -582, 7, -589, 8, -589, 9, -590, 0, -599, 0, -451, 2, -454, 5, -460, 5, -465, 6, -465, 1, -473, 1, -480, 2, -480, 6, -482, 0, -489]
[0, -427, 10, -433, 4, -433, 3, -433, 3, -445, 4, -445, 10, -446, 0, -454, 0, -562, 7, -568, 8, -577, 9, -582, 7, -589, 8, -589, 9, -590, 0, -599, 0, -451, 2, -454, 5, -460, 5, -465, 6, -465, 1, -473, 1, -480, 2, -480, 6, -482, 0, -489]
[0, -427, 10, -433, 4, -433, 3, -433, 3, -445, 4, -445, 10, -446, 0, -454, 0, -562, 7, -568, 8, -577, 9, -582, 7, -589, 8, -589, 9, -590, 0, -599, 0, -451, 2, -454, 5, -460, 5, -465, 6, -465, 1, -473, 1, -480, 2, -480, 6, -482, 0, -489]
[0, -427, 10, -433, 4, -433, 3, -433, 3, -445, 4, -445, 10, -446, 0, -454, 0, -562, 7, -568, 8, -577, 9, -582, 7, -589, 8, -589, 9, -590, 0, -599, 0, -451, 2, -454, 5, -460, 5, -465, 6, -465, 1, -473, 1, -480, 2, -480, 6, -482, 0, -489]
[0, -427, 3, -433, 4, -433, 4, -445, 3, -445, 0, -455, 0, -562, 7, -568, 8, -577, 9, -582, 7, -589, 8, -589, 9, -590, 0, -599, 0, -428, 1, -431, 10, -437, 5, -437, 2, -445, 10, -452, 6, -461, 5, -466, 2, -477, 1, -477, 6, -479, 0, -486]
[0, -427, 3, -433, 4, -433, 4, -445, 3, -445, 0, -455, 0, -562, 7, -568, 8, -577, 9, -582, 7, -589, 8, -589, 9, -590, 0, -599, 0, -428, 1, -431, 10, -437, 5, -437, 2, -445, 10, -452, 6, -461, 5, -466, 2, -477, 1, -477, 6, -479, 0, -486]
[0, -427, 3, -433, 4, -433, 4, -445, 3, -445, 0, -455, 0, -562, 7, -568, 8, -577, 9, -582, 7, -589, 8, -589, 9, -590, 0, -599, 0, -428, 1, -431, 10, -437, 5, -437, 2, -445, 10, -452, 6, -461, 5, -466, 2, -477, 1, -477, 6, -479, 0, -486]
[0, -427, 3, -433, 4, -433, 4, -445, 3, -445, 0, -455, 0, -562, 7, -568, 8, -577, 9, -582, 7, -589, 8, -589, 9, -590, 0, -599, 0, -428, 1, -431, 10, -437, 5, -437, 2, -445, 10, -452, 6, -461, 5, -466, 2, -477, 1, -477, 6, -479, 0, -486]
[0, -427, 3, -433, 4, -433, 4, -445, 3, -445, 0, -455, 0, -562, 7, -568, 8, -577, 9, -582, 7, -589, 8, -589, 9, -590, 0, -599, 0, -428, 1, -431, 10, -437, 5, -437, 2, -445, 10, -452, 6, -461, 5, -466, 2, -477, 1, -477, 6, -479, 0, -486]
[0, -427, 3, -433, 4, -433, 4, -445, 3, -445, 0, -455, 0, -562, 7, -568, 8, -577, 9, -582, 7, -589, 8, -589, 9, -590, 0, -599, 0, -428, 1, -431, 10, -437, 5, -437, 2, -445, 10, -452, 6, -461, 5, -466, 2, -477, 1, -477, 6, -479, 0, -486]
[0, -427, 3, -433, 4, -433, 4, -445, 3, -445, 0, -455, 0, -562, 7, -568, 8, -577, 9, -582, 7, -589, 8, -589, 9, -590, 0, -599, 0, -428, 1, -431, 10, -437, 5, -437, 2, -445, 10, -452, 6, -461, 5, -466, 2, -477, 1, -477, 6, -479, 0, -486]
[0, -427, 3, -433, 4, -433, 4, -445, 3, -445, 0, -455, 0, -562, 7, -568, 8, -577, 9, -582, 7, -589, 8, -589, 9, -590, 0, -599, 0, -428, 1, -431, 10, -437, 5, -437, 2, -445, 10, -452, 6, -461, 5, -466, 2, -477, 1, -477, 6, -479, 0, -486]
[0, -427, 3, -433, 4, -433, 4, -445, 3, -445, 0, -455, 0, -562, 7, -568, 8, -577, 9, -582, 7, -589, 8, -589, 9, -590, 0, -599, 0, -428, 1, -431, 10, -437, 5, -437, 2, -445, 10, -452, 6, -461, 5, -466, 2, -477, 1, -477, 6, -479, 0, -486]
[0, -427, 3, -433, 4, -433, 4, -445, 3, -445, 0, -455, 0, -562, 7, -568, 8, -577, 9, -582, 7, -589, 8, -589, 9, -590, 0, -599, 0, -428, 1, -431, 10, -437, 5, -437, 2, -445, 10, -452, 6, -461, 5, -466, 2, -477, 1, -477, 6, -479, 0, -486]
