[]
[]
[]
[]
[]
[]
[]
[]
[]
[]
[]
[]
[]
[]
[]
[]
[]
[]
[]
[]
[]
[]
[]
[]
[]
[]
[]
[]
[]
[]
[]
[]
[]
[]
[]
[]
[]
[]
[]
[]
[]
[]
[]
[]
[]
[]
[]
[]
[]
[]
[]
[]
[]
[]
[]
[]
[]
[]
[]
[]
[]
[0, -427, 3, -433, 4, -433, 10, -433, 5, -433, 3, -445, 10, -446, 4, -451, 5, -461, 0, -471, 0, -458, 6, -469, 6, -478, 0, -485, 0, -562, 7, -568, 8, -577, 9, -582, 7, -589, 8, -589, 9, -590, 0, -599, 0, -460, 1, -463, 2, -463, 1, -470, 2, -470, 0, -476]
[0, -427, 3, -433, 4, -433, 10, -433, 5, -433, 3, -445, 10, -446, 4, -451, 5, -461, 0, -471, 0, -458, 6, -469, 6, -478, 0, -485, 0, -562, 7, -568, 8, -577, 9, -582, 7, -589, 8, -589, 9, -590, 0, -599, 0, -460, 1, -463, 2, -463, 1, -470, 2, -470, 0, -476]
[0, -427, 3, -433, 4, -433, 10, -433, 5, -433, 3, -445, 10, -446, 4, -451, 5, -461, 0, -471, 0, -458, 6, -469, 6, -478, 0, -485, 0, -562, 7, -568, 8, -577, 9, -582, 7, -589, 8, -589, 9, -590, 0, -599, 0, -460, 1, -463, 2, -463, 1, -470, 2, -470, 0, -476]
[0, -427, 3, -433, 4, -433, 10, -433, 5, -433, 3, -445, 10, -446, 4, -451, 5, -461, 0, -471, 0, -458, 6, -469, 6, -478, 0, -485, 0, -562, 7, -568, 8, -577, 9, -582, 7, -589, 8, -589, 9, -590, 0, -599, 0, -460, 1, -463, 2, -463, 1, -470, 2, -470, 0, -476]
[0, -427, 3, -433, 4, -433, 10, -433, 5, -433, 3, -445, 10, -446, 4, -451, 5, -461, 0, -471, 0, -458, 6, -469, 6, -478, 0, -485, 0, -562, 7, -568, 8, -577, 9, -582, 7, -589, 8, -589, 9, -590, 0, -599, 0, -460, 1, -463, 2, -463, 1, -470, 2, -470, 0, -476]
[0, -427, 3, -433, 4, -433, 10, -433, 5, -433, 3, -445, 10, -446, 4, -451, 5, -461, 0, -471, 0, -458, 6, -469, 6, -478, 0, -485, 0, -562, 7, -568, 8, -577, 9, -582, 7, -589, 8, -589, 9, -590, 0, -599, 0, -460, 1, -463, 2, -463, 1, -470, 2, -470, 0, -476]
[0, -427, 3, -433, 4, -433, 10, -433, 5, -433, 3, -445, 10, -446, 4, -451, 5, -461, 0, -471, 0, -458, 6, -469, 6, -478, 0, -485, 0, -562, 7, -568, 8, -577, 9, -582, 7, -589, 8, -589, 9, -590, 0, -599, 0, -460, 1, -463, 2, -463, 1, -470, 2, -470, 0, -476]
[0, -427, 3, -433, 4, -433, 10, -433, 5, -433, 3, -445, 10, -446, 4, -451, 5, -461, 0, -471, 0, -458, 6, -469, 6, -478, 0, -485, 0, -562, 7, -568, 8, -577, 9, -582, 7, -589, 8, -589, 9, -590, 0, -599, 0, -460, 1, -463, 2, -463, 1, -470, 2, -470, 0, -476]
[0, -427, 3, -433, 4, -433, 4, -445, 3, -445, 10, -453, 10, -462, 0, -470, 0, -458, 6, -469, 6, -478, 0, -485, 0, -562, 7, -568, 8, -577, 9, -582, 7, -589, 8, -589, 9, -590, 0, -599, 0, -444, 5, -450, 1, -458, 2, -458, 5, -465, 1, -476, 2, -476, 0, -482]
[0, -427, 3, -433, 4, -433, 4, -445, 3, -445, 10, -453, 10, -462, 0, -470, 0, -458, 6, -469, 6, -478, 0, -485, 0, -562, 7, -568, 8, -577, 9, -582, 7, -589, 8, -589, 9, -590, 0, -599, 0, -444, 5, -450, 1, -458, 2, -458, 5, -465, 1, -476, 2, -476, 0, -482]
[0, -427, 3, -433, 4, -433, 4, -445, 3, -445, 10, -453, 10, -462, 0, -470, 0, -458, 6, -469, 6, -478, 0, -485, 0, -562, 7, -568, 8, -577, 9, -582, 7, -589, 8, -589, 9, -590, 0, -599, 0, -444, 5, -450, 1, -458, 2, -458, 5, -465, 1, -476, 2, -476, 0, -482]
[0, -427, 3, -433, 4, -433, 4, -445, 3, -445, 10, -453, 10, -462, 0, -470, 0, -458, 6, -469, 6, -478, 0, -485, 0, -562, 7, -568, 8, -577, 9, -582, 7, -589, 8, -589, 9, -590, 0, -599, 0, -444, 5, -450, 1, -458, 2, -458, 5, -465, 1, -476, 2, -476, 0, -482]
[0, -427, 3, -433, 4, -433, 4, -445, 3, -445, 10, -453, 10, -462, 0, -470, 0, -458, 6, -469, 6, -478, 0, -485, 0, -562, 7, -568, 8, -577, 9, -582, 7, -589, 8, -589, 9, -590, 0, -599, 0, -444, 5, -450, 1, -458, 2, -458, 5, -465, 1, -476, 2, -476, 0, -482]
[0, -427, 3, -433, 4, -433, 4, -445, 3, -445, 10, -453, 10, -462, 0, -470, 0, -458, 6, -469, 6, -478, 0, -485, 0, -562, 7, -568, 8, -577, 9, -582, 7, -589, 8, -589, 9, -590, 0, -599, 0, -444, 5, -450, 1, -458, 2, -458, 5, -465, 1, -476, 2, -476, 0, -482]
[0, -427, 3, -433, 4, -433, 4, -445, 3, -445, 10, -453, 10, -462, 0, -470, 0, -458, 6, -469, 6, -478, 0, -485, 0, -562, 7, -568, 8, -577, 9, -582, 7, -589, 8, -589, 9, -590, 0, -599, 0, -444, 5, -450, 1, -458, 2, -458, 5, -465, 1, -476, 2, -476, 0, -482]
[0, -427, 3, -433, 4, -433, 4, -445, 3, -445, 10, -453, 10, -462, 0, -470, 0, -458, 6, -469, 6, -478, 0, -485, 0, -562, 7, -568, 8, -577, 9, -582, 7, -589, 8, -589, 9, -590, 0, -599, 0, -444, 5, -450, 1, -458, 2, -458, 5, -465, 1, -476, 2, -476, 0, -482]
[0, -427, 3, -433, 10, -433, 4, -433, 3, -445, 4, -445, 10, -446, 0, -454, 0, -562, 7, -568, 8, -577, 9, -582, 7, -589, 8, -589, 9, -590, 0, -599, 0, -430, 6, -441, 5, -450, 1, -458, 2, -458, 5, -465, 6, -474, 1, -479, 2, -479, 0, -485]
[0, -427, 3, -433, 10, -433, 4, -433, 3, -445, 4, -445, 10, -446, 0, -454, 0, -562, 7, -568, 8, -577, 9, -582, 7, -589, 8, -589, 9, -590, 0, -599, 0, -430, 6, -441, 5, -450, 1, -458, 2, -458, 5, -465, 6, -474, 1, -479, 2, -479, 0, -485]
[0, -427, 3, -433, 10, -433, 4, -433, 3, -445, 4, -445, 10, -446, 0, -454, 0, -562, 7, -568, 8, -577, 9, -582, 7, -589, 8, -589, 9, -590, 0, -599, 0, -430, 6, -441, 5, -450, 1, -458, 2, -458, 5, -465, 6, -474, 1, -479, 2, -479, 0, -485]
[0, -427, 3, -433, 10, -433, 4, -433, 3, -445, 4, -445, 10, -446, 0, -454, 0, -562, 7, -568, 8, -577, 9, -582, 7, -589, 8, -589, 9, -590, 0, -599, 0, -430, 6, -441, 5, -450, 1, -458, 2, -458, 5, -465, 6, -474, 1, -479, 2, -479, 0, -485]
[0, -427, 3, -433, 10, -433, 4, -433, 3, -445, 4, -445, 10, -446, 0, -454, 0, -562, 7, -568, 8, -577, 9, -582, 7, -589, 8, -589, 9, -590, 0, -599, 0, -430, 6, -441, 5, -450, 1, -458, 2, -458, 5, -465, 6, -474, 1, -479, 2, -479, 0, -485]
[0, -427, 3, -433, 10, -433, 4, -433, 3, -445, 4, -445, 10, -446, 0, -454, 0, -562, 7, -568, 8, -577, 9, -582, 7, -589, 8, -589, 9, -590, 0, -599, 0, -430, 6, -441, 5, -450, 1, -458, 2, -458, 5, -465, 6, -474, 1, -479, 2, -479, 0, -485]
[0, -427, 3, -433, 10, -433, 4, -433, 3, -445, 4, -445, 10, -446, 0, -454, 0, -562, 7, -568, 8, -577, 9, -582, 7, -589, 8, -589, 9, -590, 0, -599, 0, -430, 6, -441, 5, -450, 1, -458, 2, -458, 5, -465, 6, -474, 1, -479, 2, -479, 0, -485]
[0, -427, 3, -433, 10, -433, 4, -433, 3, -445, 4, -445, 10, -446, 0, -454, 0, -562, 7, -568, 8, -577, 9, -582, 7, -589, 8, -589, 9, -590, 0, -599, 0, -430, 6, -441, 5, -450, 1, -458, 2, -458, 5, -465, 6, -474, 1, -479, 2, -479, 0, -485]
[0, -427, 3, -433, 10, -433, 4, -433, 3, -445, 4, -445, 10, -446, 0, -454, 0, -562, 7, -568, 8, -577, 9, -582, 7, -589, 8, -589, 9, -590, 0, -599, 0, -430, 6, -441, 5, -450, 1, -458, 2, -458, 5, -465, 6, -474, 1, -479, 2, -479, 0, -485]
[0, -427, 3, -433, 10, -433, 4, -433, 3, -445, 4, -445, 10, -446, 0, -454, 0, -562, 7, -568, 8, -577, 9, -582, 7, -589, 8, -589, 9, -590, 0, -599, 0, -430, 6, -441, 5, -450, 1, -458, 2, -458, 5, -465, 6, -474, 1, -479, 2, -479, 0, -485]
[0, -427, 3, -433, 10, -433, 4, -433, 3, -445, 4, -445, 10, -446, 0, -454, 0, -562, 7, -568, 8, -577, 9, -582, 7, -589, 8, -589, 9, -590, 0, -599, 0, -430, 6, -441, 5, -450, 1, -458, 2, -458, 5, -465, 6, -474, 1, -479, 2, -479, 0, -485]
[0, -427, 3, -433, 10, -433, 4, -433, 3, -445, 4, -445, 10, -446, 0, -454, 0, -562, 7, -568, 8, -577, 9, -582, 7, -589, 8, -589, 9, -590, 0, -599, 0, -430, 6, -441, 5, -450, 1, -458, 2, -458, 5, -465, 6, -474, 1, -479, 2, -479, 0, -485]
[0, -427, 3, -433, 10, -433, 4, -433, 3, -445, 4, -445, 10, -446, 0, -454, 0, -562, 7, -568, 8, -577, 9, -582, 7, -589, 8, -589, 9, -590, 0, -599, 0, -430, 6, -441, 5, -450, 1, -458, 2, -458, 5, -465, 6, -474, 1, -479, 2, -479, 0, -485]
[0, -427, 3, -433, 10, -433, 4, -433, 3, -445, 4, -445, 10, -446, 0, -454, 0, -562, 7, -568, 8, -577, 9, -582, 7, -589, 8, -589, 9, -590, 0, -599, 0, -430, 6, -441, 5, -450, 1, -458, 2, -458, 5, -465, 6, -474, 1, -479, 2, -479, 0, -485]
[0, -427, 3, -433, 10, -433, 4, -433, 3, -445, 4, -445, 10, -446, 0, -454, 0, -562, 7, -568, 8, -577, 9, -582, 7, -589, 8, -589, 9, -590, 0, -599, 0, -430, 6, -441, 5, -450, 1, -458, 2, -458, 5, -465, 6, -474, 1, -479, 2, -479, 0, -485]
[0, -427, 3, -433, 10, -433, 4, -433, 3, -445, 4, -445, 10, -446, 0, -454, 0, -562, 7, -568, 8, -577, 9, -582, 7, -589, 8, -589, 9, -590, 0, -599, 0, -430, 6, -441, 5, -450, 1, -458, 2, -458, 5, -465, 6, -474, 1, -479, 2, -479, 0, -485]
[0, -427, 3, -433, 10, -433, 4, -433, 3, -445, 4, -445, 10, -446, 0, -454, 0, -562, 7, -568, 8, -577, 9, -582, 7, -589, 8, -589, 9, -590, 0, -599, 0, -430, 6, -441, 5, -450, 1, -458, 2, -458, 5, -465, 6, -474, 1, -479, 2, -479, 0, -485]
[0, -427, 3, -433, 10, -433, 4, -433, 3, -445, 4, -445, 10, -446, 0, -454, 0, -562, 7, -568, 8, -577, 9, -582, 7, -589, 8, -589, 9, -590, 0, -599, 0, -430, 6, -441, 5, -450, 1, -458, 2, -458, 5, -465, 6, -474, 1, -479, 2, -479, 0, -485]
[0, -427, 3, -433, 10, -433, 4, -433, 3, -445, 4, -445, 10, -446, 0, -454, 0, -562, 7, -568, 8, -577, 9, -582, 7, -589, 8, -589, 9, -590, 0, -599, 0, -430, 6, -441, 5, -450, 1, -458, 2, -458, 5, -465, 6, -474, 1, -479, 2, -479, 0, -485]
[0, -427, 3, -433, 10, -433, 4, -433, 3, -445, 4, -445, 10, -446, 0, -454, 0, -562, 7, -568, 8, -577, 9, -582, 7, -589, 8, -589, 9, -590, 0, -599, 0, -430, 6, -441, 5, -450, 1, -458, 2, -458, 5, -465, 6, -474, 1, -479, 2, -479, 0, -485]
[0, -427, 3, -433, 10, -433, 4, -433, 3, -445, 4, -445, 10, -446, 0, -454, 0, -562, 7, -568, 8, -577, 9, -582, 7, -589, 8, -589, 9, -590, 0, -599, 0, -430, 6, -441, 5, -450, 1, -458, 2, -458, 5, -465, 6, -474, 1, -479, 2, -479, 0, -485]
[0, -427, 3, -433, 10, -433, 4, -433, 3, -445, 4, -445, 10, -446, 0, -454, 0, -562, 7, -568, 8, -577, 9, -582, 7, -589, 8, -589, 9, -590, 0, -599, 0, -430, 6, -441, 5, -450, 1, -458, 2, -458, 5, -465, 6, -474, 1, -479, 2, -479, 0, -485]
[0, -427, 3, -433, 10, -433, 4, -433, 3, -445, 4, -445, 10, -446, 0, -454, 0, -562, 7, -568, 8, -577, 9, -582, 7, -589, 8, -589, 9, -590, 0, -599, 0, -430, 6, -441, 5, -450, 1, -458, 2, -458, 5, -465, 6, -474, 1, -479, 2, -479, 0, -485]
