[]
[]
[]
[]
[]
[]
[]
[]
[]
[]
[]
[]
[]
[]
[]
[]
[]
[]
[]
[]
[]
[]
[]
[]
[]
[]
[]
[]
[]
[]
[]
[]
[]
[]
[]
[]
[]
[]
[]
[]
[]
[]
[]
[]
[]
[]
[]
[]
[]
[]
[]
[]
[]
[]
[]
[]
[]
[]
[]
[]
[]
[]
[]
[]
[]
[]
[]
[]
[]
[]
[0, -427, 3, -433, 4, -433, 10, -433, 3, -445, 4, -445, 10, -446, 0, -454, 0, -562, 7, -568, 8, -577, 9, -582, 7, -589, 8, -589, 9, -590, 0, -599, 0, -441, 1, -444, 5, -450, 2, -458, 5, -465, 6, -465, 6, -474, 1, -479, 2, -479, 0, -485]
[0, -427, 3, -433, 4, -433, 10, -433, 3, -445, 4, -445, 10, -446, 0, -454, 0, -562, 7, -568, 8, -577, 9, -582, 7, -589, 8, -589, 9, -590, 0, -599, 0, -441, 1, -444, 5, -450, 2, -458, 5, -465, 6, -465, 6, -474, 1, -479, 2, -479, 0, -485]
[0, -427, 3, -433, 4, -433, 10, -433, 3, -445, 4, -445, 10, -446, 0, -454, 0, -562, 7, -568, 8, -577, 9, -582, 7, -589, 8, -589, 9, -590, 0, -599, 0, -441, 1, -444, 5, -450, 2, -458, 5, -465, 6, -465, 6, -474, 1, -479, 2, -479, 0, -485]
[0, -427, 3, -433, 4, -433, 10, -433, 3, -445, 4, -445, 10, -446, 0, -454, 0, -562, 7, -568, 8, -577, 9, -582, 7, -589, 8, -589, 9, -590, 0, -599, 0, -441, 1, -444, 5, -450, 2, -458, 5, -465, 6, -465, 6, -474, 1, -479, 2, -479, 0, -485]
[0, -427, 3, -433, 4, -433, 10, -433, 3, -445, 4, -445, 10, -446, 0, -454, 0, -562, 7, -568, 8, -577, 9, -582, 7, -589, 8, -589, 9, -590, 0, -599, 0, -441, 1, -444, 5, -450, 2, -458, 5, -465, 6, -465, 6, -474, 1, -479, 2, -479, 0, -485]
[0, -427, 3, -433, 4, -433, 10, -433, 3, -445, 4, -445, 10, -446, 0, -454, 0, -562, 7, -568, 8, -577, 9, -582, 7, -589, 8, -589, 9, -590, 0, -599, 0, -441, 1, -444, 5, -450, 2, -458, 5, -465, 6, -465, 6, -474, 1, -479, 2, -479, 0, -485]
[0, -427, 3, -433, 4, -433, 10, -433, 3, -445, 4, -445, 10, -446, 0, -454, 0, -562, 7, -568, 8, -577, 9, -582, 7, -589, 8, -589, 9, -590, 0, -599, 0, -441, 1, -444, 5, -450, 2, -458, 5, -465, 6, -465, 6, -474, 1, -479, 2, -479, 0, -485]
[0, -427, 3, -433, 4, -433, 10, -433, 3, -445, 4, -445, 10, -446, 0, -454, 0, -562, 7, -568, 8, -577, 9, -582, 7, -589, 8, -589, 9, -590, 0, -599, 0, -441, 1, -444, 5, -450, 2, -458, 5, -465, 6, -465, 6, -474, 1, -479, 2, -479, 0, -485]
[0, -427, 3, -433, 4, -433, 10, -433, 3, -445, 4, -445, 10, -446, 0, -454, 0, -562, 7, -568, 8, -577, 9, -582, 7, -589, 8, -589, 9, -590, 0, -599, 0, -441, 1, -444, 5, -450, 2, -458, 5, -465, 6, -465, 6, -474, 1, -479, 2, -479, 0, -485]
[0, -427, 3, -433, 4, -433, 10, -433, 3, -445, 4, -445, 10, -446, 0, -454, 0, -562, 7, -568, 8, -577, 9, -582, 7, -589, 8, -589, 9, -590, 0, -599, 0, -441, 1, -444, 5, -450, 2, -458, 5, -465, 6, -465, 6, -474, 1, -479, 2, -479, 0, -485]
[0, -427, 3, -433, 4, -433, 10, -433, 3, -445, 4, -445, 10, -446, 0, -454, 0, -562, 7, -568, 8, -577, 9, -582, 7, -589, 8, -589, 9, -590, 0, -599, 0, -441, 1, -444, 5, -450, 2, -458, 5, -465, 6, -465, 6, -474, 1, -479, 2, -479, 0, -485]
[0, -427, 3, -433, 4, -433, 10, -433, 3, -445, 4, -445, 10, -446, 0, -454, 0, -562, 7, -568, 8, -577, 9, -582, 7, -589, 8, -589, 9, -590, 0, -599, 0, -441, 1, -444, 5, -450, 2, -458, 5, -465, 6, -465, 6, -474, 1, -479, 2, -479, 0, -485]
[0, -427, 3, -433, 4, -433, 10, -433, 3, -445, 4, -445, 10, -446, 0, -454, 0, -562, 7, -568, 8, -577, 9, -582, 7, -589, 8, -589, 9, -590, 0, -599, 0, -441, 1, -444, 5, -450, 2, -458, 5, -465, 6, -465, 6, -474, 1, -479, 2, -479, 0, -485]
[0, -427, 3, -433, 4, -433, 10, -433, 3, -445, 4, -445, 10, -446, 0, -454, 0, -562, 7, -568, 8, -577, 9, -582, 7, -589, 8, -589, 9, -590, 0, -599, 0, -441, 1, -444, 5, -450, 2, -458, 5, -465, 6, -465, 6, -474, 1, -479, 2, -479, 0, -485]
[0, -427, 3, -433, 4, -433, 10, -433, 3, -445, 4, -445, 10, -446, 0, -454, 0, -562, 7, -568, 8, -577, 9, -582, 7, -589, 8, -589, 9, -590, 0, -599, 0, -441, 1, -444, 5, -450, 2, -458, 5, -465, 6, -465, 6, -474, 1, -479, 2, -479, 0, -485]
[0, -427, 3, -433, 4, -433, 10, -433, 3, -445, 4, -445, 10, -446, 0, -454, 0, -562, 7, -568, 8, -577, 9, -582, 7, -589, 8, -589, 9, -590, 0, -599, 0, -441, 1, -444, 5, -450, 2, -458, 5, -465, 6, -465, 6, -474, 1, -479, 2, -479, 0, -485]
[0, -427, 3, -433, 4, -433, 10, -433, 3, -445, 4, -445, 10, -446, 0, -454, 0, -562, 7, -568, 8, -577, 9, -582, 7, -589, 8, -589, 9, -590, 0, -599, 0, -441, 1, -444, 5, -450, 2, -458, 5, -465, 6, -465, 6, -474, 1, -479, 2, -479, 0, -485]
[0, -427, 3, -433, 4, -433, 10, -433, 3, -445, 4, -445, 10, -446, 0, -454, 0, -562, 7, -568, 8, -577, 9, -582, 7, -589, 8, -589, 9, -590, 0, -599, 0, -441, 1, -444, 5, -450, 2, -458, 5, -465, 6, -465, 6, -474, 1, -479, 2, -479, 0, -485]
[0, -427, 3, -433, 4, -433, 10, -433, 3, -445, 4, -445, 10, -446, 0, -454, 0, -562, 7, -568, 8, -577, 9, -582, 7, -589, 8, -589, 9, -590, 0, -599, 0, -441, 1, -444, 5, -450, 2, -458, 5, -465, 6, -465, 6, -474, 1, -479, 2, -479, 0, -485]
[0, -427, 3, -433, 4, -433, 10, -433, 3, -445, 4, -445, 10, -446, 0, -454, 0, -562, 7, -568, 8, -577, 9, -582, 7, -589, 8, -589, 9, -590, 0, -599, 0, -441, 1, -444, 5, -450, 2, -458, 5, -465, 6, -465, 6, -474, 1, -479, 2, -479, 0, -485]
[0, -427, 3, -433, 4, -433, 10, -433, 3, -445, 4, -445, 10, -446, 0, -454, 0, -562, 7, -568, 8, -577, 9, -582, 7, -589, 8, -589, 9, -590, 0, -599, 0, -441, 1, -444, 5, -450, 2, -458, 5, -465, 6, -465, 6, -474, 1, -479, 2, -479, 0, -485]
[0, -427, 3, -433, 4, -433, 10, -433, 3, -445, 4, -445, 10, -446, 0, -454, 0, -562, 7, -568, 8, -577, 9, -582, 7, -589, 8, -589, 9, -590, 0, -599, 0, -441, 1, -444, 5, -450, 2, -458, 5, -465, 6, -465, 6, -474, 1, -479, 2, -479, 0, -485]
[0, -427, 3, -433, 4, -433, 10, -433, 3, -445, 4, -445, 10, -446, 0, -454, 0, -562, 7, -568, 8, -577, 9, -582, 7, -589, 8, -589, 9, -590, 0, -599, 0, -441, 1, -444, 5, -450, 2, -458, 5, -465, 6, -465, 6, -474, 1, -479, 2, -479, 0, -485]
[0, -427, 3, -433, 4, -433, 10, -433, 3, -445, 4, -445, 10, -446, 0, -454, 0, -562, 7, -568, 8, -577, 9, -582, 7, -589, 8, -589, 9, -590, 0, -599, 0, -441, 1, -444, 5, -450, 2, -458, 5, -465, 6, -465, 6, -474, 1, -479, 2, -479, 0, -485]
[0, -427, 3, -433, 4, -433, 10, -433, 3, -445, 4, -445, 10, -446, 0, -454, 0, -562, 7, -568, 8, -577, 9, -582, 7, -589, 8, -589, 9, -590, 0, -599, 0, -441, 1, -444, 5, -450, 2, -458, 5, -465, 6, -465, 6, -474, 1, -479, 2, -479, 0, -485]
[0, -427, 3, -433, 4, -433, 10, -433, 3, -445, 4, -445, 10, -446, 0, -454, 0, -562, 7, -568, 8, -577, 9, -582, 7, -589, 8, -589, 9, -590, 0, -599, 0, -441, 1, -444, 5, -450, 2, -458, 5, -465, 6, -465, 6, -474, 1, -479, 2, -479, 0, -485]
[0, -427, 3, -433, 4, -433, 10, -433, 3, -445, 4, -445, 10, -446, 0, -454, 0, -562, 7, -568, 8, -577, 9, -582, 7, -589, 8, -589, 9, -590, 0, -599, 0, -441, 1, -444, 5, -450, 2, -458, 5, -465, 6, -465, 6, -474, 1, -479, 2, -479, 0, -485]
[0, -427, 3, -433, 4, -433, 10, -433, 3, -445, 4, -445, 10, -446, 0, -454, 0, -562, 7, -568, 8, -577, 9, -582, 7, -589, 8, -589, 9, -590, 0, -599, 0, -441, 1, -444, 5, -450, 2, -458, 5, -465, 6, -465, 6, -474, 1, -479, 2, -479, 0, -485]
[0, -427, 3, -433, 4, -433, 10, -433, 3, -445, 4, -445, 10, -446, 0, -454, 0, -562, 7, -568, 8, -577, 9, -582, 7, -589, 8, -589, 9, -590, 0, -599, 0, -441, 1, -444, 5, -450, 2, -458, 5, -465, 6, -465, 6, -474, 1, -479, 2, -479, 0, -485]
[0, -427, 3, -433, 4, -433, 10, -433, 3, -445, 4, -445, 10, -446, 0, -454, 0, -562, 7, -568, 8, -577, 9, -582, 7, -589, 8, -589, 9, -590, 0, -599, 0, -441, 1, -444, 5, -450, 2, -458, 5, -465, 6, -465, 6, -474, 1, -479, 2, -479, 0, -485]
