[]
[]
[]
[]
[]
[]
[]
[]
[]
[]
[]
[]
[]
[]
[0, -427, 3, -433, 4, -433, 3, -445, 4, -445, 0, -455, 0, -437, 10, -443, 10, -452, 5, -459, 5, -464, 6, -464, 6, -473, 0, -480, 0, -562, 7, -568, 8, -577, 9, -582, 7, -589, 8, -589, 9, -590, 0, -599, 0, -460, 1, -463, 2, -463, 1, -470, 2, -470, 0, -476]
[0, -427, 3, -433, 4, -433, 3, -445, 4, -445, 0, -455, 0, -437, 10, -443, 10, -452, 5, -459, 5, -464, 6, -464, 6, -473, 0, -480, 0, -562, 7, -568, 8, -577, 9, -582, 7, -589, 8, -589, 9, -590, 0, -599, 0, -460, 1, -463, 2, -463, 1, -470, 2, -470, 0, -476]
[0, -427, 3, -433, 4, -433, 3, -445, 4, -445, 0, -455, 0, -437, 10, -443, 10, -452, 5, -459, 5, -464, 6, -464, 6, -473, 0, -480, 0, -562, 7, -568, 8, -577, 9, -582, 7, -589, 8, -589, 9, -590, 0, -599, 0, -460, 1, -463, 2, -463, 1, -470, 2, -470, 0, -476]
[0, -427, 3, -433, 4, -433, 3, -445, 4, -445, 0, -455, 0, -437, 10, -443, 10, -452, 5, -459, 5, -464, 6, -464, 6, -473, 0, -480, 0, -562, 7, -568, 8, -577, 9, -582, 7, -589, 8, -589, 9, -590, 0, -599, 0, -460, 1, -463, 2, -463, 1, -470, 2, -470, 0, -476]
[0, -427, 3, -433, 4, -433, 3, -445, 4, -445, 0, -455, 0, -437, 10, -443, 10, -452, 5, -459, 5, -464, 6, -464, 6, -473, 0, -480, 0, -562, 7, -568, 8, -577, 9, -582, 7, -589, 8, -589, 9, -590, 0, -599, 0, -460, 1, -463, 2, -463, 1, -470, 2, -470, 0, -476]
[0, -427, 3, -433, 4, -433, 3, -445, 4, -445, 0, -455, 0, -437, 10, -443, 10, -452, 5, -459, 5, -464, 6, -464, 6, -473, 0, -480, 0, -562, 7, -568, 8, -577, 9, -582, 7, -589, 8, -589, 9, -590, 0, -599, 0, -460, 1, -463, 2, -463, 1, -470, 2, -470, 0, -476]
[0, -427, 3, -433, 4, -433, 3, -445, 4, -445, 0, -455, 0, -437, 10, -443, 10, -452, 5, -459, 5, -464, 6, -464, 6, -473, 0, -480, 0, -562, 7, -568, 8, -577, 9, -582, 7, -589, 8, -589, 9, -590, 0, -599, 0, -460, 1, -463, 2, -463, 1, -470, 2, -470, 0, -476]
[0, -427, 3, -433, 4, -433, 3, -445, 4, -445, 0, -455, 0, -437, 10, -443, 10, -452, 5, -459, 5, -464, 6, -464, 6, -473, 0, -480, 0, -562, 7, -568, 8, -577, 9, -582, 7, -589, 8, -589, 9, -590, 0, -599, 0, -460, 1, -463, 2, -463, 1, -470, 2, -470, 0, -476]
[0, -427, 3, -433, 4, -433, 3, -445, 4, -445, 0, -455, 0, -437, 10, -443, 10, -452, 5, -459, 5, -464, 6, -464, 6, -473, 0, -480, 0, -562, 7, -568, 8, -577, 9, -582, 7, -589, 8, -589, 9, -590, 0, -599, 0, -460, 1, -463, 2, -463, 1, -470, 2, -470, 0, -476]
[0, -427, 3, -433, 4, -433, 3, -445, 4, -445, 0, -455, 0, -437, 10, -443, 10, -452, 5, -459, 5, -464, 6, -464, 6, -473, 0, -480, 0, -562, 7, -568, 8, -577, 9, -582, 7, -589, 8, -589, 9, -590, 0, -599, 0, -460, 1, -463, 2, -463, 1, -470, 2, -470, 0, -476]
[0, -427, 3, -433, 4, -433, 3, -445, 4, -445, 0, -455, 0, -437, 10, -443, 10, -452, 5, -459, 5, -464, 6, -464, 6, -473, 0, -480, 0, -562, 7, -568, 8, -577, 9, -582, 7, -589, 8, -589, 9, -590, 0, -599, 0, -460, 1, -463, 2, -463, 1, -470, 2, -470, 0, -476]
[0, -427, 3, -433, 4, -433, 3, -445, 4, -445, 0, -455, 0, -437, 10, -443, 10, -452, 5, -459, 5, -464, 6, -464, 6, -473, 0, -480, 0, -562, 7, -568, 8, -577, 9, -582, 7, -589, 8, -589, 9, -590, 0, -599, 0, -460, 1, -463, 2, -463, 1, -470, 2, -470, 0, -476]
[0, -427, 3, -433, 4, -433, 3, -445, 4, -445, 0, -455, 0, -437, 10, -443, 10, -452, 5, -459, 5, -464, 6, -464, 6, -473, 0, -480, 0, -562, 7, -568, 8, -577, 9, -582, 7, -589, 8, -589, 9, -590, 0, -599, 0, -460, 1, -463, 2, -463, 1, -470, 2, -470, 0, -476]
[0, -427, 3, -433, 4, -433, 3, -445, 4, -445, 0, -455, 0, -437, 10, -443, 10, -452, 5, -459, 5, -464, 6, -464, 6, -473, 0, -480, 0, -562, 7, -568, 8, -577, 9, -582, 7, -589, 8, -589, 9, -590, 0, -599, 0, -460, 1, -463, 2, -463, 1, -470, 2, -470, 0, -476]
[0, -427, 3, -433, 4, -433, 3, -445, 4, -445, 0, -455, 0, -437, 10, -443, 10, -452, 5, -459, 5, -464, 6, -464, 6, -473, 0, -480, 0, -562, 7, -568, 8, -577, 9, -582, 7, -589, 8, -589, 9, -590, 0, -599, 0, -460, 1, -463, 2, -463, 1, -470, 2, -470, 0, -476]
[0, -427, 3, -433, 4, -433, 3, -445, 4, -445, 0, -455, 0, -437, 10, -443, 10, -452, 5, -459, 5, -464, 6, -464, 6, -473, 0, -480, 0, -562, 7, -568, 8, -577, 9, -582, 7, -589, 8, -589, 9, -590, 0, -599, 0, -460, 1, -463, 2, -463, 1, -470, 2, -470, 0, -476]
[0, -427, 3, -433, 4, -433, 4, -445, 3, -445, 10, -453, 10, -462, 0, -470, 0, -454, 5, -460, 5, -465, 6, -465, 6, -474, 0, -481, 0, -562, 7, -568, 8, -577, 9, -582, 7, -589, 8, -589, 9, -590, 0, -599, 0, -460, 1, -463, 2, -463, 1, -470, 2, -470, 0, -476]
[0, -427, 3, -433, 4, -433, 4, -445, 3, -445, 10, -453, 10, -462, 0, -470, 0, -454, 5, -460, 5, -465, 6, -465, 6, -474, 0, -481, 0, -562, 7, -568, 8, -577, 9, -582, 7, -589, 8, -589, 9, -590, 0, -599, 0, -460, 1, -463, 2, -463, 1, -470, 2, -470, 0, -476]
[0, -427, 3, -433, 4, -433, 4, -445, 3, -445, 10, -453, 10, -462, 0, -470, 0, -454, 5, -460, 5, -465, 6, -465, 6, -474, 0, -481, 0, -562, 7, -568, 8, -577, 9, -582, 7, -589, 8, -589, 9, -590, 0, -599, 0, -460, 1, -463, 2, -463, 1, -470, 2, -470, 0, -476]
[0, -427, 3, -433, 4, -433, 4, -445, 3, -445, 10, -453, 10, -462, 0, -470, 0, -454, 5, -460, 5, -465, 6, -465, 6, -474, 0, -481, 0, -562, 7, -568, 8, -577, 9, -582, 7, -589, 8, -589, 9, -590, 0, -599, 0, -460, 1, -463, 2, -463, 1, -470, 2, -470, 0, -476]
[0, -427, 3, -433, 4, -433, 4, -445, 3, -445, 10, -453, 10, -462, 0, -470, 0, -454, 5, -460, 5, -465, 6, -465, 6, -474, 0, -481, 0, -562, 7, -568, 8, -577, 9, -582, 7, -589, 8, -589, 9, -590, 0, -599, 0, -460, 1, -463, 2, -463, 1, -470, 2, -470, 0, -476]
[0, -427, 3, -433, 4, -433, 4, -445, 3, -445, 10, -453, 10, -462, 0, -470, 0, -454, 5, -460, 5, -465, 6, -465, 6, -474, 0, -481, 0, -562, 7, -568, 8, -577, 9, -582, 7, -589, 8, -589, 9, -590, 0, -599, 0, -460, 1, -463, 2, -463, 1, -470, 2, -470, 0, -476]
[0, -427, 3, -433, 4, -433, 4, -445, 3, -445, 10, -453, 10, -462, 0, -470, 0, -454, 5, -460, 5, -465, 6, -465, 6, -474, 0, -481, 0, -562, 7, -568, 8, -577, 9, -582, 7, -589, 8, -589, 9, -590, 0, -599, 0, -460, 1, -463, 2, -463, 1, -470, 2, -470, 0, -476]
[0, -427, 3, -433, 4, -433, 4, -445, 3, -445, 10, -453, 10, -462, 0, -470, 0, -454, 5, -460, 5, -465, 6, -465, 6, -474, 0, -481, 0, -562, 7, -568, 8, -577, 9, -582, 7, -589, 8, -589, 9, -590, 0, -599, 0, -460, 1, -463, 2, -463, 1, -470, 2, -470, 0, -476]
[0, -427, 3, -433, 4, -433, 4, -445, 3, -445, 10, -453, 10, -462, 0, -470, 0, -454, 5, -460, 5, -465, 6, -465, 6, -474, 0, -481, 0, -562, 7, -568, 8, -577, 9, -582, 7, -589, 8, -589, 9, -590, 0, -599, 0, -460, 1, -463, 2, -463, 1, -470, 2, -470, 0, -476]
[0, -427, 3, -433, 4, -433, 4, -445, 3, -445, 10, -453, 10, -462, 0, -470, 0, -454, 5, -460, 5, -465, 6, -465, 6, -474, 0, -481, 0, -562, 7, -568, 8, -577, 9, -582, 7, -589, 8, -589, 9, -590, 0, -599, 0, -460, 1, -463, 2, -463, 1, -470, 2, -470, 0, -476]
[0, -427, 3, -433, 4, -433, 4, -445, 3, -445, 10, -453, 10, -462, 0, -470, 0, -454, 5, -460, 5, -465, 6, -465, 6, -474, 0, -481, 0, -562, 7, -568, 8, -577, 9, -582, 7, -589, 8, -589, 9, -590, 0, -599, 0, -460, 1, -463, 2, -463, 1, -470, 2, -470, 0, -476]
[0, -427, 3, -433, 4, -433, 4, -445, 3, -445, 10, -453, 10, -462, 0, -470, 0, -454, 5, -460, 5, -465, 6, -465, 6, -474, 0, -481, 0, -562, 7, -568, 8, -577, 9, -582, 7, -589, 8, -589, 9, -590, 0, -599, 0, -460, 1, -463, 2, -463, 1, -470, 2, -470, 0, -476]
[0, -427, 3, -433, 4, -433, 4, -445, 3, -445, 10, -453, 10, -462, 0, -470, 0, -454, 5, -460, 5, -465, 6, -465, 6, -474, 0, -481, 0, -562, 7, -568, 8, -577, 9, -582, 7, -589, 8, -589, 9, -590, 0, -599, 0, -460, 1, -463, 2, -463, 1, -470, 2, -470, 0, -476]
[0, -427, 3, -433, 4, -433, 4, -445, 3, -445, 10, -453, 10, -462, 0, -470, 0, -454, 5, -460, 5, -465, 6, -465, 6, -474, 0, -481, 0, -562, 7, -568, 8, -577, 9, -582, 7, -589, 8, -589, 9, -590, 0, -599, 0, -460, 1, -463, 2, -463, 1, -470, 2, -470, 0, -476]
[0, -427, 3, -433, 4, -433, 4, -445, 3, -445, 10, -453, 10, -462, 0, -470, 0, -454, 5, -460, 5, -465, 6, -465, 6, -474, 0, -481, 0, -562, 7, -568, 8, -577, 9, -582, 7, -589, 8, -589, 9, -590, 0, -599, 0, -460, 1, -463, 2, -463, 1, -470, 2, -470, 0, -476]
[0, -427, 3, -433, 4, -433, 4, -445, 3, -445, 10, -453, 10, -462, 0, -470, 0, -454, 5, -460, 5, -465, 6, -465, 6, -474, 0, -481, 0, -562, 7, -568, 8, -577, 9, -582, 7, -589, 8, -589, 9, -590, 0, -599, 0, -460, 1, -463, 2, -463, 1, -470, 2, -470, 0, -476]
[0, -427, 3, -433, 4, -433, 4, -445, 3, -445, 10, -453, 10, -462, 0, -470, 0, -454, 5, -460, 5, -465, 6, -465, 6, -474, 0, -481, 0, -562, 7, -568, 8, -577, 9, -582, 7, -589, 8, -589, 9, -590, 0, -599, 0, -460, 1, -463, 2, -463, 1, -470, 2, -470, 0, -476]
[0, -427, 3, -433, 4, -433, 4, -445, 3, -445, 10, -453, 10, -462, 0, -470, 0, -454, 5, -460, 5, -465, 6, -465, 6, -474, 0, -481, 0, -562, 7, -568, 8, -577, 9, -582, 7, -589, 8, -589, 9, -590, 0, -599, 0, -460, 1, -463, 2, -463, 1, -470, 2, -470, 0, -476]
[0, -427, 3, -433, 4, -433, 4, -445, 3, -445, 10, -453, 10, -462, 0, -470, 0, -454, 5, -460, 5, -465, 6, -465, 6, -474, 0, -481, 0, -562, 7, -568, 8, -577, 9, -582, 7, -589, 8, -589, 9, -590, 0, -599, 0, -460, 1, -463, 2, -463, 1, -470, 2, -470, 0, -476]
[0, -427, 3, -433, 4, -433, 4, -445, 3, -445, 10, -453, 10, -462, 0, -470, 0, -454, 5, -460, 5, -465, 6, -465, 6, -474, 0, -481, 0, -562, 7, -568, 8, -577, 9, -582, 7, -589, 8, -589, 9, -590, 0, -599, 0, -460, 1, -463, 2, -463, 1, -470, 2, -470, 0, -476]
[0, -427, 3, -433, 4, -433, 4, -445, 3, -445, 10, -453, 10, -462, 0, -470, 0, -454, 5, -460, 5, -465, 6, -465, 6, -474, 0, -481, 0, -562, 7, -568, 8, -577, 9, -582, 7, -589, 8, -589, 9, -590, 0, -599, 0, -460, 1, -463, 2, -463, 1, -470, 2, -470, 0, -476]
[0, -427, 3, -433, 4, -433, 4, -445, 3, -445, 10, -453, 10, -462, 0, -470, 0, -454, 5, -460, 5, -465, 6, -465, 6, -474, 0, -481, 0, -562, 7, -568, 8, -577, 9, -582, 7, -589, 8, -589, 9, -590, 0, -599, 0, -460, 1, -463, 2, -463, 1, -470, 2, -470, 0, -476]
[0, -427, 3, -433, 4, -433, 4, -445, 3, -445, 10, -453, 10, -462, 0, -470, 0, -454, 5, -460, 5, -465, 6, -465, 6, -474, 0, -481, 0, -562, 7, -568, 8, -577, 9, -582, 7, -589, 8, -589, 9, -590, 0, -599, 0, -460, 1, -463, 2, -463, 1, -470, 2, -470, 0, -476]
[0, -427, 3, -433, 4, -433, 4, -445, 3, -445, 10, -453, 10, -462, 0, -470, 0, -454, 5, -460, 5, -465, 6, -465, 6, -474, 0, -481, 0, -562, 7, -568, 8, -577, 9, -582, 7, -589, 8, -589, 9, -590, 0, -599, 0, -460, 1, -463, 2, -463, 1, -470, 2, -470, 0, -476]
[0, -427, 3, -433, 4, -433, 4, -445, 3, -445, 10, -453, 10, -462, 0, -470, 0, -454, 5, -460, 5, -465, 6, -465, 6, -474, 0, -481, 0, -562, 7, -568, 8, -577, 9, -582, 7, -589, 8, -589, 9, -590, 0, -599, 0, -460, 1, -463, 2, -463, 1, -470, 2, -470, 0, -476]
[0, -427, 3, -433, 4, -433, 4, -445, 3, -445, 10, -453, 10, -462, 0, -470, 0, -454, 5, -460, 5, -465, 6, -465, 6, -474, 0, -481, 0, -562, 7, -568, 8, -577, 9, -582, 7, -589, 8, -589, 9, -590, 0, -599, 0, -460, 1, -463, 2, -463, 1, -470, 2, -470, 0, -476]
[0, -427, 3, -433, 4, -433, 4, -445, 3, -445, 10, -453, 10, -462, 0, -470, 0, -454, 5, -460, 5, -465, 6, -465, 6, -474, 0, -481, 0, -562, 7, -568, 8, -577, 9, -582, 7, -589, 8, -589, 9, -590, 0, -599, 0, -460, 1, -463, 2, -463, 1, -470, 2, -470, 0, -476]
[0, -427, 3, -433, 4, -433, 4, -445, 3, -445, 10, -453, 10, -462, 0, -470, 0, -454, 5, -460, 5, -465, 6, -465, 6, -474, 0, -481, 0, -562, 7, -568, 8, -577, 9, -582, 7, -589, 8, -589, 9, -590, 0, -599, 0, -460, 1, -463, 2, -463, 1, -470, 2, -470, 0, -476]
[0, -427, 3, -433, 4, -433, 4, -445, 3, -445, 10, -453, 10, -462, 0, -470, 0, -454, 5, -460, 5, -465, 6, -465, 6, -474, 0, -481, 0, -562, 7, -568, 8, -577, 9, -582, 7, -589, 8, -589, 9, -590, 0, -599, 0, -460, 1, -463, 2, -463, 1, -470, 2, -470, 0, -476]
[0, -427, 3, -433, 4, -433, 4, -445, 3, -445, 10, -453, 10, -462, 0, -470, 0, -454, 5, -460, 5, -465, 6, -465, 6, -474, 0, -481, 0, -562, 7, -568, 8, -577, 9, -582, 7, -589, 8, -589, 9, -590, 0, -599, 0, -460, 1, -463, 2, -463, 1, -470, 2, -470, 0, -476]
[0, -427, 3, -433, 4, -433, 4, -445, 3, -445, 10, -453, 10, -462, 0, -470, 0, -454, 5, -460, 5, -465, 6, -465, 6, -474, 0, -481, 0, -562, 7, -568, 8, -577, 9, -582, 7, -589, 8, -589, 9, -590, 0, -599, 0, -460, 1, -463, 2, -463, 1, -470, 2, -470, 0, -476]
[0, -427, 3, -433, 4, -433, 4, -445, 3, -445, 10, -453, 10, -462, 0, -470, 0, -454, 5, -460, 5, -465, 6, -465, 6, -474, 0, -481, 0, -562, 7, -568, 8, -577, 9, -582, 7, -589, 8, -589, 9, -590, 0, -599, 0, -460, 1, -463, 2, -463, 1, -470, 2, -470, 0, -476]
[0, -427, 3, -433, 4, -433, 4, -445, 3, -445, 10, -453, 10, -462, 0, -470, 0, -454, 5, -460, 5, -465, 6, -465, 6, -474, 0, -481, 0, -562, 7, -568, 8, -577, 9, -582, 7, -589, 8, -589, 9, -590, 0, -599, 0, -460, 1, -463, 2, -463, 1, -470, 2, -470, 0, -476]
[0, -427, 3, -433, 4, -433, 4, -445, 3, -445, 10, -453, 10, -462, 0, -470, 0, -454, 5, -460, 5, -465, 6, -465, 6, -474, 0, -481, 0, -562, 7, -568, 8, -577, 9, -582, 7, -589, 8, -589, 9, -590, 0, -599, 0, -460, 1, -463, 2, -463, 1, -470, 2, -470, 0, -476]
[0, -427, 3, -433, 4, -433, 4, -445, 3, -445, 10, -453, 10, -462, 0, -470, 0, -454, 5, -460, 5, -465, 6, -465, 6, -474, 0, -481, 0, -562, 7, -568, 8, -577, 9, -582, 7, -589, 8, -589, 9, -590, 0, -599, 0, -460, 1, -463, 2, -463, 1, -470, 2, -470, 0, -476]
[0, -427, 3, -433, 4, -433, 4, -445, 3, -445, 10, -453, 10, -462, 0, -470, 0, -454, 5, -460, 5, -465, 6, -465, 6, -474, 0, -481, 0, -562, 7, -568, 8, -577, 9, -582, 7, -589, 8, -589, 9, -590, 0, -599, 0, -460, 1, -463, 2, -463, 1, -470, 2, -470, 0, -476]
[0, -427, 3, -433, 4, -433, 4, -445, 3, -445, 10, -453, 10, -462, 0, -470, 0, -454, 5, -460, 5, -465, 6, -465, 6, -474, 0, -481, 0, -562, 7, -568, 8, -577, 9, -582, 7, -589, 8, -589, 9, -590, 0, -599, 0, -460, 1, -463, 2, -463, 1, -470, 2, -470, 0, -476]
[0, -427, 3, -433, 4, -433, 4, -445, 3, -445, 10, -453, 10, -462, 0, -470, 0, -454, 5, -460, 5, -465, 6, -465, 6, -474, 0, -481, 0, -562, 7, -568, 8, -577, 9, -582, 7, -589, 8, -589, 9, -590, 0, -599, 0, -460, 1, -463, 2, -463, 1, -470, 2, -470, 0, -476]
[0, -427, 3, -433, 4, -433, 4, -445, 3, -445, 10, -453, 10, -462, 0, -470, 0, -454, 5, -460, 5, -465, 6, -465, 6, -474, 0, -481, 0, -562, 7, -568, 8, -577, 9, -582, 7, -589, 8, -589, 9, -590, 0, -599, 0, -460, 1, -463, 2, -463, 1, -470, 2, -470, 0, -476]
[0, -427, 3, -433, 4, -433, 4, -445, 3, -445, 10, -453, 10, -462, 0, -470, 0, -454, 5, -460, 5, -465, 6, -465, 6, -474, 0, -481, 0, -562, 7, -568, 8, -577, 9, -582, 7, -589, 8, -589, 9, -590, 0, -599, 0, -460, 1, -463, 2, -463, 1, -470, 2, -470, 0, -476]
[0, -427, 3, -433, 4, -433, 4, -445, 3, -445, 10, -453, 10, -462, 0, -470, 0, -454, 5, -460, 5, -465, 6, -465, 6, -474, 0, -481, 0, -562, 7, -568, 8, -577, 9, -582, 7, -589, 8, -589, 9, -590, 0, -599, 0, -460, 1, -463, 2, -463, 1, -470, 2, -470, 0, -476]
[0, -427, 3, -433, 4, -433, 4, -445, 3, -445, 10, -453, 10, -462, 0, -470, 0, -454, 5, -460, 5, -465, 6, -465, 6, -474, 0, -481, 0, -562, 7, -568, 8, -577, 9, -582, 7, -589, 8, -589, 9, -590, 0, -599, 0, -460, 1, -463, 2, -463, 1, -470, 2, -470, 0, -476]
[0, -427, 3, -433, 4, -433, 4, -445, 3, -445, 10, -453, 10, -462, 0, -470, 0, -454, 5, -460, 5, -465, 6, -465, 6, -474, 0, -481, 0, -562, 7, -568, 8, -577, 9, -582, 7, -589, 8, -589, 9, -590, 0, -599, 0, -460, 1, -463, 2, -463, 1, -470, 2, -470, 0, -476]
[0, -427, 3, -433, 4, -433, 4, -445, 3, -445, 10, -453, 10, -462, 0, -470, 0, -454, 5, -460, 5, -465, 6, -465, 6, -474, 0, -481, 0, -562, 7, -568, 8, -577, 9, -582, 7, -589, 8, -589, 9, -590, 0, -599, 0, -460, 1, -463, 2, -463, 1, -470, 2, -470, 0, -476]
[0, -427, 3, -433, 4, -433, 4, -445, 3, -445, 10, -453, 10, -462, 0, -470, 0, -454, 5, -460, 5, -465, 6, -465, 6, -474, 0, -481, 0, -562, 7, -568, 8, -577, 9, -582, 7, -589, 8, -589, 9, -590, 0, -599, 0, -460, 1, -463, 2, -463, 1, -470, 2, -470, 0, -476]
[0, -427, 3, -433, 4, -433, 4, -445, 3, -445, 10, -453, 10, -462, 0, -470, 0, -454, 5, -460, 5, -465, 6, -465, 6, -474, 0, -481, 0, -562, 7, -568, 8, -577, 9, -582, 7, -589, 8, -589, 9, -590, 0, -599, 0, -460, 1, -463, 2, -463, 1, -470, 2, -470, 0, -476]
[0, -427, 3, -433, 4, -433, 4, -445, 3, -445, 10, -453, 10, -462, 0, -470, 0, -454, 5, -460, 5, -465, 6, -465, 6, -474, 0, -481, 0, -562, 7, -568, 8, -577, 9, -582, 7, -589, 8, -589, 9, -590, 0, -599, 0, -460, 1, -463, 2, -463, 1, -470, 2, -470, 0, -476]
[0, -427, 3, -433, 4, -433, 4, -445, 3, -445, 10, -453, 10, -462, 0, -470, 0, -454, 5, -460, 5, -465, 6, -465, 6, -474, 0, -481, 0, -562, 7, -568, 8, -577, 9, -582, 7, -589, 8, -589, 9, -590, 0, -599, 0, -460, 1, -463, 2, -463, 1, -470, 2, -470, 0, -476]
[0, -427, 3, -433, 4, -433, 4, -445, 3, -445, 10, -453, 10, -462, 0, -470, 0, -454, 5, -460, 5, -465, 6, -465, 6, -474, 0, -481, 0, -562, 7, -568, 8, -577, 9, -582, 7, -589, 8, -589, 9, -590, 0, -599, 0, -460, 1, -463, 2, -463, 1, -470, 2, -470, 0, -476]
[0, -427, 3, -433, 4, -433, 4, -445, 3, -445, 10, -453, 10, -462, 0, -470, 0, -454, 5, -460, 5, -465, 6, -465, 6, -474, 0, -481, 0, -562, 7, -568, 8, -577, 9, -582, 7, -589, 8, -589, 9, -590, 0, -599, 0, -460, 1, -463, 2, -463, 1, -470, 2, -470, 0, -476]
[0, -427, 3, -433, 4, -433, 4, -445, 3, -445, 10, -453, 10, -462, 0, -470, 0, -454, 5, -460, 5, -465, 6, -465, 6, -474, 0, -481, 0, -562, 7, -568, 8, -577, 9, -582, 7, -589, 8, -589, 9, -590, 0, -599, 0, -460, 1, -463, 2, -463, 1, -470, 2, -470, 0, -476]
[0, -427, 3, -433, 4, -433, 4, -445, 3, -445, 10, -453, 10, -462, 0, -470, 0, -454, 5, -460, 5, -465, 6, -465, 6, -474, 0, -481, 0, -562, 7, -568, 8, -577, 9, -582, 7, -589, 8, -589, 9, -590, 0, -599, 0, -460, 1, -463, 2, -463, 1, -470, 2, -470, 0, -476]
[0, -427, 3, -433, 4, -433, 4, -445, 3, -445, 10, -453, 10, -462, 0, -470, 0, -454, 5, -460, 5, -465, 6, -465, 6, -474, 0, -481, 0, -562, 7, -568, 8, -577, 9, -582, 7, -589, 8, -589, 9, -590, 0, -599, 0, -460, 1, -463, 2, -463, 1, -470, 2, -470, 0, -476]
[0, -427, 3, -433, 4, -433, 4, -445, 3, -445, 10, -453, 10, -462, 0, -470, 0, -454, 5, -460, 5, -465, 6, -465, 6, -474, 0, -481, 0, -562, 7, -568, 8, -577, 9, -582, 7, -589, 8, -589, 9, -590, 0, -599, 0, -460, 1, -463, 2, -463, 1, -470, 2, -470, 0, -476]
[0, -427, 3, -433, 4, -433, 4, -445, 3, -445, 10, -453, 10, -462, 0, -470, 0, -454, 5, -460, 5, -465, 6, -465, 6, -474, 0, -481, 0, -562, 7, -568, 8, -577, 9, -582, 7, -589, 8, -589, 9, -590, 0, -599, 0, -460, 1, -463, 2, -463, 1, -470, 2, -470, 0, -476]
[0, -427, 3, -433, 4, -433, 4, -445, 3, -445, 10, -453, 10, -462, 0, -470, 0, -454, 5, -460, 5, -465, 6, -465, 6, -474, 0, -481, 0, -562, 7, -568, 8, -577, 9, -582, 7, -589, 8, -589, 9, -590, 0, -599, 0, -460, 1, -463, 2, -463, 1, -470, 2, -470, 0, -476]
[0, -427, 3, -433, 4, -433, 4, -445, 3, -445, 10, -453, 10, -462, 0, -470, 0, -454, 5, -460, 5, -465, 6, -465, 6, -474, 0, -481, 0, -562, 7, -568, 8, -577, 9, -582, 7, -589, 8, -589, 9, -590, 0, -599, 0, -460, 1, -463, 2, -463, 1, -470, 2, -470, 0, -476]
[0, -427, 3, -433, 4, -433, 4, -445, 3, -445, 10, -453, 10, -462, 0, -470, 0, -454, 5, -460, 5, -465, 0, -475, 0, -562, 7, -568, 8, -577, 9, -582, 7, -589, 8, -589, 9, -590, 0, -599, 0, -460, 1, -463, 2, -463, 2, -470, 1, -470, 6, -477, 6, -486, 0, -493]
[0, -427, 3, -433, 4, -433, 4, -445, 3, -445, 10, -453, 10, -462, 0, -470, 0, -454, 5, -460, 5, -465, 0, -475, 0, -562, 7, -568, 8, -577, 9, -582, 7, -589, 8, -589, 9, -590, 0, -599, 0, -460, 1, -463, 2, -463, 2, -470, 1, -470, 6, -477, 6, -486, 0, -493]
[0, -427, 3, -433, 4, -433, 4, -445, 3, -445, 10, -453, 10, -462, 0, -470, 0, -454, 5, -460, 5, -465, 0, -475, 0, -562, 7, -568, 8, -577, 9, -582, 7, -589, 8, -589, 9, -590, 0, -599, 0, -460, 1, -463, 2, -463, 2, -470, 1, -470, 6, -477, 6, -486, 0, -493]
[0, -427, 3, -433, 4, -433, 4, -445, 3, -445, 10, -453, 10, -462, 0, -470, 0, -454, 5, -460, 5, -465, 0, -475, 0, -562, 7, -568, 8, -577, 9, -582, 7, -589, 8, -589, 9, -590, 0, -599, 0, -460, 1, -463, 2, -463, 2, -470, 1, -470, 6, -477, 6, -486, 0, -493]
[0, -427, 3, -433, 4, -433, 4, -445, 3, -445, 10, -453, 10, -462, 0, -470, 0, -454, 5, -460, 5, -465, 0, -475, 0, -562, 7, -568, 8, -577, 9, -582, 7, -589, 8, -589, 9, -590, 0, -599, 0, -460, 1, -463, 2, -463, 2, -470, 1, -470, 6, -477, 6, -486, 0, -493]
[0, -427, 3, -433, 4, -433, 4, -445, 3, -445, 10, -453, 10, -462, 0, -470, 0, -454, 5, -460, 5, -465, 0, -475, 0, -562, 7, -568, 8, -577, 9, -582, 7, -589, 8, -589, 9, -590, 0, -599, 0, -460, 1, -463, 2, -463, 2, -470, 1, -470, 6, -477, 6, -486, 0, -493]
[0, -427, 3, -433, 4, -433, 4, -445, 3, -445, 10, -453, 10, -462, 0, -470, 0, -454, 5, -460, 5, -465, 0, -475, 0, -562, 7, -568, 8, -577, 9, -582, 7, -589, 8, -589, 9, -590, 0, -599, 0, -460, 1, -463, 2, -463, 2, -470, 1, -470, 6, -477, 6, -486, 0, -493]
[0, -427, 3, -433, 4, -433, 4, -445, 3, -445, 10, -453, 10, -462, 0, -470, 0, -454, 5, -460, 5, -465, 0, -475, 0, -562, 7, -568, 8, -577, 9, -582, 7, -589, 8, -589, 9, -590, 0, -599, 0, -460, 1, -463, 2, -463, 2, -470, 1, -470, 6, -477, 6, -486, 0, -493]
[0, -427, 3, -433, 4, -433, 4, -445, 3, -445, 10, -453, 10, -462, 0, -470, 0, -454, 5, -460, 5, -465, 0, -475, 0, -562, 7, -568, 8, -577, 9, -582, 7, -589, 8, -589, 9, -590, 0, -599, 0, -460, 1, -463, 2, -463, 2, -470, 1, -470, 6, -477, 6, -486, 0, -493]
[0, -427, 3, -433, 4, -433, 4, -445, 3, -445, 10, -453, 10, -462, 0, -470, 0, -454, 5, -460, 5, -465, 0, -475, 0, -562, 7, -568, 8, -577, 9, -582, 7, -589, 8, -589, 9, -590, 0, -599, 0, -460, 1, -463, 2, -463, 2, -470, 1, -470, 6, -477, 6, -486, 0, -493]
[0, -427, 3, -433, 4, -433, 4, -445, 3, -445, 10, -453, 10, -462, 0, -470, 0, -454, 5, -460, 5, -465, 0, -475, 0, -562, 7, -568, 8, -577, 9, -582, 7, -589, 8, -589, 9, -590, 0, -599, 0, -460, 1, -463, 2, -463, 2, -470, 1, -470, 6, -477, 6, -486, 0, -493]
[0, -427, 3, -433, 4, -433, 4, -445, 3, -445, 10, -453, 10, -462, 0, -470, 0, -454, 5, -460, 5, -465, 0, -475, 0, -562, 7, -568, 8, -577, 9, -582, 7, -589, 8, -589, 9, -590, 0, -599, 0, -460, 1, -463, 2, -463, 2, -470, 1, -470, 6, -477, 6, -486, 0, -493]
[0, -427, 3, -433, 4, -433, 4, -445, 3, -445, 10, -453, 10, -462, 0, -470, 0, -454, 5, -460, 5, -465, 0, -475, 0, -562, 7, -568, 8, -577, 9, -582, 7, -589, 8, -589, 9, -590, 0, -599, 0, -460, 1, -463, 2, -463, 2, -470, 1, -470, 6, -477, 6, -486, 0, -493]
