[]
[]
[]
[]
[]
[]
[]
[]
[]
[]
[]
[]
[]
[]
[]
[]
[]
[]
[]
[]
[]
[]
[]
[]
[]
[]
[]
[]
[]
[]
[]
[]
[]
[]
[]
[]
[]
[]
[]
[]
[]
[]
[]
[]
[]
[]
[]
[]
[]
[]
[]
[]
[]
[]
[]
[]
[]
[]
[]
[]
[0, -437, 5, -443, 10, -443, 10, -452, 1, -457, 5, -464, 6, -464, 1, -469, 6, -471, 0, -478, 0, -460, 2, -463, 2, -470, 0, -476, 0, -563, 8, -568, 9, -573, 8, -580, 7, -586, 7, -594, 9, -595, 0, -604, 0, -427, 4, -433, 3, -433, 4, -445, 3, -445, 0, -455]
[0, -437, 5, -443, 10, -443, 10, -452, 1, -457, 5, -464, 6, -464, 1, -469, 6, -471, 0, -478, 0, -460, 2, -463, 2, -470, 0, -476, 0, -563, 8, -568, 9, -573, 8, -580, 7, -586, 7, -594, 9, -595, 0, -604, 0, -427, 4, -433, 3, -433, 4, -445, 3, -445, 0, -455]
[0, -437, 5, -443, 10, -443, 10, -452, 1, -457, 5, -464, 6, -464, 1, -469, 6, -471, 0, -478, 0, -460, 2, -463, 2, -470, 0, -476, 0, -563, 8, -568, 9, -573, 8, -580, 7, -586, 7, -594, 9, -595, 0, -604, 0, -427, 4, -433, 3, -433, 4, -445, 3, -445, 0, -455]
[0, -437, 5, -443, 10, -443, 10, -452, 1, -457, 5, -464, 6, -464, 1, -469, 6, -471, 0, -478, 0, -460, 2, -463, 2, -470, 0, -476, 0, -563, 8, -568, 9, -573, 8, -580, 7, -586, 7, -594, 9, -595, 0, -604, 0, -427, 4, -433, 3, -433, 4, -445, 3, -445, 0, -455]
[0, -437, 5, -443, 10, -443, 10, -452, 1, -457, 5, -464, 6, -464, 1, -469, 6, -471, 0, -478, 0, -460, 2, -463, 2, -470, 0, -476, 0, -563, 8, -568, 9, -573, 8, -580, 7, -586, 7, -594, 9, -595, 0, -604, 0, -427, 4, -433, 3, -433, 4, -445, 3, -445, 0, -455]
[0, -437, 5, -443, 10, -443, 10, -452, 1, -457, 5, -464, 6, -464, 1, -469, 6, -471, 0, -478, 0, -460, 2, -463, 2, -470, 0, -476, 0, -563, 8, -568, 9, -573, 8, -580, 7, -586, 7, -594, 9, -595, 0, -604, 0, -427, 4, -433, 3, -433, 4, -445, 3, -445, 0, -455]
[0, -437, 5, -443, 10, -443, 10, -452, 1, -457, 5, -464, 6, -464, 1, -469, 6, -471, 0, -478, 0, -460, 2, -463, 2, -470, 0, -476, 0, -563, 8, -568, 9, -573, 8, -580, 7, -586, 7, -594, 9, -595, 0, -604, 0, -427, 4, -433, 3, -433, 4, -445, 3, -445, 0, -455]
[0, -437, 5, -443, 10, -443, 10, -452, 1, -457, 5, -464, 6, -464, 1, -469, 6, -471, 0, -478, 0, -460, 2, -463, 2, -470, 0, -476, 0, -563, 8, -568, 9, -573, 8, -580, 7, -586, 7, -594, 9, -595, 0, -604, 0, -427, 4, -433, 3, -433, 4, -445, 3, -445, 0, -455]
[0, -437, 5, -443, 10, -443, 10, -452, 1, -457, 5, -464, 6, -464, 1, -469, 6, -471, 0, -478, 0, -460, 2, -463, 2, -470, 0, -476, 0, -563, 8, -568, 9, -573, 8, -580, 7, -586, 7, -594, 9, -595, 0, -604, 0, -427, 4, -433, 3, -433, 4, -445, 3, -445, 0, -455]
[0, -437, 5, -443, 10, -443, 10, -452, 1, -457, 5, -464, 6, -464, 1, -469, 6, -471, 0, -478, 0, -460, 2, -463, 2, -470, 0, -476, 0, -563, 8, -568, 9, -573, 8, -580, 7, -586, 7, -594, 9, -595, 0, -604, 0, -427, 4, -433, 3, -433, 4, -445, 3, -445, 0, -455]
[0, -437, 5, -443, 10, -443, 10, -452, 1, -457, 5, -464, 6, -464, 1, -469, 6, -471, 0, -478, 0, -460, 2, -463, 2, -470, 0, -476, 0, -563, 8, -568, 9, -573, 8, -580, 7, -586, 7, -594, 9, -595, 0, -604, 0, -427, 4, -433, 3, -433, 4, -445, 3, -445, 0, -455]
[0, -437, 5, -443, 10, -443, 10, -452, 1, -457, 5, -464, 6, -464, 1, -469, 6, -471, 0, -478, 0, -460, 2, -463, 2, -470, 0, -476, 0, -563, 8, -568, 9, -573, 8, -580, 7, -586, 7, -594, 9, -595, 0, -604, 0, -427, 4, -433, 3, -433, 4, -445, 3, -445, 0, -455]
[0, -437, 5, -443, 10, -443, 10, -452, 1, -457, 5, -464, 6, -464, 1, -469, 6, -471, 0, -478, 0, -460, 2, -463, 2, -470, 0, -476, 0, -563, 8, -568, 9, -573, 8, -580, 7, -586, 7, -594, 9, -595, 0, -604, 0, -427, 4, -433, 3, -433, 4, -445, 3, -445, 0, -455]
[0, -437, 5, -443, 10, -443, 10, -452, 1, -457, 5, -464, 6, -464, 1, -469, 6, -471, 0, -478, 0, -460, 2, -463, 2, -470, 0, -476, 0, -563, 8, -568, 9, -573, 8, -580, 7, -586, 7, -594, 9, -595, 0, -604, 0, -427, 4, -433, 3, -433, 4, -445, 3, -445, 0, -455]
[0, -437, 5, -443, 10, -443, 10, -452, 1, -457, 5, -464, 6, -464, 1, -469, 6, -471, 0, -478, 0, -460, 2, -463, 2, -470, 0, -476, 0, -563, 8, -568, 9, -573, 8, -580, 7, -586, 7, -594, 9, -595, 0, -604, 0, -427, 4, -433, 3, -433, 4, -445, 3, -445, 0, -455]
[0, -437, 5, -443, 10, -443, 10, -452, 1, -457, 5, -464, 6, -464, 1, -469, 6, -471, 0, -478, 0, -460, 2, -463, 2, -470, 0, -476, 0, -563, 8, -568, 9, -573, 8, -580, 7, -586, 7, -594, 9, -595, 0, -604, 0, -427, 4, -433, 3, -433, 4, -445, 3, -445, 0, -455]
[0, -437, 5, -443, 10, -443, 10, -452, 1, -457, 5, -464, 6, -464, 1, -469, 6, -471, 0, -478, 0, -460, 2, -463, 2, -470, 0, -476, 0, -563, 8, -568, 9, -573, 8, -580, 7, -586, 7, -594, 9, -595, 0, -604, 0, -427, 4, -433, 3, -433, 4, -445, 3, -445, 0, -455]
[0, -437, 5, -443, 10, -443, 10, -452, 1, -457, 5, -464, 6, -464, 1, -469, 6, -471, 0, -478, 0, -460, 2, -463, 2, -470, 0, -476, 0, -563, 8, -568, 9, -573, 8, -580, 7, -586, 7, -594, 9, -595, 0, -604, 0, -427, 4, -433, 3, -433, 4, -445, 3, -445, 0, -455]
[0, -437, 5, -443, 10, -443, 10, -452, 1, -457, 5, -464, 6, -464, 1, -469, 6, -471, 0, -478, 0, -460, 2, -463, 2, -470, 0, -476, 0, -563, 8, -568, 9, -573, 8, -580, 7, -586, 7, -594, 9, -595, 0, -604, 0, -427, 4, -433, 3, -433, 4, -445, 3, -445, 0, -455]
[0, -437, 5, -443, 10, -443, 10, -452, 1, -457, 5, -464, 6, -464, 1, -469, 6, -471, 0, -478, 0, -460, 2, -463, 2, -470, 0, -476, 0, -563, 8, -568, 9, -573, 8, -580, 7, -586, 7, -594, 9, -595, 0, -604, 0, -427, 4, -433, 3, -433, 4, -445, 3, -445, 0, -455]
[0, -437, 5, -443, 10, -443, 10, -452, 1, -457, 5, -464, 6, -464, 1, -469, 6, -471, 0, -478, 0, -460, 2, -463, 2, -470, 0, -476, 0, -563, 8, -568, 9, -573, 8, -580, 7, -586, 7, -594, 9, -595, 0, -604, 0, -427, 4, -433, 3, -433, 4, -445, 3, -445, 0, -455]
[0, -437, 5, -443, 10, -443, 10, -452, 1, -457, 5, -464, 6, -464, 1, -469, 6, -471, 0, -478, 0, -460, 2, -463, 2, -470, 0, -476, 0, -563, 8, -568, 9, -573, 8, -580, 7, -586, 7, -594, 9, -595, 0, -604, 0, -427, 4, -433, 3, -433, 4, -445, 3, -445, 0, -455]
[0, -437, 5, -443, 10, -443, 10, -452, 1, -457, 5, -464, 6, -464, 1, -469, 6, -471, 0, -478, 0, -460, 2, -463, 2, -470, 0, -476, 0, -563, 8, -568, 9, -573, 8, -580, 7, -586, 7, -594, 9, -595, 0, -604, 0, -427, 4, -433, 3, -433, 4, -445, 3, -445, 0, -455]
[0, -437, 5, -443, 10, -443, 10, -452, 1, -457, 5, -464, 6, -464, 1, -469, 6, -471, 0, -478, 0, -460, 2, -463, 2, -470, 0, -476, 0, -563, 8, -568, 9, -573, 8, -580, 7, -586, 7, -594, 9, -595, 0, -604, 0, -427, 4, -433, 3, -433, 4, -445, 3, -445, 0, -455]
[0, -437, 5, -443, 10, -443, 10, -452, 1, -457, 5, -464, 6, -464, 1, -469, 6, -471, 0, -478, 0, -460, 2, -463, 2, -470, 0, -476, 0, -563, 8, -568, 9, -573, 8, -580, 7, -586, 7, -594, 9, -595, 0, -604, 0, -427, 4, -433, 3, -433, 4, -445, 3, -445, 0, -455]
[0, -437, 5, -443, 10, -443, 10, -452, 1, -457, 5, -464, 6, -464, 1, -469, 6, -471, 0, -478, 0, -460, 2, -463, 2, -470, 0, -476, 0, -563, 8, -568, 9, -573, 8, -580, 7, -586, 7, -594, 9, -595, 0, -604, 0, -427, 4, -433, 3, -433, 4, -445, 3, -445, 0, -455]
[0, -437, 5, -443, 10, -443, 10, -452, 1, -457, 5, -464, 6, -464, 1, -469, 6, -471, 0, -478, 0, -460, 2, -463, 2, -470, 0, -476, 0, -563, 8, -568, 9, -573, 8, -580, 7, -586, 7, -594, 9, -595, 0, -604, 0, -427, 4, -433, 3, -433, 4, -445, 3, -445, 0, -455]
[0, -437, 5, -443, 10, -443, 10, -452, 1, -457, 5, -464, 6, -464, 1, -469, 6, -471, 0, -478, 0, -460, 2, -463, 2, -470, 0, -476, 0, -563, 8, -568, 9, -573, 8, -580, 7, -586, 7, -594, 9, -595, 0, -604, 0, -427, 4, -433, 3, -433, 4, -445, 3, -445, 0, -455]
[0, -437, 5, -443, 10, -443, 10, -452, 1, -457, 5, -464, 6, -464, 1, -469, 6, -471, 0, -478, 0, -460, 2, -463, 2, -470, 0, -476, 0, -563, 8, -568, 9, -573, 8, -580, 7, -586, 7, -594, 9, -595, 0, -604, 0, -427, 4, -433, 3, -433, 4, -445, 3, -445, 0, -455]
[0, -437, 5, -443, 10, -443, 10, -452, 1, -457, 5, -464, 6, -464, 1, -469, 6, -471, 0, -478, 0, -460, 2, -463, 2, -470, 0, -476, 0, -563, 8, -568, 9, -573, 8, -580, 7, -586, 7, -594, 9, -595, 0, -604, 0, -427, 4, -433, 3, -433, 4, -445, 3, -445, 0, -455]
[0, -437, 5, -443, 10, -443, 10, -452, 1, -457, 5, -464, 6, -464, 1, -469, 6, -471, 0, -478, 0, -460, 2, -463, 2, -470, 0, -476, 0, -563, 8, -568, 9, -573, 8, -580, 7, -586, 7, -594, 9, -595, 0, -604, 0, -427, 4, -433, 3, -433, 4, -445, 3, -445, 0, -455]
[0, -437, 5, -443, 10, -443, 10, -452, 1, -457, 5, -464, 6, -464, 1, -469, 6, -471, 0, -478, 0, -460, 2, -463, 2, -470, 0, -476, 0, -563, 8, -568, 9, -573, 8, -580, 7, -586, 7, -594, 9, -595, 0, -604, 0, -427, 4, -433, 3, -433, 4, -445, 3, -445, 0, -455]
[0, -437, 5, -443, 10, -443, 10, -452, 1, -457, 5, -464, 6, -464, 1, -469, 6, -471, 0, -478, 0, -460, 2, -463, 2, -470, 0, -476, 0, -563, 8, -568, 9, -573, 8, -580, 7, -586, 7, -594, 9, -595, 0, -604, 0, -427, 4, -433, 3, -433, 4, -445, 3, -445, 0, -455]
[0, -437, 5, -443, 10, -443, 10, -452, 1, -457, 5, -464, 6, -464, 1, -469, 6, -471, 0, -478, 0, -460, 2, -463, 2, -470, 0, -476, 0, -563, 8, -568, 9, -573, 8, -580, 7, -586, 7, -594, 9, -595, 0, -604, 0, -427, 4, -433, 3, -433, 4, -445, 3, -445, 0, -455]
[0, -437, 5, -443, 10, -443, 10, -452, 1, -457, 5, -464, 6, -464, 1, -469, 6, -471, 0, -478, 0, -460, 2, -463, 2, -470, 0, -476, 0, -563, 8, -568, 9, -573, 8, -580, 7, -586, 7, -594, 9, -595, 0, -604, 0, -427, 4, -433, 3, -433, 4, -445, 3, -445, 0, -455]
[0, -437, 5, -443, 10, -443, 10, -452, 1, -457, 5, -464, 6, -464, 1, -469, 6, -471, 0, -478, 0, -460, 2, -463, 2, -470, 0, -476, 0, -563, 8, -568, 9, -573, 8, -580, 7, -586, 7, -594, 9, -595, 0, -604, 0, -427, 4, -433, 3, -433, 4, -445, 3, -445, 0, -455]
[0, -437, 5, -443, 10, -443, 10, -452, 1, -457, 5, -464, 6, -464, 1, -469, 6, -471, 0, -478, 0, -460, 2, -463, 2, -470, 0, -476, 0, -563, 8, -568, 9, -573, 8, -580, 7, -586, 7, -594, 9, -595, 0, -604, 0, -427, 4, -433, 3, -433, 4, -445, 3, -445, 0, -455]
[0, -437, 5, -443, 10, -443, 10, -452, 1, -457, 5, -464, 6, -464, 1, -469, 6, -471, 0, -478, 0, -460, 2, -463, 2, -470, 0, -476, 0, -563, 8, -568, 9, -573, 8, -580, 7, -586, 7, -594, 9, -595, 0, -604, 0, -427, 4, -433, 3, -433, 4, -445, 3, -445, 0, -455]
[0, -437, 5, -443, 10, -443, 10, -452, 1, -457, 5, -464, 6, -464, 1, -469, 6, -471, 0, -478, 0, -460, 2, -463, 2, -470, 0, -476, 0, -563, 8, -568, 9, -573, 8, -580, 7, -586, 7, -594, 9, -595, 0, -604, 0, -427, 4, -433, 3, -433, 4, -445, 3, -445, 0, -455]
[0, -437, 5, -443, 10, -443, 10, -452, 1, -457, 5, -464, 6, -464, 1, -469, 6, -471, 0, -478, 0, -460, 2, -463, 2, -470, 0, -476, 0, -563, 8, -568, 9, -573, 8, -580, 7, -586, 7, -594, 9, -595, 0, -604, 0, -427, 4, -433, 3, -433, 4, -445, 3, -445, 0, -455]
