8398
5933
5933
5933
5933
5933
5933
5933
5933
5933
5933
5933
5933
5933
5933
5933
5933
5933
5933
5933
5933
5933
5933
5933
5933
5933
5933
5933
5933
5933
5933
5933
5933
5933
5933
5933
5933
5933
5933
5933
5933
5933
5933
5933
5933
5933
5933
5933
5933
5933
5933
5933
5933
5933
5933
5933
5933
5933
5933
5933
5933
5933
5933
5933
5933
5933
5933
5933
5933
5933
5933
5933
5933
5803
5803
5803
5803
5803
5803
5803
5803
5803
5803
5803
5803
5803
5803
5803
5803
5803
5803
5803
5803
5803
5803
5803
5803
5803
5803
5803
