6899
6899
6899
6899
6652
6652
6652
6652
6652
6652
6652
6652
6652
6652
6146
6146
6146
6146
6009
6009
6009
6009
6009
5846
5846
5846
5846
5846
5846
5846
5846
5846
5846
5846
5846
5846
5846
5846
5846
5846
5846
5846
5846
5846
5846
5846
5846
5846
5846
5846
5846
5846
5846
5846
5846
5846
5846
5846
5846
5846
5846
5846
5846
5846
5846
5846
5846
5846
5846
5846
5846
5846
5846
5846
5846
5846
5846
5846
5846
5846
5846
5846
5846
5846
5846
5846
5846
5846
5846
5846
5846
5846
5846
5846
5846
5846
5846
5846
5846
5846
