8497
6768
6768
6768
6768
6768
6768
6768
6768
6768
6063
6063
6063
6063
6063
6063
6063
6063
6063
6063
6063
6063
6063
6063
6063
6063
6063
6063
6063
6063
6063
6063
6063
6063
6063
6063
6063
6063
6063
6063
6063
6063
6063
6063
6063
6063
6063
6063
6063
6063
6063
6063
6063
6063
6063
6063
6063
6063
6009
6009
6009
6009
6009
6009
6009
6009
6009
6009
6009
6009
6009
6009
6009
5160
5160
5160
5160
5160
5160
5160
5160
5160
5160
5160
5160
5160
5160
5160
5160
5160
5160
5160
5160
5160
5160
5160
5160
5160
5160
5160
