0	Solution - 6875	322	1453	170	0	30
1	Solution - 6875	322	1453	170	0	30
2	Solution - 6875	322	1453	170	0	30
3	Solution - 6875	322	1453	170	0	30
4	Solution - 6875	322	1453	170	0	30
5	Solution - 6875	322	1453	170	0	30
6	Solution - 6875	322	1453	170	0	30
7	Solution - 6875	322	1453	170	0	30
8	Solution - 6875	322	1453	170	0	30
9	Solution - 6280	324	1461	145	0	31
10	Solution - 6280	324	1461	145	0	31
11	Solution - 6280	324	1461	145	0	31
12	Solution - 6280	324	1461	145	0	31
13	Solution - 6084	327	1479	138	0	31
14	Solution - 6084	327	1479	138	0	31
15	Solution - 6084	327	1479	138	0	31
16	Solution - 6084	327	1479	138	0	31
17	Solution - 6084	327	1479	138	0	31
18	Solution - 6084	327	1479	138	0	31
19	Solution - 6084	327	1479	138	0	31
20	Solution - 6084	327	1479	138	0	31
21	Solution - 6084	327	1479	138	0	31
22	Solution - 6084	327	1479	138	0	31
23	Solution - 6084	327	1479	138	0	31
24	Solution - 6084	327	1479	138	0	31
25	Solution - 6084	327	1479	138	0	31
26	Solution - 6084	327	1479	138	0	31
27	Solution - 6084	327	1479	138	0	31
28	Solution - 6084	327	1479	138	0	31
29	Solution - 6084	327	1479	138	0	31
30	Solution - 6084	327	1479	138	0	31
31	Solution - 6084	327	1479	138	0	31
32	Solution - 6084	327	1479	138	0	31
33	Solution - 6084	327	1479	138	0	31
34	Solution - 6084	327	1479	138	0	31
35	Solution - 6084	327	1479	138	0	31
36	Solution - 6084	327	1479	138	0	31
37	Solution - 6084	327	1479	138	0	31
38	Solution - 6084	327	1479	138	0	31
39	Solution - 6084	327	1479	138	0	31
40	Solution - 6084	327	1479	138	0	31
41	Solution - 6084	327	1479	138	0	31
42	Solution - 6084	327	1479	138	0	31
43	Solution - 6084	327	1479	138	0	31
44	Solution - 6084	327	1479	138	0	31
45	Solution - 6084	327	1479	138	0	31
46	Solution - 6084	327	1479	138	0	31
47	Solution - 6084	327	1479	138	0	31
48	Solution - 6084	327	1479	138	0	31
49	Solution - 6084	327	1479	138	0	31
50	Solution - 5999	318	1465	136	0	31
51	Solution - 5999	318	1465	136	0	31
52	Solution - 5999	318	1465	136	0	31
53	Solution - 5999	318	1465	136	0	31
54	Solution - 5999	318	1465	136	0	31
55	Solution - 5094	320	1441	101	0	33
56	Solution - 5094	320	1441	101	0	33
57	Solution - 5094	320	1441	101	0	33
58	Solution - 5094	320	1441	101	0	33
59	Solution - 5094	320	1441	101	0	33
60	Solution - 5094	320	1441	101	0	33
61	Solution - 5094	320	1441	101	0	33
62	Solution - 5094	320	1441	101	0	33
63	Solution - 5094	320	1441	101	0	33
64	Solution - 5094	320	1441	101	0	33
65	Solution - 5094	320	1441	101	0	33
66	Solution - 5094	320	1441	101	0	33
67	Solution - 5094	320	1441	101	0	33
68	Solution - 5094	320	1441	101	0	33
69	Solution - 5094	320	1441	101	0	33
70	Solution - 5094	320	1441	101	0	33
71	Solution - 5094	320	1441	101	0	33
72	Solution - 5094	320	1441	101	0	33
73	Solution - 5094	320	1441	101	0	33
74	Solution - 5094	320	1441	101	0	33
75	Solution - 5094	320	1441	101	0	33
76	Solution - 5094	320	1441	101	0	33
77	Solution - 5094	320	1441	101	0	33
78	Solution - 5094	320	1441	101	0	33
79	Solution - 5094	320	1441	101	0	33
80	Solution - 5094	320	1441	101	0	33
81	Solution - 5094	320	1441	101	0	33
82	Solution - 5094	320	1441	101	0	33
83	Solution - 5094	320	1441	101	0	33
84	Solution - 5094	320	1441	101	0	33
85	Solution - 5094	320	1441	101	0	33
86	Solution - 5094	320	1441	101	0	33
87	Solution - 5094	320	1441	101	0	33
88	Solution - 5094	320	1441	101	0	33
89	Solution - 5094	320	1441	101	0	33
90	Solution - 5094	320	1441	101	0	33
91	Solution - 5094	320	1441	101	0	33
92	Solution - 5094	320	1441	101	0	33
93	Solution - 5094	320	1441	101	0	33
94	Solution - 5094	320	1441	101	0	33
95	Solution - 5094	320	1441	101	0	33
96	Solution - 5094	320	1441	101	0	33
97	Solution - 5094	320	1441	101	0	33
98	Solution - 5094	320	1441	101	0	33
99	Solution - 5094	320	1441	101	0	33
