0	Solution - 7227	321	1446	182	0	30
1	Solution - 7227	321	1446	182	0	30
2	Solution - 7156	327	1466	173	0	31
3	Solution - 7134	334	1520	160	0	33
4	Solution - 7134	334	1520	160	0	33
5	Solution - 7134	334	1520	160	0	33
6	Solution - 7134	334	1520	160	0	33
7	Solution - 7134	334	1520	160	0	33
8	Solution - 7134	334	1520	160	0	33
9	Solution - 7134	334	1520	160	0	33
10	Solution - 7134	334	1520	160	0	33
11	Solution - 6998	337	1515	166	0	31
12	Solution - 6998	337	1515	166	0	31
13	Solution - 6096	324	1484	134	0	32
14	Solution - 6096	324	1484	134	0	32
15	Solution - 6096	324	1484	134	0	32
16	Solution - 6096	324	1484	134	0	32
17	Solution - 6096	324	1484	134	0	32
18	Solution - 6096	324	1484	134	0	32
19	Solution - 6096	324	1484	134	0	32
20	Solution - 6096	324	1484	134	0	32
21	Solution - 6096	324	1484	134	0	32
22	Solution - 6096	324	1484	134	0	32
23	Solution - 6096	324	1484	134	0	32
24	Solution - 6096	324	1484	134	0	32
25	Solution - 6096	324	1484	134	0	32
26	Solution - 6096	324	1484	134	0	32
27	Solution - 6096	324	1484	134	0	32
28	Solution - 6096	324	1484	134	0	32
29	Solution - 6096	324	1484	134	0	32
30	Solution - 6096	324	1484	134	0	32
31	Solution - 6096	324	1484	134	0	32
32	Solution - 6096	324	1484	134	0	32
33	Solution - 6096	324	1484	134	0	32
34	Solution - 6096	324	1484	134	0	32
35	Solution - 6096	324	1484	134	0	32
36	Solution - 6096	324	1484	134	0	32
37	Solution - 6096	324	1484	134	0	32
38	Solution - 6096	324	1484	134	0	32
39	Solution - 6096	324	1484	134	0	32
40	Solution - 6096	324	1484	134	0	32
41	Solution - 6096	324	1484	134	0	32
42	Solution - 6096	324	1484	134	0	32
43	Solution - 6096	324	1484	134	0	32
44	Solution - 6096	324	1484	134	0	32
45	Solution - 6096	324	1484	134	0	32
46	Solution - 6096	324	1484	134	0	32
47	Solution - 6096	324	1484	134	0	32
48	Solution - 6096	324	1484	134	0	32
49	Solution - 6096	324	1484	134	0	32
50	Solution - 5809	335	1506	128	0	31
51	Solution - 5809	335	1506	128	0	31
52	Solution - 5809	335	1506	128	0	31
53	Solution - 5809	335	1506	128	0	31
54	Solution - 5809	335	1506	128	0	31
55	Solution - 5809	335	1506	128	0	31
56	Solution - 5809	335	1506	128	0	31
57	Solution - 5809	335	1506	128	0	31
58	Solution - 5809	335	1506	128	0	31
59	Solution - 5809	335	1506	128	0	31
60	Solution - 5809	335	1506	128	0	31
61	Solution - 5809	335	1506	128	0	31
62	Solution - 5809	335	1506	128	0	31
63	Solution - 5809	335	1506	128	0	31
64	Solution - 5809	335	1506	128	0	31
65	Solution - 5809	335	1506	128	0	31
66	Solution - 5809	335	1506	128	0	31
67	Solution - 5809	335	1506	128	0	31
68	Solution - 5809	335	1506	128	0	31
69	Solution - 5809	335	1506	128	0	31
70	Solution - 5809	335	1506	128	0	31
71	Solution - 5809	335	1506	128	0	31
72	Solution - 5809	335	1506	128	0	31
73	Solution - 5809	335	1506	128	0	31
74	Solution - 5809	335	1506	128	0	31
75	Solution - 5809	335	1506	128	0	31
76	Solution - 5809	335	1506	128	0	31
77	Solution - 5809	335	1506	128	0	31
78	Solution - 5809	335	1506	128	0	31
79	Solution - 5809	335	1506	128	0	31
80	Solution - 5809	335	1506	128	0	31
81	Solution - 5809	335	1506	128	0	31
82	Solution - 5809	335	1506	128	0	31
83	Solution - 5809	335	1506	128	0	31
84	Solution - 5809	335	1506	128	0	31
85	Solution - 5809	335	1506	128	0	31
86	Solution - 5809	335	1506	128	0	31
87	Solution - 5809	335	1506	128	0	31
88	Solution - 5809	335	1506	128	0	31
89	Solution - 5809	335	1506	128	0	31
90	Solution - 5809	335	1506	128	0	31
91	Solution - 5809	335	1506	128	0	31
92	Solution - 5809	335	1506	128	0	31
93	Solution - 5809	335	1506	128	0	31
94	Solution - 5809	335	1506	128	0	31
95	Solution - 5809	335	1506	128	0	31
96	Solution - 5809	335	1506	128	0	31
97	Solution - 5809	335	1506	128	0	31
98	Solution - 5809	335	1506	128	0	31
99	Solution - 5809	335	1506	128	0	31
