0	Solution - 7961	325	1467	199	0	31
1	Solution - 7961	325	1467	199	0	31
2	Solution - 7403	334	1520	179	0	31
3	Solution - 7394	321	1462	181	0	31
4	Solution - 5971	331	1486	134	0	31
5	Solution - 5971	331	1486	134	0	31
6	Solution - 5971	331	1486	134	0	31
7	Solution - 5971	331	1486	134	0	31
8	Solution - 5971	331	1486	134	0	31
9	Solution - 5971	331	1486	134	0	31
10	Solution - 5971	331	1486	134	0	31
11	Solution - 5971	331	1486	134	0	31
12	Solution - 5660	329	1491	120	0	32
13	Solution - 5660	329	1491	120	0	32
14	Solution - 5660	329	1491	120	0	32
15	Solution - 5660	329	1491	120	0	32
16	Solution - 5660	329	1491	120	0	32
17	Solution - 5660	329	1491	120	0	32
18	Solution - 5660	329	1491	120	0	32
19	Solution - 5660	329	1491	120	0	32
20	Solution - 5660	329	1491	120	0	32
21	Solution - 5660	329	1491	120	0	32
22	Solution - 5660	329	1491	120	0	32
23	Solution - 5660	329	1491	120	0	32
24	Solution - 5660	329	1491	120	0	32
25	Solution - 5660	329	1491	120	0	32
26	Solution - 5660	329	1491	120	0	32
27	Solution - 5660	329	1491	120	0	32
28	Solution - 5660	329	1491	120	0	32
29	Solution - 5660	329	1491	120	0	32
30	Solution - 5660	329	1491	120	0	32
31	Solution - 5660	329	1491	120	0	32
32	Solution - 5660	329	1491	120	0	32
33	Solution - 5660	329	1491	120	0	32
34	Solution - 5660	329	1491	120	0	32
35	Solution - 5660	329	1491	120	0	32
36	Solution - 5660	329	1491	120	0	32
37	Solution - 5660	329	1491	120	0	32
38	Solution - 5660	329	1491	120	0	32
39	Solution - 5660	329	1491	120	0	32
40	Solution - 5660	329	1491	120	0	32
41	Solution - 5660	329	1491	120	0	32
42	Solution - 5660	329	1491	120	0	32
43	Solution - 5660	329	1491	120	0	32
44	Solution - 5660	329	1491	120	0	32
45	Solution - 5660	329	1491	120	0	32
46	Solution - 5660	329	1491	120	0	32
47	Solution - 5660	329	1491	120	0	32
48	Solution - 5660	329	1491	120	0	32
49	Solution - 5660	329	1491	120	0	32
50	Solution - 5660	329	1491	120	0	32
51	Solution - 5660	329	1491	120	0	32
52	Solution - 5660	329	1491	120	0	32
53	Solution - 5660	329	1491	120	0	32
54	Solution - 5660	329	1491	120	0	32
55	Solution - 5660	329	1491	120	0	32
56	Solution - 5660	329	1491	120	0	32
57	Solution - 5660	329	1491	120	0	32
58	Solution - 5660	329	1491	120	0	32
59	Solution - 5660	329	1491	120	0	32
60	Solution - 5660	329	1491	120	0	32
61	Solution - 5660	329	1491	120	0	32
62	Solution - 5660	329	1491	120	0	32
63	Solution - 5660	329	1491	120	0	32
64	Solution - 5660	329	1491	120	0	32
65	Solution - 5660	329	1491	120	0	32
66	Solution - 5436	313	1403	120	0	31
67	Solution - 5436	313	1403	120	0	31
68	Solution - 5436	313	1403	120	0	31
69	Solution - 5436	313	1403	120	0	31
70	Solution - 5436	313	1403	120	0	31
71	Solution - 5436	313	1403	120	0	31
72	Solution - 5436	313	1403	120	0	31
73	Solution - 5436	313	1403	120	0	31
74	Solution - 5436	313	1403	120	0	31
75	Solution - 5436	313	1403	120	0	31
76	Solution - 5436	313	1403	120	0	31
77	Solution - 5436	313	1403	120	0	31
78	Solution - 5436	313	1403	120	0	31
79	Solution - 5436	313	1403	120	0	31
80	Solution - 5436	313	1403	120	0	31
81	Solution - 5436	313	1403	120	0	31
82	Solution - 5436	313	1403	120	0	31
83	Solution - 5436	313	1403	120	0	31
84	Solution - 5436	313	1403	120	0	31
85	Solution - 5436	313	1403	120	0	31
86	Solution - 5436	313	1403	120	0	31
87	Solution - 5436	313	1403	120	0	31
88	Solution - 5436	313	1403	120	0	31
89	Solution - 5436	313	1403	120	0	31
90	Solution - 5436	313	1403	120	0	31
91	Solution - 5436	313	1403	120	0	31
92	Solution - 5436	313	1403	120	0	31
93	Solution - 5436	313	1403	120	0	31
94	Solution - 5436	313	1403	120	0	31
95	Solution - 5436	313	1403	120	0	31
96	Solution - 5436	313	1403	120	0	31
97	Solution - 5436	313	1403	120	0	31
98	Solution - 5436	313	1403	120	0	31
99	Solution - 5436	313	1403	120	0	31
