7227
7227
6773
6773
6773
6773
5788
5788
5788
5788
5788
5788
5788
5788
5788
5788
5788
5788
5788
5788
5788
5788
5788
5788
5788
5788
5788
5788
5788
5788
5788
5788
5788
5788
5788
5788
5788
5788
5788
5788
5788
5788
5788
5788
5788
5788
5788
5788
5788
5788
5788
5788
5788
5788
5788
5788
5788
5788
5788
5788
5788
5788
5788
5788
5788
5788
5788
5788
5788
5788
5788
5788
5788
5788
5788
5788
5788
5788
5788
5788
5788
5788
5788
5788
5788
5788
5788
5788
5788
5788
5788
5788
5788
5788
5788
5788
5788
5788
5788
5788
