0	Solution - 5893	331	1482	136	0	30
1	Solution - 5893	331	1482	136	0	30
2	Solution - 5893	331	1482	136	0	30
3	Solution - 5893	331	1482	136	0	30
4	Solution - 5893	331	1482	136	0	30
5	Solution - 5893	331	1482	136	0	30
6	Solution - 5893	331	1482	136	0	30
7	Solution - 5893	331	1482	136	0	30
8	Solution - 5893	331	1482	136	0	30
9	Solution - 5893	331	1482	136	0	30
10	Solution - 5893	331	1482	136	0	30
11	Solution - 5893	331	1482	136	0	30
12	Solution - 5893	331	1482	136	0	30
13	Solution - 5893	331	1482	136	0	30
14	Solution - 5893	331	1482	136	0	30
15	Solution - 5893	331	1482	136	0	30
16	Solution - 5893	331	1482	136	0	30
17	Solution - 5893	331	1482	136	0	30
18	Solution - 5893	331	1482	136	0	30
19	Solution - 5893	331	1482	136	0	30
20	Solution - 5893	331	1482	136	0	30
21	Solution - 5893	331	1482	136	0	30
22	Solution - 5893	331	1482	136	0	30
23	Solution - 5893	331	1482	136	0	30
24	Solution - 5893	331	1482	136	0	30
25	Solution - 5893	331	1482	136	0	30
26	Solution - 5893	331	1482	136	0	30
27	Solution - 5893	331	1482	136	0	30
28	Solution - 5893	331	1482	136	0	30
29	Solution - 5893	331	1482	136	0	30
30	Solution - 5893	331	1482	136	0	30
31	Solution - 5893	331	1482	136	0	30
32	Solution - 5893	331	1482	136	0	30
33	Solution - 5893	331	1482	136	0	30
34	Solution - 5893	331	1482	136	0	30
35	Solution - 5893	331	1482	136	0	30
36	Solution - 5893	331	1482	136	0	30
37	Solution - 5893	331	1482	136	0	30
38	Solution - 5893	331	1482	136	0	30
39	Solution - 5893	331	1482	136	0	30
40	Solution - 5893	331	1482	136	0	30
41	Solution - 5893	331	1482	136	0	30
42	Solution - 5893	331	1482	136	0	30
43	Solution - 5893	331	1482	136	0	30
44	Solution - 5893	331	1482	136	0	30
45	Solution - 5893	331	1482	136	0	30
46	Solution - 5893	331	1482	136	0	30
47	Solution - 5893	331	1482	136	0	30
48	Solution - 5893	331	1482	136	0	30
49	Solution - 5893	331	1482	136	0	30
50	Solution - 5893	331	1482	136	0	30
51	Solution - 5893	331	1482	136	0	30
52	Solution - 5893	331	1482	136	0	30
53	Solution - 5893	331	1482	136	0	30
54	Solution - 5893	331	1482	136	0	30
55	Solution - 5893	331	1482	136	0	30
56	Solution - 5893	331	1482	136	0	30
57	Solution - 5893	331	1482	136	0	30
58	Solution - 5893	331	1482	136	0	30
59	Solution - 5893	331	1482	136	0	30
60	Solution - 5893	331	1482	136	0	30
61	Solution - 5893	331	1482	136	0	30
62	Solution - 5893	331	1482	136	0	30
63	Solution - 5893	331	1482	136	0	30
64	Solution - 5893	331	1482	136	0	30
65	Solution - 5893	331	1482	136	0	30
66	Solution - 5893	331	1482	136	0	30
67	Solution - 5893	331	1482	136	0	30
68	Solution - 5893	331	1482	136	0	30
69	Solution - 5893	331	1482	136	0	30
70	Solution - 5893	331	1482	136	0	30
71	Solution - 5893	331	1482	136	0	30
72	Solution - 5893	331	1482	136	0	30
73	Solution - 5893	331	1482	136	0	30
74	Solution - 5893	331	1482	136	0	30
75	Solution - 5893	331	1482	136	0	30
76	Solution - 5893	331	1482	136	0	30
77	Solution - 5893	331	1482	136	0	30
78	Solution - 5893	331	1482	136	0	30
79	Solution - 5893	331	1482	136	0	30
80	Solution - 5893	331	1482	136	0	30
81	Solution - 5893	331	1482	136	0	30
82	Solution - 5893	331	1482	136	0	30
83	Solution - 5893	331	1482	136	0	30
84	Solution - 5893	331	1482	136	0	30
85	Solution - 5893	331	1482	136	0	30
86	Solution - 5893	331	1482	136	0	30
87	Solution - 5893	331	1482	136	0	30
88	Solution - 5893	331	1482	136	0	30
89	Solution - 5866	314	1429	133	0	31
90	Solution - 5866	314	1429	133	0	31
91	Solution - 5866	314	1429	133	0	31
92	Solution - 5866	314	1429	133	0	31
93	Solution - 5866	314	1429	133	0	31
94	Solution - 5866	314	1429	133	0	31
95	Solution - 5866	314	1429	133	0	31
96	Solution - 5866	314	1429	133	0	31
97	Solution - 5866	314	1429	133	0	31
98	Solution - 5866	314	1429	133	0	31
99	Solution - 5866	314	1429	133	0	31
