7210
7210
7086
7086
7086
7086
7086
7086
7086
7086
6064
6064
6064
6064
6064
6064
6064
6064
6064
6064
6064
6064
6064
6064
6064
6064
6064
6064
6064
6064
6064
6064
6064
6064
6064
6064
6064
6064
6064
6064
5418
5418
5418
5418
5418
5418
5418
5418
5418
5418
5418
5418
5418
5418
5418
5418
5418
5418
5418
5418
5418
5418
5418
5418
5160
5160
5160
5160
5160
5160
5160
5160
5160
5160
5160
5160
5160
5160
5160
5160
5160
5160
5160
5160
5160
5160
5160
5160
5160
5160
5160
5160
5160
5160
5160
5160
5160
5160
5160
5160
