7227
7227
7156
7134
7134
7134
7134
7134
7134
7134
7134
6998
6998
6096
6096
6096
6096
6096
6096
6096
6096
6096
6096
6096
6096
6096
6096
6096
6096
6096
6096
6096
6096
6096
6096
6096
6096
6096
6096
6096
6096
6096
6096
6096
6096
6096
6096
6096
6096
6096
5809
5809
5809
5809
5809
5809
5809
5809
5809
5809
5809
5809
5809
5809
5809
5809
5809
5809
5809
5809
5809
5809
5809
5809
5809
5809
5809
5809
5809
5809
5809
5809
5809
5809
5809
5809
5809
5809
5809
5809
5809
5809
5809
5809
5809
5809
5809
5809
5809
5809
