7334
7334
6531
6531
6531
6531
6531
6531
6531
6531
6531
6531
6531
6531
6531
6531
6531
6531
6531
6010
6010
6010
6010
6010
6010
6010
6010
6010
6010
6010
6010
6010
6010
6010
6010
6010
6010
6010
6010
6010
6010
6010
6010
6010
6010
6010
6010
6010
6010
6010
6010
6010
6010
6010
6010
6010
6010
6010
6010
6010
6010
6010
6010
6010
6010
6010
6010
6010
6010
6010
6010
6010
6010
6010
6010
6010
6010
6010
6010
5474
5474
5474
5474
5474
5474
5474
5474
5474
5474
5474
5474
5474
5474
5474
5474
5474
5474
5474
5474
5474
