8924
6141
6141
6141
6141
6096
6096
6096
6096
6096
6096
6096
6096
6096
6096
6096
6096
6096
6096
6096
6096
6096
6096
6096
6096
6096
5720
5720
5720
5720
5720
5720
5720
5720
5720
5720
5720
5720
5720
5720
5720
5314
5314
5314
5314
5314
5314
5314
5314
5314
5314
5314
5314
5314
5314
5314
5314
5314
5314
5314
5314
5314
5314
5314
5314
5314
5314
5314
5314
5314
5314
5314
5314
5314
5314
5314
5314
5314
5314
5314
5314
5314
5314
5314
5314
5314
5314
5314
5314
5314
5314
5314
5314
5314
5314
5314
5314
5314
5314
5314
