0	Solution - 7274	330	1492	188	0	29
1	Solution - 7274	330	1492	188	0	29
2	Solution - 7274	330	1492	188	0	29
3	Solution - 7190	325	1471	174	0	31
4	Solution - 6655	337	1513	155	0	31
5	Solution - 6655	337	1513	155	0	31
6	Solution - 6655	337	1513	155	0	31
7	Solution - 6655	337	1513	155	0	31
8	Solution - 6262	333	1489	148	0	30
9	Solution - 6262	333	1489	148	0	30
10	Solution - 6262	333	1489	148	0	30
11	Solution - 6262	333	1489	148	0	30
12	Solution - 6262	333	1489	148	0	30
13	Solution - 6262	333	1489	148	0	30
14	Solution - 6262	333	1489	148	0	30
15	Solution - 6262	333	1489	148	0	30
16	Solution - 6262	333	1489	148	0	30
17	Solution - 6262	333	1489	148	0	30
18	Solution - 6262	333	1489	148	0	30
19	Solution - 6262	333	1489	148	0	30
20	Solution - 6262	333	1489	148	0	30
21	Solution - 6262	333	1489	148	0	30
22	Solution - 6262	333	1489	148	0	30
23	Solution - 6262	333	1489	148	0	30
24	Solution - 6262	333	1489	148	0	30
25	Solution - 6262	333	1489	148	0	30
26	Solution - 6262	333	1489	148	0	30
27	Solution - 6262	333	1489	148	0	30
28	Solution - 6262	333	1489	148	0	30
29	Solution - 6262	333	1489	148	0	30
30	Solution - 6064	331	1486	137	0	31
31	Solution - 6064	331	1486	137	0	31
32	Solution - 6064	331	1486	137	0	31
33	Solution - 6064	331	1486	137	0	31
34	Solution - 6064	331	1486	137	0	31
35	Solution - 6064	331	1486	137	0	31
36	Solution - 6064	331	1486	137	0	31
37	Solution - 6064	331	1486	137	0	31
38	Solution - 6064	331	1486	137	0	31
39	Solution - 6064	331	1486	137	0	31
40	Solution - 6064	331	1486	137	0	31
41	Solution - 6064	331	1486	137	0	31
42	Solution - 6064	331	1486	137	0	31
43	Solution - 6064	331	1486	137	0	31
44	Solution - 6064	331	1486	137	0	31
45	Solution - 6064	331	1486	137	0	31
46	Solution - 6064	331	1486	137	0	31
47	Solution - 6064	331	1486	137	0	31
48	Solution - 6064	331	1486	137	0	31
49	Solution - 6064	331	1486	137	0	31
50	Solution - 6064	331	1486	137	0	31
51	Solution - 6064	331	1486	137	0	31
52	Solution - 6064	331	1486	137	0	31
53	Solution - 6064	331	1486	137	0	31
54	Solution - 5806	319	1455	126	0	32
55	Solution - 5806	319	1455	126	0	32
56	Solution - 5806	319	1455	126	0	32
57	Solution - 5806	319	1455	126	0	32
58	Solution - 5806	319	1455	126	0	32
59	Solution - 5806	319	1455	126	0	32
60	Solution - 5806	319	1455	126	0	32
61	Solution - 5806	319	1455	126	0	32
62	Solution - 5806	319	1455	126	0	32
63	Solution - 5806	319	1455	126	0	32
64	Solution - 5806	319	1455	126	0	32
65	Solution - 5806	319	1455	126	0	32
66	Solution - 5720	328	1488	122	0	32
67	Solution - 5720	328	1488	122	0	32
68	Solution - 5720	328	1488	122	0	32
69	Solution - 5720	328	1488	122	0	32
70	Solution - 5720	328	1488	122	0	32
71	Solution - 5720	328	1488	122	0	32
72	Solution - 5720	328	1488	122	0	32
73	Solution - 5720	328	1488	122	0	32
74	Solution - 5720	328	1488	122	0	32
75	Solution - 5720	328	1488	122	0	32
76	Solution - 5720	328	1488	122	0	32
77	Solution - 5720	328	1488	122	0	32
78	Solution - 5720	328	1488	122	0	32
79	Solution - 5720	328	1488	122	0	32
80	Solution - 5720	328	1488	122	0	32
81	Solution - 5720	328	1488	122	0	32
82	Solution - 5720	328	1488	122	0	32
83	Solution - 5720	328	1488	122	0	32
84	Solution - 5720	328	1488	122	0	32
85	Solution - 5720	328	1488	122	0	32
86	Solution - 5720	328	1488	122	0	32
87	Solution - 5720	328	1488	122	0	32
88	Solution - 5720	328	1488	122	0	32
89	Solution - 5720	328	1488	122	0	32
90	Solution - 5720	328	1488	122	0	32
91	Solution - 5720	328	1488	122	0	32
92	Solution - 5720	328	1488	122	0	32
93	Solution - 5720	328	1488	122	0	32
94	Solution - 5720	328	1488	122	0	32
95	Solution - 5720	328	1488	122	0	32
96	Solution - 5720	328	1488	122	0	32
97	Solution - 5720	328	1488	122	0	32
98	Solution - 5720	328	1488	122	0	32
99	Solution - 5720	328	1488	122	0	32
