0	Solution - 9366	333	1509	228	0	33
1	Solution - 7104	322	1446	184	0	29
2	Solution - 6222	322	1467	143	0	31
3	Solution - 6222	322	1467	143	0	31
4	Solution - 6222	322	1467	143	0	31
5	Solution - 6222	322	1467	143	0	31
6	Solution - 6222	322	1467	143	0	31
7	Solution - 6222	322	1467	143	0	31
8	Solution - 6222	322	1467	143	0	31
9	Solution - 6222	322	1467	143	0	31
10	Solution - 6166	320	1462	137	0	32
11	Solution - 6166	320	1462	137	0	32
12	Solution - 6166	320	1462	137	0	32
13	Solution - 6166	320	1462	137	0	32
14	Solution - 6166	320	1462	137	0	32
15	Solution - 6166	320	1462	137	0	32
16	Solution - 6166	320	1462	137	0	32
17	Solution - 6166	320	1462	137	0	32
18	Solution - 6166	320	1462	137	0	32
19	Solution - 6166	320	1462	137	0	32
20	Solution - 6166	320	1462	137	0	32
21	Solution - 6166	320	1462	137	0	32
22	Solution - 6166	320	1462	137	0	32
23	Solution - 6166	320	1462	137	0	32
24	Solution - 6166	320	1462	137	0	32
25	Solution - 6166	320	1462	137	0	32
26	Solution - 6166	320	1462	137	0	32
27	Solution - 6166	320	1462	137	0	32
28	Solution - 6166	320	1462	137	0	32
29	Solution - 6166	320	1462	137	0	32
30	Solution - 6166	320	1462	137	0	32
31	Solution - 6166	320	1462	137	0	32
32	Solution - 6166	320	1462	137	0	32
33	Solution - 6166	320	1462	137	0	32
34	Solution - 6166	320	1462	137	0	32
35	Solution - 6166	320	1462	137	0	32
36	Solution - 6166	320	1462	137	0	32
37	Solution - 6166	320	1462	137	0	32
38	Solution - 6166	320	1462	137	0	32
39	Solution - 6166	320	1462	137	0	32
40	Solution - 6166	320	1462	137	0	32
41	Solution - 6166	320	1462	137	0	32
42	Solution - 6166	320	1462	137	0	32
43	Solution - 6166	320	1462	137	0	32
44	Solution - 6166	320	1462	137	0	32
45	Solution - 6166	320	1462	137	0	32
46	Solution - 6166	320	1462	137	0	32
47	Solution - 6166	320	1462	137	0	32
48	Solution - 6166	320	1462	137	0	32
49	Solution - 6166	320	1462	137	0	32
50	Solution - 6166	320	1462	137	0	32
51	Solution - 6166	320	1462	137	0	32
52	Solution - 6166	320	1462	137	0	32
53	Solution - 6166	320	1462	137	0	32
54	Solution - 6166	320	1462	137	0	32
55	Solution - 6166	320	1462	137	0	32
56	Solution - 6166	320	1462	137	0	32
57	Solution - 6166	320	1462	137	0	32
58	Solution - 6166	320	1462	137	0	32
59	Solution - 6166	320	1462	137	0	32
60	Solution - 6166	320	1462	137	0	32
61	Solution - 6166	320	1462	137	0	32
62	Solution - 6166	320	1462	137	0	32
63	Solution - 6166	320	1462	137	0	32
64	Solution - 6166	320	1462	137	0	32
65	Solution - 6166	320	1462	137	0	32
66	Solution - 6166	320	1462	137	0	32
67	Solution - 6166	320	1462	137	0	32
68	Solution - 6166	320	1462	137	0	32
69	Solution - 6166	320	1462	137	0	32
70	Solution - 6166	320	1462	137	0	32
71	Solution - 6166	320	1462	137	0	32
72	Solution - 6166	320	1462	137	0	32
73	Solution - 6089	336	1506	137	0	31
74	Solution - 6089	336	1506	137	0	31
75	Solution - 6089	336	1506	137	0	31
76	Solution - 6089	336	1506	137	0	31
77	Solution - 6089	336	1506	137	0	31
78	Solution - 6084	327	1479	138	0	31
79	Solution - 6084	327	1479	138	0	31
80	Solution - 6084	327	1479	138	0	31
81	Solution - 6084	327	1479	138	0	31
82	Solution - 6084	327	1479	138	0	31
83	Solution - 6084	327	1479	138	0	31
84	Solution - 6084	327	1479	138	0	31
85	Solution - 6084	327	1479	138	0	31
86	Solution - 6084	327	1479	138	0	31
87	Solution - 5418	321	1439	118	0	31
88	Solution - 5418	321	1439	118	0	31
89	Solution - 5418	321	1439	118	0	31
90	Solution - 5418	321	1439	118	0	31
91	Solution - 5418	321	1439	118	0	31
92	Solution - 5418	321	1439	118	0	31
93	Solution - 5418	321	1439	118	0	31
94	Solution - 5408	323	1455	110	0	33
95	Solution - 5408	323	1455	110	0	33
96	Solution - 5408	323	1455	110	0	33
97	Solution - 5408	323	1455	110	0	33
98	Solution - 5408	323	1455	110	0	33
99	Solution - 5408	323	1455	110	0	33
