0	Solution - 8098	321	1473	197	0	32
1	Solution - 7433	326	1465	182	0	31
2	Solution - 6322	327	1469	146	0	31
3	Solution - 6322	327	1469	146	0	31
4	Solution - 6322	327	1469	146	0	31
5	Solution - 6322	327	1469	146	0	31
6	Solution - 6322	327	1469	146	0	31
7	Solution - 6322	327	1469	146	0	31
8	Solution - 6322	327	1469	146	0	31
9	Solution - 5971	331	1486	134	0	31
10	Solution - 5971	331	1486	134	0	31
11	Solution - 5971	331	1486	134	0	31
12	Solution - 5971	331	1486	134	0	31
13	Solution - 5971	331	1486	134	0	31
14	Solution - 5971	331	1486	134	0	31
15	Solution - 5971	331	1486	134	0	31
16	Solution - 5971	331	1486	134	0	31
17	Solution - 5474	323	1455	112	0	33
18	Solution - 5474	323	1455	112	0	33
19	Solution - 5474	323	1455	112	0	33
20	Solution - 5474	323	1455	112	0	33
21	Solution - 5474	323	1455	112	0	33
22	Solution - 5474	323	1455	112	0	33
23	Solution - 5474	323	1455	112	0	33
24	Solution - 5474	323	1455	112	0	33
25	Solution - 5474	323	1455	112	0	33
26	Solution - 5474	323	1455	112	0	33
27	Solution - 5474	323	1455	112	0	33
28	Solution - 5474	323	1455	112	0	33
29	Solution - 5474	323	1455	112	0	33
30	Solution - 5474	323	1455	112	0	33
31	Solution - 5474	323	1455	112	0	33
32	Solution - 5474	323	1455	112	0	33
33	Solution - 5474	323	1455	112	0	33
34	Solution - 5474	323	1455	112	0	33
35	Solution - 5343	313	1403	117	0	31
36	Solution - 5343	313	1403	117	0	31
37	Solution - 5343	313	1403	117	0	31
38	Solution - 5343	313	1403	117	0	31
39	Solution - 5343	313	1403	117	0	31
40	Solution - 5343	313	1403	117	0	31
41	Solution - 5343	313	1403	117	0	31
42	Solution - 5343	313	1403	117	0	31
43	Solution - 5343	313	1403	117	0	31
44	Solution - 5343	313	1403	117	0	31
45	Solution - 5343	313	1403	117	0	31
46	Solution - 5343	313	1403	117	0	31
47	Solution - 5343	313	1403	117	0	31
48	Solution - 5343	313	1403	117	0	31
49	Solution - 5343	313	1403	117	0	31
50	Solution - 5343	313	1403	117	0	31
51	Solution - 5343	313	1403	117	0	31
52	Solution - 5343	313	1403	117	0	31
53	Solution - 5343	313	1403	117	0	31
54	Solution - 5343	313	1403	117	0	31
55	Solution - 5343	313	1403	117	0	31
56	Solution - 5343	313	1403	117	0	31
57	Solution - 5343	313	1403	117	0	31
58	Solution - 5343	313	1403	117	0	31
59	Solution - 5343	313	1403	117	0	31
60	Solution - 5343	313	1403	117	0	31
61	Solution - 5343	313	1403	117	0	31
62	Solution - 5343	313	1403	117	0	31
63	Solution - 5343	313	1403	117	0	31
64	Solution - 5343	313	1403	117	0	31
65	Solution - 5343	313	1403	117	0	31
66	Solution - 5343	313	1403	117	0	31
67	Solution - 5343	313	1403	117	0	31
68	Solution - 5343	313	1403	117	0	31
69	Solution - 5343	313	1403	117	0	31
70	Solution - 5343	313	1403	117	0	31
71	Solution - 5343	313	1403	117	0	31
72	Solution - 5343	313	1403	117	0	31
73	Solution - 5343	313	1403	117	0	31
74	Solution - 5343	313	1403	117	0	31
75	Solution - 5343	313	1403	117	0	31
76	Solution - 5343	313	1403	117	0	31
77	Solution - 5343	313	1403	117	0	31
78	Solution - 5343	313	1403	117	0	31
79	Solution - 5343	313	1403	117	0	31
80	Solution - 5343	313	1403	117	0	31
81	Solution - 5343	313	1403	117	0	31
82	Solution - 5343	313	1403	117	0	31
83	Solution - 5343	313	1403	117	0	31
84	Solution - 5343	313	1403	117	0	31
85	Solution - 5343	313	1403	117	0	31
86	Solution - 5343	313	1403	117	0	31
87	Solution - 5343	313	1403	117	0	31
88	Solution - 5343	313	1403	117	0	31
89	Solution - 5343	313	1403	117	0	31
90	Solution - 5343	313	1403	117	0	31
91	Solution - 5343	313	1403	117	0	31
92	Solution - 5343	313	1403	117	0	31
93	Solution - 5343	313	1403	117	0	31
94	Solution - 5343	313	1403	117	0	31
95	Solution - 5343	313	1403	117	0	31
96	Solution - 5343	313	1403	117	0	31
97	Solution - 5343	313	1403	117	0	31
98	Solution - 5343	313	1403	117	0	31
99	Solution - 5343	313	1403	117	0	31
