7456
7456
7182
7182
7163
7163
7163
6871
6871
6871
6837
6837
6837
6733
6733
6733
6637
6415
6415
6415
6205
6205
6205
6155
6155
6155
6155
6155
6155
5720
5720
5720
5720
5720
5720
5720
5720
5720
5720
5720
5720
5720
5720
5720
5720
5720
5720
5720
5720
5720
5720
5720
5720
5720
5720
5720
5720
5720
5720
5720
5720
5720
5720
5720
5720
5720
5720
5720
5720
5720
5720
5720
5720
5720
5720
5720
5720
5720
5720
5720
5720
5720
5720
5720
5720
5720
5720
5720
5720
5720
5720
5720
5720
5720
5720
5474
5474
5474
5474
5474
