6953
6384
6384
6384
6384
6384
6384
6384
6384
6384
6384
6384
6384
6384
6384
6384
6384
6384
6384
6384
6384
6384
6165
5619
5619
5619
5619
5619
5619
5619
5619
5619
5619
5619
5619
5619
5619
5619
5619
5619
5619
5619
5619
5619
5619
5619
5619
5619
5619
5619
5619
5619
5619
5619
5619
5619
5619
5619
5619
5619
5619
5619
5619
5619
5619
5619
5619
5619
5619
5619
5619
5619
5619
5619
5619
5619
5619
5619
5619
5619
5619
5619
5619
5619
5619
5619
5619
5619
5619
5619
5619
5619
5619
5619
5619
5619
5619
5619
5619
5619
