0	Solution - 9258	334	1500	232	0	32
1	Solution - 7072	324	1468	165	0	32
2	Solution - 7072	324	1468	165	0	32
3	Solution - 7072	324	1468	165	0	32
4	Solution - 7072	324	1468	165	0	32
5	Solution - 7072	324	1468	165	0	32
6	Solution - 7072	324	1468	165	0	32
7	Solution - 7072	324	1468	165	0	32
8	Solution - 7072	324	1468	165	0	32
9	Solution - 6928	324	1452	161	0	32
10	Solution - 6928	324	1452	161	0	32
11	Solution - 6062	323	1461	138	0	31
12	Solution - 6023	326	1473	132	0	32
13	Solution - 6023	326	1473	132	0	32
14	Solution - 6023	326	1473	132	0	32
15	Solution - 6023	326	1473	132	0	32
16	Solution - 6023	326	1473	132	0	32
17	Solution - 6023	326	1473	132	0	32
18	Solution - 6023	326	1473	132	0	32
19	Solution - 6023	326	1473	132	0	32
20	Solution - 6023	326	1473	132	0	32
21	Solution - 6023	326	1473	132	0	32
22	Solution - 6023	326	1473	132	0	32
23	Solution - 6023	326	1473	132	0	32
24	Solution - 6023	326	1473	132	0	32
25	Solution - 6023	326	1473	132	0	32
26	Solution - 6023	326	1473	132	0	32
27	Solution - 6023	326	1473	132	0	32
28	Solution - 6023	326	1473	132	0	32
29	Solution - 6023	326	1473	132	0	32
30	Solution - 6023	326	1473	132	0	32
31	Solution - 6023	326	1473	132	0	32
32	Solution - 6023	326	1473	132	0	32
33	Solution - 6023	326	1473	132	0	32
34	Solution - 6023	326	1473	132	0	32
35	Solution - 6023	326	1473	132	0	32
36	Solution - 6023	326	1473	132	0	32
37	Solution - 6023	326	1473	132	0	32
38	Solution - 6023	326	1473	132	0	32
39	Solution - 6023	326	1473	132	0	32
40	Solution - 6023	326	1473	132	0	32
41	Solution - 6023	326	1473	132	0	32
42	Solution - 6023	326	1473	132	0	32
43	Solution - 6023	326	1473	132	0	32
44	Solution - 6023	326	1473	132	0	32
45	Solution - 6023	326	1473	132	0	32
46	Solution - 6023	326	1473	132	0	32
47	Solution - 6023	326	1473	132	0	32
48	Solution - 6023	326	1473	132	0	32
49	Solution - 6023	326	1473	132	0	32
50	Solution - 6023	326	1473	132	0	32
51	Solution - 6023	326	1473	132	0	32
52	Solution - 6023	326	1473	132	0	32
53	Solution - 6023	326	1473	132	0	32
54	Solution - 6023	326	1473	132	0	32
55	Solution - 6023	326	1473	132	0	32
56	Solution - 6023	326	1473	132	0	32
57	Solution - 6023	326	1473	132	0	32
58	Solution - 6023	326	1473	132	0	32
59	Solution - 6023	326	1473	132	0	32
60	Solution - 6023	326	1473	132	0	32
61	Solution - 6023	326	1473	132	0	32
62	Solution - 6023	326	1473	132	0	32
63	Solution - 6023	326	1473	132	0	32
64	Solution - 6023	326	1473	132	0	32
65	Solution - 6023	326	1473	132	0	32
66	Solution - 6023	326	1473	132	0	32
67	Solution - 6023	326	1473	132	0	32
68	Solution - 6023	326	1473	132	0	32
69	Solution - 6023	326	1473	132	0	32
70	Solution - 6023	326	1473	132	0	32
71	Solution - 6023	326	1473	132	0	32
72	Solution - 6023	326	1473	132	0	32
73	Solution - 6023	326	1473	132	0	32
74	Solution - 6023	326	1473	132	0	32
75	Solution - 6023	326	1473	132	0	32
76	Solution - 6023	326	1473	132	0	32
77	Solution - 6010	321	1473	136	0	31
78	Solution - 6010	321	1473	136	0	31
79	Solution - 6010	321	1473	136	0	31
80	Solution - 6010	321	1473	136	0	31
81	Solution - 6010	321	1473	136	0	31
82	Solution - 6010	321	1473	136	0	31
83	Solution - 6010	321	1473	136	0	31
84	Solution - 6010	321	1473	136	0	31
85	Solution - 6010	321	1473	136	0	31
86	Solution - 6010	321	1473	136	0	31
87	Solution - 6010	321	1473	136	0	31
88	Solution - 5720	328	1488	122	0	32
89	Solution - 5720	328	1488	122	0	32
90	Solution - 5720	328	1488	122	0	32
91	Solution - 5720	328	1488	122	0	32
92	Solution - 5720	328	1488	122	0	32
93	Solution - 5720	328	1488	122	0	32
94	Solution - 5720	328	1488	122	0	32
95	Solution - 5720	328	1488	122	0	32
96	Solution - 5720	328	1488	122	0	32
97	Solution - 5720	328	1488	122	0	32
98	Solution - 5720	328	1488	122	0	32
99	Solution - 5720	328	1488	122	0	32
