6490
6490
6490
6490
6490
6490
6490
6490
6490
6490
6490
6490
6490
6490
6490
6490
6490
5999
5999
5999
5999
5999
5999
5999
5999
5999
5999
5999
5999
5999
5999
5999
5999
5999
5999
5999
5999
5999
5999
5999
5999
5999
5999
5999
5999
5999
5999
5999
5999
5999
5999
5999
5999
5999
5999
5999
5999
5999
5999
5999
5999
5999
5999
5999
5999
5436
5436
5436
5436
5436
5436
5436
5436
5436
5436
5436
5436
5436
5436
5436
5436
5436
5436
5436
5436
5436
5436
5436
5436
5436
5436
5436
5436
5436
5436
5436
5436
5436
5436
5436
