7975
7406
7406
7312
7312
7312
7312
7312
6742
6742
6742
6742
6742
6742
6742
6146
6146
6146
6146
6146
5959
5959
5959
5959
5959
5959
5959
5959
5959
5959
5959
5959
5959
5959
5959
5418
5418
5418
5418
5418
5418
5418
5418
5418
5418
5418
5418
5418
5418
5418
5418
5418
5418
5418
5418
5418
5418
5418
5418
5418
5418
5418
5418
5250
5250
5250
5250
5250
5250
5250
5250
5250
5250
5250
5250
5250
5250
5250
5250
5250
5250
5250
5250
5250
5250
5250
5250
5250
5250
5250
5250
5250
5250
5250
5250
5250
5250
5250
5250
5250
