7822
6462
6462
6462
6462
6462
6462
6462
6462
6462
6462
6462
6462
6462
6462
6462
6462
6462
6462
6462
6462
6462
6146
6146
6146
6146
6146
6146
6146
6146
6146
6146
6146
6146
6146
6146
6146
6146
6146
6146
6146
6146
6146
6146
6146
6146
6146
6146
6146
6146
6146
6146
6146
6146
6146
6146
6146
6146
6146
6146
6146
6146
5959
5959
5959
5959
5959
5959
5959
5959
5959
5959
5959
5959
5959
5959
5959
5959
5959
5959
5959
5959
5959
5959
5959
5959
5959
5959
5959
5959
5959
5959
5959
5959
5959
5959
5959
5959
5959
5959
