6007
6007
6007
6007
6007
6007
6007
6007
6007
6007
6007
5418
5418
5418
5418
5418
5418
5418
5418
5418
5418
5418
5418
5418
5418
5418
5418
5418
5418
5418
5418
5418
5418
5418
5418
5418
5418
5418
5418
5418
5418
5418
5418
5418
5418
5418
5418
5418
5418
5418
5418
5418
5418
5418
5418
5418
5418
5418
5418
5418
5418
5418
5418
5418
5418
5418
5418
5418
5418
5418
5418
5418
5418
5418
5418
5418
5418
5418
5418
5418
5418
5418
5418
5418
5418
5418
5418
5418
5418
5418
5418
5418
5418
5418
5418
5418
5418
5418
5418
5418
