7274
7274
7274
7190
6655
6655
6655
6655
6262
6262
6262
6262
6262
6262
6262
6262
6262
6262
6262
6262
6262
6262
6262
6262
6262
6262
6262
6262
6262
6262
6064
6064
6064
6064
6064
6064
6064
6064
6064
6064
6064
6064
6064
6064
6064
6064
6064
6064
6064
6064
6064
6064
6064
6064
5806
5806
5806
5806
5806
5806
5806
5806
5806
5806
5806
5806
5720
5720
5720
5720
5720
5720
5720
5720
5720
5720
5720
5720
5720
5720
5720
5720
5720
5720
5720
5720
5720
5720
5720
5720
5720
5720
5720
5720
5720
5720
5720
5720
5720
5720
