9453
7884
7406
7344
7344
6279
6279
6279
6279
6279
6279
6279
6279
6279
6279
6279
6279
6279
6063
6063
6063
6063
6063
5999
5999
5999
5999
5999
5999
5999
5999
5999
5999
5999
5999
5999
5999
5418
5418
5418
5418
5418
5418
5418
5418
5418
5418
5418
5418
5418
5418
5418
5418
5418
5418
5418
5418
5418
5418
5418
5418
5418
5418
5418
5418
5418
5418
5418
5418
5418
5418
5418
5418
5418
5418
5418
5418
5418
5418
5418
5418
5418
5418
5418
5418
5418
5418
5418
5418
5418
5418
5418
5418
5418
5418
5418
5418
5418
5418
5418
