6963
6963
6963
6953
6953
6953
6953
6953
6953
6953
6953
6631
6631
6631
5720
5720
5720
5720
5720
5720
5720
5720
5720
5720
5720
5720
5720
5720
5720
5720
5720
5720
5720
5720
5720
5720
5720
5720
5720
5160
5160
5160
5160
5160
5160
5160
5160
5160
5160
5160
5160
5160
5160
5160
5160
5160
5160
5160
5160
5160
5160
5160
5160
5160
5160
5160
5160
5160
5160
5160
5160
5160
5160
5160
5160
5160
5160
5160
5160
5160
5160
5160
5160
5160
5160
5160
5160
5160
5160
5160
5160
5160
5160
5160
5160
5160
5160
5160
5160
5160
