Solution - 7102	339	1524	169	0	31
Solution - 7294	321	1429	198	0	28
Solution - 7086	329	1477	176	0	30
Solution - 8241	322	1471	208	0	31
Solution - 7324	321	1435	192	0	29
Solution - 8530	326	1484	224	0	30
Solution - 7584	325	1467	181	0	32
Solution - 6762	333	1509	164	0	30
Solution - 7825	340	1535	175	0	34
Solution - 7617	342	1540	185	0	31
Solution - 6752	326	1466	160	0	31
Solution - 9192	329	1503	230	1	32
Solution - 7045	336	1519	173	0	30
Solution - 6773	332	1491	165	0	30
Solution - 6915	327	1473	165	0	31
Solution - 7228	330	1490	169	0	32
Solution - 7148	336	1511	171	0	31
Solution - 7633	331	1482	194	0	30
Solution - 6752	326	1466	160	0	31
Solution - 8475	325	1484	202	0	33
Solution - 8895	331	1492	221	0	32
Solution - 6166	320	1462	137	0	32
Solution - 7587	330	1491	186	0	31
Solution - 6611	333	1504	154	0	31
Solution - 7654	324	1443	203	0	29
Solution - 7822	329	1479	194	0	31
Solution - 6165	327	1482	132	0	33
Solution - 7817	332	1482	207	1	29
Solution - 7294	321	1429	198	0	28
Solution - 9336	329	1477	251	0	30
