6153
6153
6153
6153
5784
5784
5160
5160
5160
5160
5160
5160
5160
5160
5160
5160
5160
5160
5160
5160
5160
5160
5160
5160
5160
5160
5160
5160
5160
5160
5160
5160
5160
5160
5160
5160
5160
5160
5160
5160
5160
5160
5160
5160
5160
5160
5160
5160
5160
5160
5160
5160
5160
5160
5160
5160
5160
5160
5160
5160
5160
5160
5160
5160
5160
5160
5160
5160
5160
5160
5160
5160
5160
5160
5160
5160
5160
5160
5160
5160
5160
5160
5160
5160
5160
5160
5160
5160
5160
5160
5160
5160
5160
5160
5160
5160
5160
5160
5160
5160
