7286
7286
7286
7286
6329
6329
6329
5720
5720
5720
5720
5720
5720
5720
5720
5720
5720
5720
5720
5720
5720
5720
5720
5720
5720
5720
5720
5720
5720
5720
5720
5619
5619
5619
5619
5619
5619
5619
5619
5619
5619
5619
5619
5619
5619
5619
5619
5619
5619
5619
5619
5619
5619
5619
5619
5619
5619
5619
5619
5619
5619
5619
5619
5619
5619
5619
5619
5619
5619
5619
5619
5619
5619
5619
5619
5619
5619
5619
5619
5619
5619
5619
5619
5619
5619
5619
5619
5619
5619
5619
5619
5619
5619
5619
5619
5619
5619
5619
5619
5619
