0	Solution - 7843	329	1498	188	0	32
1	Solution - 7843	329	1498	188	0	32
2	Solution - 7843	329	1498	188	0	32
3	Solution - 6830	325	1459	174	0	29
4	Solution - 6429	329	1481	149	0	31
5	Solution - 6429	329	1481	149	0	31
6	Solution - 6429	329	1481	149	0	31
7	Solution - 6234	337	1513	137	0	32
8	Solution - 6234	337	1513	137	0	32
9	Solution - 6234	337	1513	137	0	32
10	Solution - 6234	337	1513	137	0	32
11	Solution - 6234	337	1513	137	0	32
12	Solution - 6234	337	1513	137	0	32
13	Solution - 6234	337	1513	137	0	32
14	Solution - 6234	337	1513	137	0	32
15	Solution - 6234	337	1513	137	0	32
16	Solution - 6234	337	1513	137	0	32
17	Solution - 6234	337	1513	137	0	32
18	Solution - 6234	337	1513	137	0	32
19	Solution - 6234	337	1513	137	0	32
20	Solution - 6234	337	1513	137	0	32
21	Solution - 6234	337	1513	137	0	32
22	Solution - 6234	337	1513	137	0	32
23	Solution - 6234	337	1513	137	0	32
24	Solution - 6234	337	1513	137	0	32
25	Solution - 6234	337	1513	137	0	32
26	Solution - 6234	337	1513	137	0	32
27	Solution - 6234	337	1513	137	0	32
28	Solution - 6234	337	1513	137	0	32
29	Solution - 6234	337	1513	137	0	32
30	Solution - 6234	337	1513	137	0	32
31	Solution - 6234	337	1513	137	0	32
32	Solution - 6234	337	1513	137	0	32
33	Solution - 6234	337	1513	137	0	32
34	Solution - 6234	337	1513	137	0	32
35	Solution - 6234	337	1513	137	0	32
36	Solution - 6234	337	1513	137	0	32
37	Solution - 6234	337	1513	137	0	32
38	Solution - 6234	337	1513	137	0	32
39	Solution - 6234	337	1513	137	0	32
40	Solution - 6234	337	1513	137	0	32
41	Solution - 6234	337	1513	137	0	32
42	Solution - 6234	337	1513	137	0	32
43	Solution - 6234	337	1513	137	0	32
44	Solution - 6234	337	1513	137	0	32
45	Solution - 5893	331	1482	136	0	30
46	Solution - 5893	331	1482	136	0	30
47	Solution - 5893	331	1482	136	0	30
48	Solution - 5893	331	1482	136	0	30
49	Solution - 5893	331	1482	136	0	30
50	Solution - 5893	331	1482	136	0	30
51	Solution - 5893	331	1482	136	0	30
52	Solution - 5893	331	1482	136	0	30
53	Solution - 5893	331	1482	136	0	30
54	Solution - 5893	331	1482	136	0	30
55	Solution - 5893	331	1482	136	0	30
56	Solution - 5893	331	1482	136	0	30
57	Solution - 5893	331	1482	136	0	30
58	Solution - 5893	331	1482	136	0	30
59	Solution - 5893	331	1482	136	0	30
60	Solution - 5893	331	1482	136	0	30
61	Solution - 5846	323	1462	131	0	31
62	Solution - 5846	323	1462	131	0	31
63	Solution - 5846	323	1462	131	0	31
64	Solution - 5846	323	1462	131	0	31
65	Solution - 5846	323	1462	131	0	31
66	Solution - 5846	323	1462	131	0	31
67	Solution - 5846	323	1462	131	0	31
68	Solution - 5846	323	1462	131	0	31
69	Solution - 5846	323	1462	131	0	31
70	Solution - 5846	323	1462	131	0	31
71	Solution - 5846	323	1462	131	0	31
72	Solution - 5846	323	1462	131	0	31
73	Solution - 5474	323	1455	112	0	33
74	Solution - 5474	323	1455	112	0	33
75	Solution - 5474	323	1455	112	0	33
76	Solution - 5474	323	1455	112	0	33
77	Solution - 5474	323	1455	112	0	33
78	Solution - 5474	323	1455	112	0	33
79	Solution - 5474	323	1455	112	0	33
80	Solution - 5474	323	1455	112	0	33
81	Solution - 5474	323	1455	112	0	33
82	Solution - 5474	323	1455	112	0	33
83	Solution - 5474	323	1455	112	0	33
84	Solution - 5474	323	1455	112	0	33
85	Solution - 5474	323	1455	112	0	33
86	Solution - 5474	323	1455	112	0	33
87	Solution - 5474	323	1455	112	0	33
88	Solution - 5474	323	1455	112	0	33
89	Solution - 5474	323	1455	112	0	33
90	Solution - 5474	323	1455	112	0	33
91	Solution - 5474	323	1455	112	0	33
92	Solution - 5474	323	1455	112	0	33
93	Solution - 5474	323	1455	112	0	33
94	Solution - 5474	323	1455	112	0	33
95	Solution - 5474	323	1455	112	0	33
96	Solution - 5474	323	1455	112	0	33
97	Solution - 5474	323	1455	112	0	33
98	Solution - 5474	323	1455	112	0	33
99	Solution - 5474	323	1455	112	0	33
