0	Solution - 6963	329	1474	172	0	30
1	Solution - 6963	329	1474	172	0	30
2	Solution - 6963	329	1474	172	0	30
3	Solution - 6953	320	1443	173	0	30
4	Solution - 6953	320	1443	173	0	30
5	Solution - 6953	320	1443	173	0	30
6	Solution - 6953	320	1443	173	0	30
7	Solution - 6953	320	1443	173	0	30
8	Solution - 6953	320	1443	173	0	30
9	Solution - 6953	320	1443	173	0	30
10	Solution - 6953	320	1443	173	0	30
11	Solution - 6631	317	1447	157	0	31
12	Solution - 6631	317	1447	157	0	31
13	Solution - 6631	317	1447	157	0	31
14	Solution - 5720	328	1488	122	0	32
15	Solution - 5720	328	1488	122	0	32
16	Solution - 5720	328	1488	122	0	32
17	Solution - 5720	328	1488	122	0	32
18	Solution - 5720	328	1488	122	0	32
19	Solution - 5720	328	1488	122	0	32
20	Solution - 5720	328	1488	122	0	32
21	Solution - 5720	328	1488	122	0	32
22	Solution - 5720	328	1488	122	0	32
23	Solution - 5720	328	1488	122	0	32
24	Solution - 5720	328	1488	122	0	32
25	Solution - 5720	328	1488	122	0	32
26	Solution - 5720	328	1488	122	0	32
27	Solution - 5720	328	1488	122	0	32
28	Solution - 5720	328	1488	122	0	32
29	Solution - 5720	328	1488	122	0	32
30	Solution - 5720	328	1488	122	0	32
31	Solution - 5720	328	1488	122	0	32
32	Solution - 5720	328	1488	122	0	32
33	Solution - 5720	328	1488	122	0	32
34	Solution - 5720	328	1488	122	0	32
35	Solution - 5720	328	1488	122	0	32
36	Solution - 5720	328	1488	122	0	32
37	Solution - 5720	328	1488	122	0	32
38	Solution - 5720	328	1488	122	0	32
39	Solution - 5160	320	1441	103	0	33
40	Solution - 5160	320	1441	103	0	33
41	Solution - 5160	320	1441	103	0	33
42	Solution - 5160	320	1441	103	0	33
43	Solution - 5160	320	1441	103	0	33
44	Solution - 5160	320	1441	103	0	33
45	Solution - 5160	320	1441	103	0	33
46	Solution - 5160	320	1441	103	0	33
47	Solution - 5160	320	1441	103	0	33
48	Solution - 5160	320	1441	103	0	33
49	Solution - 5160	320	1441	103	0	33
50	Solution - 5160	320	1441	103	0	33
51	Solution - 5160	320	1441	103	0	33
52	Solution - 5160	320	1441	103	0	33
53	Solution - 5160	320	1441	103	0	33
54	Solution - 5160	320	1441	103	0	33
55	Solution - 5160	320	1441	103	0	33
56	Solution - 5160	320	1441	103	0	33
57	Solution - 5160	320	1441	103	0	33
58	Solution - 5160	320	1441	103	0	33
59	Solution - 5160	320	1441	103	0	33
60	Solution - 5160	320	1441	103	0	33
61	Solution - 5160	320	1441	103	0	33
62	Solution - 5160	320	1441	103	0	33
63	Solution - 5160	320	1441	103	0	33
64	Solution - 5160	320	1441	103	0	33
65	Solution - 5160	320	1441	103	0	33
66	Solution - 5160	320	1441	103	0	33
67	Solution - 5160	320	1441	103	0	33
68	Solution - 5160	320	1441	103	0	33
69	Solution - 5160	320	1441	103	0	33
70	Solution - 5160	320	1441	103	0	33
71	Solution - 5160	320	1441	103	0	33
72	Solution - 5160	320	1441	103	0	33
73	Solution - 5160	320	1441	103	0	33
74	Solution - 5160	320	1441	103	0	33
75	Solution - 5160	320	1441	103	0	33
76	Solution - 5160	320	1441	103	0	33
77	Solution - 5160	320	1441	103	0	33
78	Solution - 5160	320	1441	103	0	33
79	Solution - 5160	320	1441	103	0	33
80	Solution - 5160	320	1441	103	0	33
81	Solution - 5160	320	1441	103	0	33
82	Solution - 5160	320	1441	103	0	33
83	Solution - 5160	320	1441	103	0	33
84	Solution - 5160	320	1441	103	0	33
85	Solution - 5160	320	1441	103	0	33
86	Solution - 5160	320	1441	103	0	33
87	Solution - 5160	320	1441	103	0	33
88	Solution - 5160	320	1441	103	0	33
89	Solution - 5160	320	1441	103	0	33
90	Solution - 5160	320	1441	103	0	33
91	Solution - 5160	320	1441	103	0	33
92	Solution - 5160	320	1441	103	0	33
93	Solution - 5160	320	1441	103	0	33
94	Solution - 5160	320	1441	103	0	33
95	Solution - 5160	320	1441	103	0	33
96	Solution - 5160	320	1441	103	0	33
97	Solution - 5160	320	1441	103	0	33
98	Solution - 5160	320	1441	103	0	33
99	Solution - 5160	320	1441	103	0	33
