0	Solution - 9556	335	1509	241	0	32
1	Solution - 7494	332	1492	189	0	30
2	Solution - 7494	332	1492	189	0	30
3	Solution - 7494	332	1492	189	0	30
4	Solution - 7494	332	1492	189	0	30
5	Solution - 5908	323	1462	133	0	31
6	Solution - 5908	323	1462	133	0	31
7	Solution - 5908	323	1462	133	0	31
8	Solution - 5908	323	1462	133	0	31
9	Solution - 5908	323	1462	133	0	31
10	Solution - 5908	323	1462	133	0	31
11	Solution - 5908	323	1462	133	0	31
12	Solution - 5908	323	1462	133	0	31
13	Solution - 5908	323	1462	133	0	31
14	Solution - 5908	323	1462	133	0	31
15	Solution - 5908	323	1462	133	0	31
16	Solution - 5908	323	1462	133	0	31
17	Solution - 5908	323	1462	133	0	31
18	Solution - 5908	323	1462	133	0	31
19	Solution - 5908	323	1462	133	0	31
20	Solution - 5908	323	1462	133	0	31
21	Solution - 5908	323	1462	133	0	31
22	Solution - 5908	323	1462	133	0	31
23	Solution - 5908	323	1462	133	0	31
24	Solution - 5908	323	1462	133	0	31
25	Solution - 5908	323	1462	133	0	31
26	Solution - 5908	323	1462	133	0	31
27	Solution - 5908	323	1462	133	0	31
28	Solution - 5908	323	1462	133	0	31
29	Solution - 5908	323	1462	133	0	31
30	Solution - 5908	323	1462	133	0	31
31	Solution - 5908	323	1462	133	0	31
32	Solution - 5908	323	1462	133	0	31
33	Solution - 5908	323	1462	133	0	31
34	Solution - 5908	323	1462	133	0	31
35	Solution - 5908	323	1462	133	0	31
36	Solution - 5908	323	1462	133	0	31
37	Solution - 5908	323	1462	133	0	31
38	Solution - 5908	323	1462	133	0	31
39	Solution - 5908	323	1462	133	0	31
40	Solution - 5908	323	1462	133	0	31
41	Solution - 5908	323	1462	133	0	31
42	Solution - 5908	323	1462	133	0	31
43	Solution - 5908	323	1462	133	0	31
44	Solution - 5908	323	1462	133	0	31
45	Solution - 5908	323	1462	133	0	31
46	Solution - 5908	323	1462	133	0	31
47	Solution - 5908	323	1462	133	0	31
48	Solution - 5908	323	1462	133	0	31
49	Solution - 5908	323	1462	133	0	31
50	Solution - 5908	323	1462	133	0	31
51	Solution - 5908	323	1462	133	0	31
52	Solution - 5908	323	1462	133	0	31
53	Solution - 5908	323	1462	133	0	31
54	Solution - 5720	328	1488	122	0	32
55	Solution - 5720	328	1488	122	0	32
56	Solution - 5720	328	1488	122	0	32
57	Solution - 5720	328	1488	122	0	32
58	Solution - 5720	328	1488	122	0	32
59	Solution - 5720	328	1488	122	0	32
60	Solution - 5720	328	1488	122	0	32
61	Solution - 5720	328	1488	122	0	32
62	Solution - 5720	328	1488	122	0	32
63	Solution - 5720	328	1488	122	0	32
64	Solution - 5720	328	1488	122	0	32
65	Solution - 5720	328	1488	122	0	32
66	Solution - 5720	328	1488	122	0	32
67	Solution - 5720	328	1488	122	0	32
68	Solution - 5720	328	1488	122	0	32
69	Solution - 5720	328	1488	122	0	32
70	Solution - 5720	328	1488	122	0	32
71	Solution - 5720	328	1488	122	0	32
72	Solution - 5720	328	1488	122	0	32
73	Solution - 5720	328	1488	122	0	32
74	Solution - 5720	328	1488	122	0	32
75	Solution - 5720	328	1488	122	0	32
76	Solution - 5720	328	1488	122	0	32
77	Solution - 5720	328	1488	122	0	32
78	Solution - 5720	328	1488	122	0	32
79	Solution - 5720	328	1488	122	0	32
80	Solution - 5720	328	1488	122	0	32
81	Solution - 5720	328	1488	122	0	32
82	Solution - 5720	328	1488	122	0	32
83	Solution - 5720	328	1488	122	0	32
84	Solution - 5720	328	1488	122	0	32
85	Solution - 5408	323	1455	110	0	33
86	Solution - 5408	323	1455	110	0	33
87	Solution - 5408	323	1455	110	0	33
88	Solution - 5408	323	1455	110	0	33
89	Solution - 5408	323	1455	110	0	33
90	Solution - 5408	323	1455	110	0	33
91	Solution - 5408	323	1455	110	0	33
92	Solution - 5408	323	1455	110	0	33
93	Solution - 5408	323	1455	110	0	33
94	Solution - 5408	323	1455	110	0	33
95	Solution - 5408	323	1455	110	0	33
96	Solution - 5408	323	1455	110	0	33
97	Solution - 5408	323	1455	110	0	33
98	Solution - 5408	323	1455	110	0	33
99	Solution - 5408	323	1455	110	0	33
