0	Solution - 7128	338	1520	170	0	31
1	Solution - 7128	338	1520	170	0	31
2	Solution - 7128	338	1520	170	0	31
3	Solution - 7128	338	1520	170	0	31
4	Solution - 6963	329	1474	172	0	30
5	Solution - 6963	329	1474	172	0	30
6	Solution - 6963	329	1474	172	0	30
7	Solution - 6963	329	1474	172	0	30
8	Solution - 6963	329	1474	172	0	30
9	Solution - 6963	329	1474	172	0	30
10	Solution - 6963	329	1474	172	0	30
11	Solution - 6963	329	1474	172	0	30
12	Solution - 6963	329	1474	172	0	30
13	Solution - 6963	329	1474	172	0	30
14	Solution - 6963	329	1474	172	0	30
15	Solution - 6963	329	1474	172	0	30
16	Solution - 6963	329	1474	172	0	30
17	Solution - 6963	329	1474	172	0	30
18	Solution - 6384	319	1446	149	0	31
19	Solution - 6384	319	1446	149	0	31
20	Solution - 6384	319	1446	149	0	31
21	Solution - 6384	319	1446	149	0	31
22	Solution - 6384	319	1446	149	0	31
23	Solution - 6384	319	1446	149	0	31
24	Solution - 6384	319	1446	149	0	31
25	Solution - 6384	319	1446	149	0	31
26	Solution - 6384	319	1446	149	0	31
27	Solution - 6384	319	1446	149	0	31
28	Solution - 6384	319	1446	149	0	31
29	Solution - 6384	319	1446	149	0	31
30	Solution - 6384	319	1446	149	0	31
31	Solution - 6384	319	1446	149	0	31
32	Solution - 6384	319	1446	149	0	31
33	Solution - 6384	319	1446	149	0	31
34	Solution - 5961	330	1491	138	0	30
35	Solution - 5961	330	1491	138	0	30
36	Solution - 5961	330	1491	138	0	30
37	Solution - 5961	330	1491	138	0	30
38	Solution - 5961	330	1491	138	0	30
39	Solution - 5961	330	1491	138	0	30
40	Solution - 5961	330	1491	138	0	30
41	Solution - 5961	330	1491	138	0	30
42	Solution - 5961	330	1491	138	0	30
43	Solution - 5961	330	1491	138	0	30
44	Solution - 5961	330	1491	138	0	30
45	Solution - 5961	330	1491	138	0	30
46	Solution - 5961	330	1491	138	0	30
47	Solution - 5961	330	1491	138	0	30
48	Solution - 5961	330	1491	138	0	30
49	Solution - 5961	330	1491	138	0	30
50	Solution - 5961	330	1491	138	0	30
51	Solution - 5961	330	1491	138	0	30
52	Solution - 5961	330	1491	138	0	30
53	Solution - 5961	330	1491	138	0	30
54	Solution - 5961	330	1491	138	0	30
55	Solution - 5961	330	1491	138	0	30
56	Solution - 5961	330	1491	138	0	30
57	Solution - 5961	330	1491	138	0	30
58	Solution - 5961	330	1491	138	0	30
59	Solution - 5961	330	1491	138	0	30
60	Solution - 5961	330	1491	138	0	30
61	Solution - 5961	330	1491	138	0	30
62	Solution - 5961	330	1491	138	0	30
63	Solution - 5961	330	1491	138	0	30
64	Solution - 5961	330	1491	138	0	30
65	Solution - 5961	330	1491	138	0	30
66	Solution - 5961	330	1491	138	0	30
67	Solution - 5961	330	1491	138	0	30
68	Solution - 5961	330	1491	138	0	30
69	Solution - 5961	330	1491	138	0	30
70	Solution - 5961	330	1491	138	0	30
71	Solution - 5961	330	1491	138	0	30
72	Solution - 5961	330	1491	138	0	30
73	Solution - 5961	330	1491	138	0	30
74	Solution - 5961	330	1491	138	0	30
75	Solution - 5094	320	1441	101	0	33
76	Solution - 5094	320	1441	101	0	33
77	Solution - 5094	320	1441	101	0	33
78	Solution - 5094	320	1441	101	0	33
79	Solution - 5094	320	1441	101	0	33
80	Solution - 5094	320	1441	101	0	33
81	Solution - 5094	320	1441	101	0	33
82	Solution - 5094	320	1441	101	0	33
83	Solution - 5094	320	1441	101	0	33
84	Solution - 5094	320	1441	101	0	33
85	Solution - 5094	320	1441	101	0	33
86	Solution - 5094	320	1441	101	0	33
87	Solution - 5094	320	1441	101	0	33
88	Solution - 5094	320	1441	101	0	33
89	Solution - 5094	320	1441	101	0	33
90	Solution - 5094	320	1441	101	0	33
91	Solution - 5094	320	1441	101	0	33
92	Solution - 5094	320	1441	101	0	33
93	Solution - 5094	320	1441	101	0	33
94	Solution - 5094	320	1441	101	0	33
95	Solution - 5094	320	1441	101	0	33
96	Solution - 5094	320	1441	101	0	33
97	Solution - 5094	320	1441	101	0	33
98	Solution - 5094	320	1441	101	0	33
99	Solution - 5094	320	1441	101	0	33
