6135
6052
6052
6052
6052
6052
6052
6052
6052
5999
5999
5999
5999
5999
5999
5999
5999
5999
5999
5999
5999
5999
5999
5999
5999
5999
5999
5999
5846
5846
5846
5846
5846
5846
5846
5846
5846
5846
5846
5846
5846
5846
5846
5846
5846
5846
5846
5846
5846
5846
5846
5846
5846
5846
5846
5846
5846
5846
5846
5846
5846
5846
5846
5846
5846
5846
5846
5846
5846
5846
5846
5846
5343
5343
5343
5343
5343
5343
5343
5343
5343
5343
5343
5343
5343
5343
5343
5343
5343
5343
5343
5343
5343
5343
5343
5343
5343
5343
5343
5343
