6960
6960
5999
5999
5999
5999
5999
5999
5999
5999
5999
5999
5999
5999
5999
5999
5999
5999
5999
5999
5999
5999
5999
5999
5999
5999
5999
5999
5999
5999
5999
5999
5999
5999
5999
5846
5846
5846
5846
5846
5846
5846
5846
5846
5846
5846
5846
5846
5846
5846
5846
5846
5846
5846
5846
5846
5846
5846
5846
5846
5846
5846
5846
5846
5846
5846
5846
5846
5846
5846
5784
5784
5784
5784
5784
5784
5784
5784
5784
5784
5784
5784
5784
5784
5784
5784
5784
5784
5784
5784
5784
5784
5343
5343
5343
5343
5343
5343
5343
5343
