8859
8143
8143
7902
7148
6755
6609
6609
6609
6609
6609
5971
5971
5971
5971
5971
5971
5971
5971
5971
5971
5971
5971
5971
5971
5971
5971
5933
5933
5933
5933
5933
5933
5933
5788
5788
5788
5788
5788
5788
5788
5788
5788
5788
5788
5788
5788
5788
5788
5788
5679
5679
5679
5679
5679
5679
5679
5679
5679
5679
5679
5679
5679
5679
5679
5679
5679
5679
5679
5679
5679
5679
5679
5679
5679
5679
5679
5679
5679
5679
5679
5679
5679
5679
5679
5679
5679
5679
5679
5679
5679
5679
5679
5679
5679
5679
5679
5679
5679
5679
