7529
6777
6777
6777
6777
6777
6777
6777
6777
6009
6009
6009
6009
6009
6009
6009
6009
6009
6009
6009
6009
6009
6009
6009
6009
6009
6009
6009
6009
6009
6009
6009
6009
6009
6009
6009
6009
6009
6009
6009
6009
6009
6009
6009
6009
6009
6009
6009
6009
6009
6009
6009
6009
6009
6009
6009
6009
6009
6009
6009
6009
6009
6009
6009
6009
6009
6009
6009
6009
6009
6009
6009
6009
6009
6009
6009
6009
6009
6009
6009
6009
6009
6009
6009
6009
6009
6009
6009
6009
5720
5720
5720
5720
5720
5720
5720
5720
5720
5720
5720
