0	Solution - 6960	328	1472	172	0	30
1	Solution - 6960	328	1472	172	0	30
2	Solution - 5999	318	1465	136	0	31
3	Solution - 5999	318	1465	136	0	31
4	Solution - 5999	318	1465	136	0	31
5	Solution - 5999	318	1465	136	0	31
6	Solution - 5999	318	1465	136	0	31
7	Solution - 5999	318	1465	136	0	31
8	Solution - 5999	318	1465	136	0	31
9	Solution - 5999	318	1465	136	0	31
10	Solution - 5999	318	1465	136	0	31
11	Solution - 5999	318	1465	136	0	31
12	Solution - 5999	318	1465	136	0	31
13	Solution - 5999	318	1465	136	0	31
14	Solution - 5999	318	1465	136	0	31
15	Solution - 5999	318	1465	136	0	31
16	Solution - 5999	318	1465	136	0	31
17	Solution - 5999	318	1465	136	0	31
18	Solution - 5999	318	1465	136	0	31
19	Solution - 5999	318	1465	136	0	31
20	Solution - 5999	318	1465	136	0	31
21	Solution - 5999	318	1465	136	0	31
22	Solution - 5999	318	1465	136	0	31
23	Solution - 5999	318	1465	136	0	31
24	Solution - 5999	318	1465	136	0	31
25	Solution - 5999	318	1465	136	0	31
26	Solution - 5999	318	1465	136	0	31
27	Solution - 5999	318	1465	136	0	31
28	Solution - 5999	318	1465	136	0	31
29	Solution - 5999	318	1465	136	0	31
30	Solution - 5999	318	1465	136	0	31
31	Solution - 5999	318	1465	136	0	31
32	Solution - 5999	318	1465	136	0	31
33	Solution - 5999	318	1465	136	0	31
34	Solution - 5999	318	1465	136	0	31
35	Solution - 5846	323	1462	131	0	31
36	Solution - 5846	323	1462	131	0	31
37	Solution - 5846	323	1462	131	0	31
38	Solution - 5846	323	1462	131	0	31
39	Solution - 5846	323	1462	131	0	31
40	Solution - 5846	323	1462	131	0	31
41	Solution - 5846	323	1462	131	0	31
42	Solution - 5846	323	1462	131	0	31
43	Solution - 5846	323	1462	131	0	31
44	Solution - 5846	323	1462	131	0	31
45	Solution - 5846	323	1462	131	0	31
46	Solution - 5846	323	1462	131	0	31
47	Solution - 5846	323	1462	131	0	31
48	Solution - 5846	323	1462	131	0	31
49	Solution - 5846	323	1462	131	0	31
50	Solution - 5846	323	1462	131	0	31
51	Solution - 5846	323	1462	131	0	31
52	Solution - 5846	323	1462	131	0	31
53	Solution - 5846	323	1462	131	0	31
54	Solution - 5846	323	1462	131	0	31
55	Solution - 5846	323	1462	131	0	31
56	Solution - 5846	323	1462	131	0	31
57	Solution - 5846	323	1462	131	0	31
58	Solution - 5846	323	1462	131	0	31
59	Solution - 5846	323	1462	131	0	31
60	Solution - 5846	323	1462	131	0	31
61	Solution - 5846	323	1462	131	0	31
62	Solution - 5846	323	1462	131	0	31
63	Solution - 5846	323	1462	131	0	31
64	Solution - 5846	323	1462	131	0	31
65	Solution - 5846	323	1462	131	0	31
66	Solution - 5846	323	1462	131	0	31
67	Solution - 5846	323	1462	131	0	31
68	Solution - 5846	323	1462	131	0	31
69	Solution - 5846	323	1462	131	0	31
70	Solution - 5784	328	1488	124	0	32
71	Solution - 5784	328	1488	124	0	32
72	Solution - 5784	328	1488	124	0	32
73	Solution - 5784	328	1488	124	0	32
74	Solution - 5784	328	1488	124	0	32
75	Solution - 5784	328	1488	124	0	32
76	Solution - 5784	328	1488	124	0	32
77	Solution - 5784	328	1488	124	0	32
78	Solution - 5784	328	1488	124	0	32
79	Solution - 5784	328	1488	124	0	32
80	Solution - 5784	328	1488	124	0	32
81	Solution - 5784	328	1488	124	0	32
82	Solution - 5784	328	1488	124	0	32
83	Solution - 5784	328	1488	124	0	32
84	Solution - 5784	328	1488	124	0	32
85	Solution - 5784	328	1488	124	0	32
86	Solution - 5784	328	1488	124	0	32
87	Solution - 5784	328	1488	124	0	32
88	Solution - 5784	328	1488	124	0	32
89	Solution - 5784	328	1488	124	0	32
90	Solution - 5784	328	1488	124	0	32
91	Solution - 5784	328	1488	124	0	32
92	Solution - 5343	313	1403	117	0	31
93	Solution - 5343	313	1403	117	0	31
94	Solution - 5343	313	1403	117	0	31
95	Solution - 5343	313	1403	117	0	31
96	Solution - 5343	313	1403	117	0	31
97	Solution - 5343	313	1403	117	0	31
98	Solution - 5343	313	1403	117	0	31
99	Solution - 5343	313	1403	117	0	31
