7486
5855
5855
5855
5855
5855
5855
5855
5855
5855
5855
5855
5855
5855
5855
5855
5855
5855
5855
5855
5855
5855
5855
5855
5855
5855
5855
5855
5855
5855
5855
5855
5855
5855
5855
5855
5855
5855
5855
5855
5855
5855
5855
5855
5855
5855
5855
5855
5855
5855
5855
5855
5855
5855
5855
5855
5855
5855
5855
5855
5855
5855
5855
5855
5855
5855
5855
5855
5855
5855
5855
5855
5855
5855
5855
5855
5855
5855
5855
5855
5855
5855
5855
5855
5855
5855
5855
5855
5855
5855
5855
5855
5855
5855
5855
5855
5855
5855
5855
5855
