8098
7433
6322
6322
6322
6322
6322
6322
6322
5971
5971
5971
5971
5971
5971
5971
5971
5474
5474
5474
5474
5474
5474
5474
5474
5474
5474
5474
5474
5474
5474
5474
5474
5474
5474
5343
5343
5343
5343
5343
5343
5343
5343
5343
5343
5343
5343
5343
5343
5343
5343
5343
5343
5343
5343
5343
5343
5343
5343
5343
5343
5343
5343
5343
5343
5343
5343
5343
5343
5343
5343
5343
5343
5343
5343
5343
5343
5343
5343
5343
5343
5343
5343
5343
5343
5343
5343
5343
5343
5343
5343
5343
5343
5343
5343
5343
5343
5343
5343
5343
