8096
6762
6639
6490
6490
6490
6490
6490
6490
6490
6490
6490
6084
6084
6084
6084
6084
6084
6084
6084
6084
6084
6084
6084
6084
6084
6084
6084
6084
6084
6084
6084
6084
6084
6084
6084
6084
6084
6084
6084
6084
5933
5408
5408
5408
5408
5408
5408
5408
5408
5408
5408
5408
5408
5408
5408
5408
5408
5408
5408
5408
5408
5408
5408
5408
5408
5408
5408
5408
5408
5408
5408
5408
5408
5408
5408
5408
5408
5408
5408
5408
5408
5408
5408
5408
5408
5408
5408
5408
5408
5408
5408
5408
5408
5408
5408
5408
5408
5408
5408
