0	Solution - 6611	329	1497	145	0	33
1	Solution - 6611	329	1497	145	0	33
2	Solution - 6611	329	1497	145	0	33
3	Solution - 6611	329	1497	145	0	33
4	Solution - 6611	329	1497	145	0	33
5	Solution - 6611	329	1497	145	0	33
6	Solution - 6611	329	1497	145	0	33
7	Solution - 6611	329	1497	145	0	33
8	Solution - 6611	329	1497	145	0	33
9	Solution - 6611	329	1497	145	0	33
10	Solution - 6417	323	1474	140	0	33
11	Solution - 6417	323	1474	140	0	33
12	Solution - 6401	329	1482	153	0	30
13	Solution - 6401	329	1482	153	0	30
14	Solution - 6401	329	1482	153	0	30
15	Solution - 6401	329	1482	153	0	30
16	Solution - 6401	329	1482	153	0	30
17	Solution - 6401	329	1482	153	0	30
18	Solution - 6401	329	1482	153	0	30
19	Solution - 6401	329	1482	153	0	30
20	Solution - 6401	329	1482	153	0	30
21	Solution - 6401	329	1482	153	0	30
22	Solution - 6401	329	1482	153	0	30
23	Solution - 6401	329	1482	153	0	30
24	Solution - 6401	329	1482	153	0	30
25	Solution - 6401	329	1482	153	0	30
26	Solution - 6401	329	1482	153	0	30
27	Solution - 6331	324	1463	142	0	32
28	Solution - 6331	324	1463	142	0	32
29	Solution - 6331	324	1463	142	0	32
30	Solution - 6052	319	1455	138	0	31
31	Solution - 6052	319	1455	138	0	31
32	Solution - 6052	319	1455	138	0	31
33	Solution - 6052	319	1455	138	0	31
34	Solution - 6052	319	1455	138	0	31
35	Solution - 6052	319	1455	138	0	31
36	Solution - 6052	319	1455	138	0	31
37	Solution - 6052	319	1455	138	0	31
38	Solution - 6052	319	1455	138	0	31
39	Solution - 6052	319	1455	138	0	31
40	Solution - 6052	319	1455	138	0	31
41	Solution - 6052	319	1455	138	0	31
42	Solution - 6052	319	1455	138	0	31
43	Solution - 6052	319	1455	138	0	31
44	Solution - 6052	319	1455	138	0	31
45	Solution - 6052	319	1455	138	0	31
46	Solution - 5980	325	1470	135	0	31
47	Solution - 5980	325	1470	135	0	31
48	Solution - 5980	325	1470	135	0	31
49	Solution - 5980	325	1470	135	0	31
50	Solution - 5980	325	1470	135	0	31
51	Solution - 5980	325	1470	135	0	31
52	Solution - 5980	325	1470	135	0	31
53	Solution - 5980	325	1470	135	0	31
54	Solution - 5980	325	1470	135	0	31
55	Solution - 5980	325	1470	135	0	31
56	Solution - 5846	323	1462	131	0	31
57	Solution - 5846	323	1462	131	0	31
58	Solution - 5846	323	1462	131	0	31
59	Solution - 5846	323	1462	131	0	31
60	Solution - 5846	323	1462	131	0	31
61	Solution - 5846	323	1462	131	0	31
62	Solution - 5846	323	1462	131	0	31
63	Solution - 5846	323	1462	131	0	31
64	Solution - 5846	323	1462	131	0	31
65	Solution - 5846	323	1462	131	0	31
66	Solution - 5846	323	1462	131	0	31
67	Solution - 5846	323	1462	131	0	31
68	Solution - 5846	323	1462	131	0	31
69	Solution - 5846	323	1462	131	0	31
70	Solution - 5846	323	1462	131	0	31
71	Solution - 5846	323	1462	131	0	31
72	Solution - 5846	323	1462	131	0	31
73	Solution - 5846	323	1462	131	0	31
74	Solution - 5846	323	1462	131	0	31
75	Solution - 5846	323	1462	131	0	31
76	Solution - 5846	323	1462	131	0	31
77	Solution - 5846	323	1462	131	0	31
78	Solution - 5846	323	1462	131	0	31
79	Solution - 5846	323	1462	131	0	31
80	Solution - 5846	323	1462	131	0	31
81	Solution - 5846	323	1462	131	0	31
82	Solution - 5846	323	1462	131	0	31
83	Solution - 5846	323	1462	131	0	31
84	Solution - 5846	323	1462	131	0	31
85	Solution - 5846	323	1462	131	0	31
86	Solution - 5846	323	1462	131	0	31
87	Solution - 5846	323	1462	131	0	31
88	Solution - 5846	323	1462	131	0	31
89	Solution - 5846	323	1462	131	0	31
90	Solution - 5846	323	1462	131	0	31
91	Solution - 5846	323	1462	131	0	31
92	Solution - 5846	323	1462	131	0	31
93	Solution - 5846	323	1462	131	0	31
94	Solution - 5846	323	1462	131	0	31
95	Solution - 5846	323	1462	131	0	31
96	Solution - 5846	323	1462	131	0	31
97	Solution - 5846	323	1462	131	0	31
98	Solution - 5846	323	1462	131	0	31
99	Solution - 5846	323	1462	131	0	31
