7961
7961
7403
7394
5971
5971
5971
5971
5971
5971
5971
5971
5660
5660
5660
5660
5660
5660
5660
5660
5660
5660
5660
5660
5660
5660
5660
5660
5660
5660
5660
5660
5660
5660
5660
5660
5660
5660
5660
5660
5660
5660
5660
5660
5660
5660
5660
5660
5660
5660
5660
5660
5660
5660
5660
5660
5660
5660
5660
5660
5660
5660
5660
5660
5660
5660
5436
5436
5436
5436
5436
5436
5436
5436
5436
5436
5436
5436
5436
5436
5436
5436
5436
5436
5436
5436
5436
5436
5436
5436
5436
5436
5436
5436
5436
5436
5436
5436
5436
5436
