9556
7494
7494
7494
7494
5908
5908
5908
5908
5908
5908
5908
5908
5908
5908
5908
5908
5908
5908
5908
5908
5908
5908
5908
5908
5908
5908
5908
5908
5908
5908
5908
5908
5908
5908
5908
5908
5908
5908
5908
5908
5908
5908
5908
5908
5908
5908
5908
5908
5908
5908
5908
5908
5908
5720
5720
5720
5720
5720
5720
5720
5720
5720
5720
5720
5720
5720
5720
5720
5720
5720
5720
5720
5720
5720
5720
5720
5720
5720
5720
5720
5720
5720
5720
5720
5408
5408
5408
5408
5408
5408
5408
5408
5408
5408
5408
5408
5408
5408
5408
