0	Solution - 8924	328	1497	229	0	31
1	Solution - 6141	327	1474	140	0	31
2	Solution - 6141	327	1474	140	0	31
3	Solution - 6141	327	1474	140	0	31
4	Solution - 6141	327	1474	140	0	31
5	Solution - 6096	323	1453	144	0	30
6	Solution - 6096	323	1453	144	0	30
7	Solution - 6096	323	1453	144	0	30
8	Solution - 6096	323	1453	144	0	30
9	Solution - 6096	323	1453	144	0	30
10	Solution - 6096	323	1453	144	0	30
11	Solution - 6096	323	1453	144	0	30
12	Solution - 6096	323	1453	144	0	30
13	Solution - 6096	323	1453	144	0	30
14	Solution - 6096	323	1453	144	0	30
15	Solution - 6096	323	1453	144	0	30
16	Solution - 6096	323	1453	144	0	30
17	Solution - 6096	323	1453	144	0	30
18	Solution - 6096	323	1453	144	0	30
19	Solution - 6096	323	1453	144	0	30
20	Solution - 6096	323	1453	144	0	30
21	Solution - 6096	323	1453	144	0	30
22	Solution - 6096	323	1453	144	0	30
23	Solution - 6096	323	1453	144	0	30
24	Solution - 6096	323	1453	144	0	30
25	Solution - 6096	323	1453	144	0	30
26	Solution - 5720	328	1488	122	0	32
27	Solution - 5720	328	1488	122	0	32
28	Solution - 5720	328	1488	122	0	32
29	Solution - 5720	328	1488	122	0	32
30	Solution - 5720	328	1488	122	0	32
31	Solution - 5720	328	1488	122	0	32
32	Solution - 5720	328	1488	122	0	32
33	Solution - 5720	328	1488	122	0	32
34	Solution - 5720	328	1488	122	0	32
35	Solution - 5720	328	1488	122	0	32
36	Solution - 5720	328	1488	122	0	32
37	Solution - 5720	328	1488	122	0	32
38	Solution - 5720	328	1488	122	0	32
39	Solution - 5720	328	1488	122	0	32
40	Solution - 5720	328	1488	122	0	32
41	Solution - 5314	315	1415	112	0	32
42	Solution - 5314	315	1415	112	0	32
43	Solution - 5314	315	1415	112	0	32
44	Solution - 5314	315	1415	112	0	32
45	Solution - 5314	315	1415	112	0	32
46	Solution - 5314	315	1415	112	0	32
47	Solution - 5314	315	1415	112	0	32
48	Solution - 5314	315	1415	112	0	32
49	Solution - 5314	315	1415	112	0	32
50	Solution - 5314	315	1415	112	0	32
51	Solution - 5314	315	1415	112	0	32
52	Solution - 5314	315	1415	112	0	32
53	Solution - 5314	315	1415	112	0	32
54	Solution - 5314	315	1415	112	0	32
55	Solution - 5314	315	1415	112	0	32
56	Solution - 5314	315	1415	112	0	32
57	Solution - 5314	315	1415	112	0	32
58	Solution - 5314	315	1415	112	0	32
59	Solution - 5314	315	1415	112	0	32
60	Solution - 5314	315	1415	112	0	32
61	Solution - 5314	315	1415	112	0	32
62	Solution - 5314	315	1415	112	0	32
63	Solution - 5314	315	1415	112	0	32
64	Solution - 5314	315	1415	112	0	32
65	Solution - 5314	315	1415	112	0	32
66	Solution - 5314	315	1415	112	0	32
67	Solution - 5314	315	1415	112	0	32
68	Solution - 5314	315	1415	112	0	32
69	Solution - 5314	315	1415	112	0	32
70	Solution - 5314	315	1415	112	0	32
71	Solution - 5314	315	1415	112	0	32
72	Solution - 5314	315	1415	112	0	32
73	Solution - 5314	315	1415	112	0	32
74	Solution - 5314	315	1415	112	0	32
75	Solution - 5314	315	1415	112	0	32
76	Solution - 5314	315	1415	112	0	32
77	Solution - 5314	315	1415	112	0	32
78	Solution - 5314	315	1415	112	0	32
79	Solution - 5314	315	1415	112	0	32
80	Solution - 5314	315	1415	112	0	32
81	Solution - 5314	315	1415	112	0	32
82	Solution - 5314	315	1415	112	0	32
83	Solution - 5314	315	1415	112	0	32
84	Solution - 5314	315	1415	112	0	32
85	Solution - 5314	315	1415	112	0	32
86	Solution - 5314	315	1415	112	0	32
87	Solution - 5314	315	1415	112	0	32
88	Solution - 5314	315	1415	112	0	32
89	Solution - 5314	315	1415	112	0	32
90	Solution - 5314	315	1415	112	0	32
91	Solution - 5314	315	1415	112	0	32
92	Solution - 5314	315	1415	112	0	32
93	Solution - 5314	315	1415	112	0	32
94	Solution - 5314	315	1415	112	0	32
95	Solution - 5314	315	1415	112	0	32
96	Solution - 5314	315	1415	112	0	32
97	Solution - 5314	315	1415	112	0	32
98	Solution - 5314	315	1415	112	0	32
99	Solution - 5314	315	1415	112	0	32
