7334
7250
7250
7250
7250
6955
6955
6955
6955
6955
6955
6955
6955
6955
6955
6955
6955
6955
6955
6574
6574
6376
6376
6376
6254
6254
6254
6254
6254
6010
6010
6010
6010
6010
6010
6010
6010
6010
6010
6010
6010
6010
6010
6010
6010
6010
6010
6010
6010
6010
6010
6010
6010
6010
6010
6010
6010
6010
6010
6010
6010
6010
6010
6010
6010
6010
6010
6010
6010
6010
6010
6010
6010
6010
6010
6010
6010
6010
6010
6010
6010
6010
5649
5649
5649
5649
5649
5649
5649
5649
5649
5649
5649
5649
5649
5649
5649
5649
5649
5649
