0	Solution - 7456	329	1485	182	0	31
1	Solution - 7456	329	1485	182	0	31
2	Solution - 7182	327	1461	186	0	29
3	Solution - 7182	327	1461	186	0	29
4	Solution - 7163	322	1447	186	0	29
5	Solution - 7163	322	1447	186	0	29
6	Solution - 7163	322	1447	186	0	29
7	Solution - 6871	330	1488	163	0	31
8	Solution - 6871	330	1488	163	0	31
9	Solution - 6871	330	1488	163	0	31
10	Solution - 6837	329	1484	157	0	32
11	Solution - 6837	329	1484	157	0	32
12	Solution - 6837	329	1484	157	0	32
13	Solution - 6733	334	1501	158	0	31
14	Solution - 6733	334	1501	158	0	31
15	Solution - 6733	334	1501	158	0	31
16	Solution - 6637	327	1474	156	0	31
17	Solution - 6415	337	1521	147	0	31
18	Solution - 6415	337	1521	147	0	31
19	Solution - 6415	337	1521	147	0	31
20	Solution - 6205	337	1516	136	0	32
21	Solution - 6205	337	1516	136	0	32
22	Solution - 6205	337	1516	136	0	32
23	Solution - 6155	324	1479	136	0	32
24	Solution - 6155	324	1479	136	0	32
25	Solution - 6155	324	1479	136	0	32
26	Solution - 6155	324	1479	136	0	32
27	Solution - 6155	324	1479	136	0	32
28	Solution - 6155	324	1479	136	0	32
29	Solution - 5720	328	1488	122	0	32
30	Solution - 5720	328	1488	122	0	32
31	Solution - 5720	328	1488	122	0	32
32	Solution - 5720	328	1488	122	0	32
33	Solution - 5720	328	1488	122	0	32
34	Solution - 5720	328	1488	122	0	32
35	Solution - 5720	328	1488	122	0	32
36	Solution - 5720	328	1488	122	0	32
37	Solution - 5720	328	1488	122	0	32
38	Solution - 5720	328	1488	122	0	32
39	Solution - 5720	328	1488	122	0	32
40	Solution - 5720	328	1488	122	0	32
41	Solution - 5720	328	1488	122	0	32
42	Solution - 5720	328	1488	122	0	32
43	Solution - 5720	328	1488	122	0	32
44	Solution - 5720	328	1488	122	0	32
45	Solution - 5720	328	1488	122	0	32
46	Solution - 5720	328	1488	122	0	32
47	Solution - 5720	328	1488	122	0	32
48	Solution - 5720	328	1488	122	0	32
49	Solution - 5720	328	1488	122	0	32
50	Solution - 5720	328	1488	122	0	32
51	Solution - 5720	328	1488	122	0	32
52	Solution - 5720	328	1488	122	0	32
53	Solution - 5720	328	1488	122	0	32
54	Solution - 5720	328	1488	122	0	32
55	Solution - 5720	328	1488	122	0	32
56	Solution - 5720	328	1488	122	0	32
57	Solution - 5720	328	1488	122	0	32
58	Solution - 5720	328	1488	122	0	32
59	Solution - 5720	328	1488	122	0	32
60	Solution - 5720	328	1488	122	0	32
61	Solution - 5720	328	1488	122	0	32
62	Solution - 5720	328	1488	122	0	32
63	Solution - 5720	328	1488	122	0	32
64	Solution - 5720	328	1488	122	0	32
65	Solution - 5720	328	1488	122	0	32
66	Solution - 5720	328	1488	122	0	32
67	Solution - 5720	328	1488	122	0	32
68	Solution - 5720	328	1488	122	0	32
69	Solution - 5720	328	1488	122	0	32
70	Solution - 5720	328	1488	122	0	32
71	Solution - 5720	328	1488	122	0	32
72	Solution - 5720	328	1488	122	0	32
73	Solution - 5720	328	1488	122	0	32
74	Solution - 5720	328	1488	122	0	32
75	Solution - 5720	328	1488	122	0	32
76	Solution - 5720	328	1488	122	0	32
77	Solution - 5720	328	1488	122	0	32
78	Solution - 5720	328	1488	122	0	32
79	Solution - 5720	328	1488	122	0	32
80	Solution - 5720	328	1488	122	0	32
81	Solution - 5720	328	1488	122	0	32
82	Solution - 5720	328	1488	122	0	32
83	Solution - 5720	328	1488	122	0	32
84	Solution - 5720	328	1488	122	0	32
85	Solution - 5720	328	1488	122	0	32
86	Solution - 5720	328	1488	122	0	32
87	Solution - 5720	328	1488	122	0	32
88	Solution - 5720	328	1488	122	0	32
89	Solution - 5720	328	1488	122	0	32
90	Solution - 5720	328	1488	122	0	32
91	Solution - 5720	328	1488	122	0	32
92	Solution - 5720	328	1488	122	0	32
93	Solution - 5720	328	1488	122	0	32
94	Solution - 5720	328	1488	122	0	32
95	Solution - 5474	323	1455	112	0	33
96	Solution - 5474	323	1455	112	0	33
97	Solution - 5474	323	1455	112	0	33
98	Solution - 5474	323	1455	112	0	33
99	Solution - 5474	323	1455	112	0	33
