7192
7192
7192
7192
7192
7192
6639
5846
5846
5846
5846
5846
5846
5846
5846
5846
5846
5846
5846
5846
5846
5846
5846
5846
5846
5846
5846
5846
5846
5846
5846
5846
5846
5846
5846
5846
5846
5846
5846
5846
5846
5846
5846
5846
5846
5846
5846
5846
5846
5846
5846
5846
5846
5846
5846
5846
5846
5846
5784
5784
5784
5784
5784
5784
5784
5784
5784
5784
5784
5784
5784
5784
5784
5784
5784
5784
5784
5784
5343
5343
5343
5343
5343
5343
5343
5343
5343
5343
5343
5343
5343
5343
5343
5343
5343
5343
5343
5343
5343
5343
