0	Solution - 7334	320	1434	186	0	30
1	Solution - 7334	320	1434	186	0	30
2	Solution - 6531	317	1440	154	0	31
3	Solution - 6531	317	1440	154	0	31
4	Solution - 6531	317	1440	154	0	31
5	Solution - 6531	317	1440	154	0	31
6	Solution - 6531	317	1440	154	0	31
7	Solution - 6531	317	1440	154	0	31
8	Solution - 6531	317	1440	154	0	31
9	Solution - 6531	317	1440	154	0	31
10	Solution - 6531	317	1440	154	0	31
11	Solution - 6531	317	1440	154	0	31
12	Solution - 6531	317	1440	154	0	31
13	Solution - 6531	317	1440	154	0	31
14	Solution - 6531	317	1440	154	0	31
15	Solution - 6531	317	1440	154	0	31
16	Solution - 6531	317	1440	154	0	31
17	Solution - 6531	317	1440	154	0	31
18	Solution - 6531	317	1440	154	0	31
19	Solution - 6010	321	1473	136	0	31
20	Solution - 6010	321	1473	136	0	31
21	Solution - 6010	321	1473	136	0	31
22	Solution - 6010	321	1473	136	0	31
23	Solution - 6010	321	1473	136	0	31
24	Solution - 6010	321	1473	136	0	31
25	Solution - 6010	321	1473	136	0	31
26	Solution - 6010	321	1473	136	0	31
27	Solution - 6010	321	1473	136	0	31
28	Solution - 6010	321	1473	136	0	31
29	Solution - 6010	321	1473	136	0	31
30	Solution - 6010	321	1473	136	0	31
31	Solution - 6010	321	1473	136	0	31
32	Solution - 6010	321	1473	136	0	31
33	Solution - 6010	321	1473	136	0	31
34	Solution - 6010	321	1473	136	0	31
35	Solution - 6010	321	1473	136	0	31
36	Solution - 6010	321	1473	136	0	31
37	Solution - 6010	321	1473	136	0	31
38	Solution - 6010	321	1473	136	0	31
39	Solution - 6010	321	1473	136	0	31
40	Solution - 6010	321	1473	136	0	31
41	Solution - 6010	321	1473	136	0	31
42	Solution - 6010	321	1473	136	0	31
43	Solution - 6010	321	1473	136	0	31
44	Solution - 6010	321	1473	136	0	31
45	Solution - 6010	321	1473	136	0	31
46	Solution - 6010	321	1473	136	0	31
47	Solution - 6010	321	1473	136	0	31
48	Solution - 6010	321	1473	136	0	31
49	Solution - 6010	321	1473	136	0	31
50	Solution - 6010	321	1473	136	0	31
51	Solution - 6010	321	1473	136	0	31
52	Solution - 6010	321	1473	136	0	31
53	Solution - 6010	321	1473	136	0	31
54	Solution - 6010	321	1473	136	0	31
55	Solution - 6010	321	1473	136	0	31
56	Solution - 6010	321	1473	136	0	31
57	Solution - 6010	321	1473	136	0	31
58	Solution - 6010	321	1473	136	0	31
59	Solution - 6010	321	1473	136	0	31
60	Solution - 6010	321	1473	136	0	31
61	Solution - 6010	321	1473	136	0	31
62	Solution - 6010	321	1473	136	0	31
63	Solution - 6010	321	1473	136	0	31
64	Solution - 6010	321	1473	136	0	31
65	Solution - 6010	321	1473	136	0	31
66	Solution - 6010	321	1473	136	0	31
67	Solution - 6010	321	1473	136	0	31
68	Solution - 6010	321	1473	136	0	31
69	Solution - 6010	321	1473	136	0	31
70	Solution - 6010	321	1473	136	0	31
71	Solution - 6010	321	1473	136	0	31
72	Solution - 6010	321	1473	136	0	31
73	Solution - 6010	321	1473	136	0	31
74	Solution - 6010	321	1473	136	0	31
75	Solution - 6010	321	1473	136	0	31
76	Solution - 6010	321	1473	136	0	31
77	Solution - 6010	321	1473	136	0	31
78	Solution - 6010	321	1473	136	0	31
79	Solution - 5474	323	1455	112	0	33
80	Solution - 5474	323	1455	112	0	33
81	Solution - 5474	323	1455	112	0	33
82	Solution - 5474	323	1455	112	0	33
83	Solution - 5474	323	1455	112	0	33
84	Solution - 5474	323	1455	112	0	33
85	Solution - 5474	323	1455	112	0	33
86	Solution - 5474	323	1455	112	0	33
87	Solution - 5474	323	1455	112	0	33
88	Solution - 5474	323	1455	112	0	33
89	Solution - 5474	323	1455	112	0	33
90	Solution - 5474	323	1455	112	0	33
91	Solution - 5474	323	1455	112	0	33
92	Solution - 5474	323	1455	112	0	33
93	Solution - 5474	323	1455	112	0	33
94	Solution - 5474	323	1455	112	0	33
95	Solution - 5474	323	1455	112	0	33
96	Solution - 5474	323	1455	112	0	33
97	Solution - 5474	323	1455	112	0	33
98	Solution - 5474	323	1455	112	0	33
99	Solution - 5474	323	1455	112	0	33
