2717
2613
2613
2508
2508
2508
2508
2508
1718
1718
1718
1718
1718
1718
1718
1099
1099
1099
1099
1099
1099
1099
1099
1099
1099
1099
1099
1099
1099
1099
876
876
876
876
876
876
876
876
876
876
876
876
876
876
876
876
876
876
876
876
876
876
876
876
876
876
876
876
876
876
876
876
876
876
876
876
876
876
876
876
876
876
876
876
876
876
876
876
876
876
876
876
876
876
876
876
876
876
876
876
876
876
876
876
876
876
876
876
876
876
876
876
876
876
876
876
876
876
876
876
876
876
876
876
876
876
876
876
876
876
876
876
876
876
876
876
876
876
876
876
876
876
876
876
876
876
876
876
876
876
876
876
876
876
876
876
876
876
876
876
876
876
876
876
876
876
876
876
876
876
876
876
876
876
876
876
876
876
876
876
876
876
876
876
876
876
876
876
876
876
876
876
876
876
876
876
876
876
876
876
876
876
876
876
876
876
876
876
876
876
