1	Individual - 	2627	180	827	81	0	20	[0, 15, 49, 42, 50, 15, 49, 42, 50, 0, 0, 3, 4, 46, 23, 3, 4, 46, 23, 0, 0, 8, 7, 9, 14, 8, 7, 9, 14, 0, 0, 21, 47, 21, 47, 0, 0, 12, 44, 12, 44, 0, 0, 30, 37, 48, 30, 37, 48, 0, 0, 20, 27, 35, 31, 20, 27, 35, 31, 0, 0, 19, 22, 45, 40, 19, 22, 45, 40, 0, 0, 18, 34, 18, 34, 0, 0, 2, 1, 6, 2, 1, 6, 0, 0, 5, 29, 5, 29, 0, 0, 25, 16, 39, 24, 25, 16, 39, 24, 0, 0, 28, 43, 38, 26, 28, 43, 38, 26, 0, 0, 17, 17, 0, 0, 13, 13, 0, 0, 33, 33, 0, 0, 36, 41, 36, 41, 0, 0, 32, 32, 0, 0, 11, 11, 0, 0, 10, 10, 0]
2	Individual - 	2592	180	796	101	0	16	[0, 26, 21, 7, 47, 26, 21, 7, 47, 0, 0, 3, 4, 46, 23, 3, 4, 46, 23, 20, 49, 31, 13, 20, 49, 31, 13, 0, 0, 8, 14, 11, 8, 14, 11, 0, 0, 12, 44, 15, 27, 12, 44, 15, 27, 0, 0, 30, 37, 48, 9, 30, 37, 48, 9, 0, 0, 50, 19, 39, 45, 50, 19, 39, 45, 0, 0, 42, 35, 18, 22, 42, 35, 18, 22, 0, 0, 25, 16, 40, 33, 25, 16, 40, 33, 0, 0, 1, 2, 29, 6, 1, 2, 29, 6, 0, 0, 5, 5, 0, 0, 41, 28, 43, 38, 41, 28, 43, 38, 0, 0, 34, 34, 0, 0, 24, 36, 24, 36, 0, 0, 32, 32, 0, 0, 17, 17, 0, 0, 10, 10, 0]
3	Individual - 	2592	180	796	101	0	16	[0, 26, 21, 7, 47, 26, 21, 7, 47, 0, 0, 3, 4, 46, 23, 3, 4, 46, 23, 20, 49, 31, 13, 20, 49, 31, 13, 0, 0, 8, 14, 11, 8, 14, 11, 0, 0, 12, 44, 15, 27, 12, 44, 15, 27, 0, 0, 30, 37, 48, 9, 30, 37, 48, 9, 0, 0, 50, 19, 39, 45, 50, 19, 39, 45, 0, 0, 42, 35, 18, 22, 42, 35, 18, 22, 0, 0, 25, 16, 40, 33, 25, 16, 40, 33, 0, 0, 1, 2, 29, 6, 1, 2, 29, 6, 0, 0, 5, 5, 0, 0, 41, 28, 43, 38, 41, 28, 43, 38, 0, 0, 34, 34, 0, 0, 24, 36, 24, 36, 0, 0, 32, 32, 0, 0, 17, 17, 0, 0, 10, 10, 0]
4	Individual - 	2575	180	790	107	0	15	[0, 26, 21, 7, 47, 26, 21, 7, 47, 0, 0, 3, 4, 46, 23, 3, 4, 46, 23, 20, 49, 31, 13, 20, 49, 31, 13, 0, 0, 8, 14, 11, 8, 14, 11, 0, 0, 12, 44, 15, 27, 12, 44, 15, 27, 0, 0, 30, 37, 48, 9, 30, 37, 48, 9, 0, 0, 50, 19, 39, 45, 50, 19, 39, 45, 0, 0, 42, 35, 18, 22, 42, 35, 18, 22, 0, 0, 25, 16, 40, 33, 25, 16, 40, 33, 0, 0, 1, 2, 29, 6, 1, 2, 29, 6, 17, 17, 0, 0, 5, 5, 0, 0, 41, 28, 43, 38, 41, 28, 43, 38, 0, 0, 34, 34, 0, 0, 24, 36, 24, 36, 0, 0, 32, 32, 0, 0, 10, 10, 0]
5	Individual - 	2560	172	773	95	0	17	[0, 42, 35, 50, 19, 42, 35, 50, 19, 0, 0, 3, 4, 46, 23, 3, 4, 46, 23, 0, 0, 8, 7, 9, 14, 8, 7, 9, 14, 0, 0, 21, 47, 21, 47, 0, 0, 12, 44, 15, 27, 12, 44, 15, 27, 0, 0, 30, 37, 48, 30, 37, 48, 0, 0, 18, 18, 0, 0, 1, 2, 29, 6, 1, 2, 29, 6, 20, 49, 31, 13, 20, 49, 31, 13, 0, 0, 5, 5, 0, 0, 33, 43, 28, 38, 33, 43, 28, 38, 0, 0, 22, 25, 45, 40, 22, 25, 45, 40, 0, 0, 34, 16, 39, 24, 34, 16, 39, 24, 0, 0, 41, 36, 41, 36, 0, 0, 26, 11, 26, 11, 0, 0, 32, 32, 0, 0, 17, 17, 0, 0, 10, 10, 0]
6	Individual - 	2560	172	773	95	0	17	[0, 42, 35, 50, 19, 42, 35, 50, 19, 0, 0, 3, 4, 46, 23, 3, 4, 46, 23, 0, 0, 8, 7, 9, 14, 8, 7, 9, 14, 0, 0, 21, 47, 21, 47, 0, 0, 12, 44, 15, 27, 12, 44, 15, 27, 0, 0, 30, 37, 48, 30, 37, 48, 0, 0, 18, 18, 0, 0, 1, 2, 29, 6, 1, 2, 29, 6, 20, 49, 31, 13, 20, 49, 31, 13, 0, 0, 5, 5, 0, 0, 33, 43, 28, 38, 33, 43, 28, 38, 0, 0, 22, 25, 45, 40, 22, 25, 45, 40, 0, 0, 34, 16, 39, 24, 34, 16, 39, 24, 0, 0, 41, 36, 41, 36, 0, 0, 26, 11, 26, 11, 0, 0, 32, 32, 0, 0, 17, 17, 0, 0, 10, 10, 0]
7	Individual - 	2560	172	773	95	0	17	[0, 42, 35, 50, 19, 42, 35, 50, 19, 0, 0, 3, 4, 46, 23, 3, 4, 46, 23, 0, 0, 8, 7, 9, 14, 8, 7, 9, 14, 0, 0, 21, 47, 21, 47, 0, 0, 12, 44, 15, 27, 12, 44, 15, 27, 0, 0, 30, 37, 48, 30, 37, 48, 0, 0, 18, 18, 0, 0, 1, 2, 29, 6, 1, 2, 29, 6, 20, 49, 31, 13, 20, 49, 31, 13, 0, 0, 5, 5, 0, 0, 33, 43, 28, 38, 33, 43, 28, 38, 0, 0, 22, 25, 45, 40, 22, 25, 45, 40, 0, 0, 34, 16, 39, 24, 34, 16, 39, 24, 0, 0, 41, 36, 41, 36, 0, 0, 26, 11, 26, 11, 0, 0, 32, 32, 0, 0, 17, 17, 0, 0, 10, 10, 0]
8	Individual - 	2560	172	773	95	0	17	[0, 42, 35, 50, 19, 42, 35, 50, 19, 0, 0, 3, 4, 46, 23, 3, 4, 46, 23, 0, 0, 8, 7, 9, 14, 8, 7, 9, 14, 0, 0, 21, 47, 21, 47, 0, 0, 12, 44, 15, 27, 12, 44, 15, 27, 0, 0, 30, 37, 48, 30, 37, 48, 0, 0, 18, 18, 0, 0, 1, 2, 29, 6, 1, 2, 29, 6, 20, 49, 31, 13, 20, 49, 31, 13, 0, 0, 5, 5, 0, 0, 33, 43, 28, 38, 33, 43, 28, 38, 0, 0, 22, 25, 45, 40, 22, 25, 45, 40, 0, 0, 34, 16, 39, 24, 34, 16, 39, 24, 0, 0, 41, 36, 41, 36, 0, 0, 26, 11, 26, 11, 0, 0, 32, 32, 0, 0, 17, 17, 0, 0, 10, 10, 0]
9	Individual - 	2560	172	773	95	0	17	[0, 42, 35, 50, 19, 42, 35, 50, 19, 0, 0, 3, 4, 46, 23, 3, 4, 46, 23, 0, 0, 8, 7, 9, 14, 8, 7, 9, 14, 0, 0, 21, 47, 21, 47, 0, 0, 12, 44, 15, 27, 12, 44, 15, 27, 0, 0, 30, 37, 48, 30, 37, 48, 0, 0, 18, 18, 0, 0, 1, 2, 29, 6, 1, 2, 29, 6, 20, 49, 31, 13, 20, 49, 31, 13, 0, 0, 5, 5, 0, 0, 33, 43, 28, 38, 33, 43, 28, 38, 0, 0, 22, 25, 45, 40, 22, 25, 45, 40, 0, 0, 34, 16, 39, 24, 34, 16, 39, 24, 0, 0, 41, 36, 41, 36, 0, 0, 26, 11, 26, 11, 0, 0, 32, 32, 0, 0, 17, 17, 0, 0, 10, 10, 0]
10	Individual - 	2560	172	773	95	0	17	[0, 42, 35, 50, 19, 42, 35, 50, 19, 0, 0, 3, 4, 46, 23, 3, 4, 46, 23, 0, 0, 8, 7, 9, 14, 8, 7, 9, 14, 0, 0, 21, 47, 21, 47, 0, 0, 12, 44, 15, 27, 12, 44, 15, 27, 0, 0, 30, 37, 48, 30, 37, 48, 0, 0, 18, 18, 0, 0, 1, 2, 29, 6, 1, 2, 29, 6, 20, 49, 31, 13, 20, 49, 31, 13, 0, 0, 5, 5, 0, 0, 33, 43, 28, 38, 33, 43, 28, 38, 0, 0, 22, 25, 45, 40, 22, 25, 45, 40, 0, 0, 34, 16, 39, 24, 34, 16, 39, 24, 0, 0, 41, 36, 41, 36, 0, 0, 26, 11, 26, 11, 0, 0, 32, 32, 0, 0, 17, 17, 0, 0, 10, 10, 0]
11	Individual - 	1274	177	777	20	1	16	[0, 3, 4, 3, 4, 46, 46, 0, 0, 7, 8, 9, 14, 8, 14, 7, 9, 0, 0, 21, 47, 21, 47, 0, 0, 27, 12, 44, 12, 15, 44, 15, 27, 0, 0, 28, 48, 37, 45, 45, 30, 28, 30, 37, 48, 0, 0, 23, 23, 42, 31, 32, 20, 20, 42, 32, 31, 0, 0, 19, 19, 39, 39, 0, 0, 2, 1, 6, 2, 1, 6, 0, 0, 10, 10, 29, 5, 5, 29, 0, 0, 18, 25, 18, 22, 22, 24, 25, 24, 0, 0, 49, 49, 35, 34, 35, 13, 13, 34, 0, 0, 40, 40, 33, 43, 33, 43, 0, 0, 36, 36, 38, 26, 38, 26, 0, 0, 17, 17, 0, 0, 50, 50, 16, 16, 41, 41, 0, 0, 11, 11, 0]
12	Individual - 	1274	177	777	20	1	16	[0, 3, 4, 3, 4, 46, 46, 0, 0, 7, 8, 9, 14, 8, 14, 7, 9, 0, 0, 21, 47, 21, 47, 0, 0, 27, 12, 44, 12, 15, 44, 15, 27, 0, 0, 28, 48, 37, 45, 45, 30, 28, 30, 37, 48, 0, 0, 23, 23, 42, 31, 32, 20, 20, 42, 32, 31, 0, 0, 19, 19, 39, 39, 0, 0, 2, 1, 6, 2, 1, 6, 0, 0, 10, 10, 29, 5, 5, 29, 0, 0, 18, 25, 18, 22, 22, 24, 25, 24, 0, 0, 49, 49, 35, 34, 35, 13, 13, 34, 0, 0, 40, 40, 33, 43, 33, 43, 0, 0, 36, 36, 38, 26, 38, 26, 0, 0, 17, 17, 0, 0, 50, 50, 16, 16, 41, 41, 0, 0, 11, 11, 0]
13	Individual - 	1274	177	777	20	1	16	[0, 3, 4, 3, 4, 46, 46, 0, 0, 7, 8, 9, 14, 8, 14, 7, 9, 0, 0, 21, 47, 21, 47, 0, 0, 27, 12, 44, 12, 15, 44, 15, 27, 0, 0, 28, 48, 37, 45, 45, 30, 28, 30, 37, 48, 0, 0, 23, 23, 42, 31, 32, 20, 20, 42, 32, 31, 0, 0, 19, 19, 39, 39, 0, 0, 2, 1, 6, 2, 1, 6, 0, 0, 10, 10, 29, 5, 5, 29, 0, 0, 18, 25, 18, 22, 22, 24, 25, 24, 0, 0, 49, 49, 35, 34, 35, 13, 13, 34, 0, 0, 40, 40, 33, 43, 33, 43, 0, 0, 36, 36, 38, 26, 38, 26, 0, 0, 17, 17, 0, 0, 50, 50, 16, 16, 41, 41, 0, 0, 11, 11, 0]
14	Individual - 	1274	177	777	20	1	16	[0, 3, 4, 3, 4, 46, 46, 0, 0, 7, 8, 9, 14, 8, 14, 7, 9, 0, 0, 21, 47, 21, 47, 0, 0, 27, 12, 44, 12, 15, 44, 15, 27, 0, 0, 28, 48, 37, 45, 45, 30, 28, 30, 37, 48, 0, 0, 23, 23, 42, 31, 32, 20, 20, 42, 32, 31, 0, 0, 19, 19, 39, 39, 0, 0, 2, 1, 6, 2, 1, 6, 0, 0, 10, 10, 29, 5, 5, 29, 0, 0, 18, 25, 18, 22, 22, 24, 25, 24, 0, 0, 49, 49, 35, 34, 35, 13, 13, 34, 0, 0, 40, 40, 33, 43, 33, 43, 0, 0, 36, 36, 38, 26, 38, 26, 0, 0, 17, 17, 0, 0, 50, 50, 16, 16, 41, 41, 0, 0, 11, 11, 0]
15	Individual - 	1274	177	777	20	1	16	[0, 3, 4, 3, 4, 46, 46, 0, 0, 7, 8, 9, 14, 8, 14, 7, 9, 0, 0, 21, 47, 21, 47, 0, 0, 27, 12, 44, 12, 15, 44, 15, 27, 0, 0, 28, 48, 37, 45, 45, 30, 28, 30, 37, 48, 0, 0, 23, 23, 42, 31, 32, 20, 20, 42, 32, 31, 0, 0, 19, 19, 39, 39, 0, 0, 2, 1, 6, 2, 1, 6, 0, 0, 10, 10, 29, 5, 5, 29, 0, 0, 18, 25, 18, 22, 22, 24, 25, 24, 0, 0, 49, 49, 35, 34, 35, 13, 13, 34, 0, 0, 40, 40, 33, 43, 33, 43, 0, 0, 36, 36, 38, 26, 38, 26, 0, 0, 17, 17, 0, 0, 50, 50, 16, 16, 41, 41, 0, 0, 11, 11, 0]
16	Individual - 	1274	177	777	20	1	16	[0, 3, 4, 3, 4, 46, 46, 0, 0, 7, 8, 9, 14, 8, 14, 7, 9, 0, 0, 21, 47, 21, 47, 0, 0, 27, 12, 44, 12, 15, 44, 15, 27, 0, 0, 28, 48, 37, 45, 45, 30, 28, 30, 37, 48, 0, 0, 23, 23, 42, 31, 32, 20, 20, 42, 32, 31, 0, 0, 19, 19, 39, 39, 0, 0, 2, 1, 6, 2, 1, 6, 0, 0, 10, 10, 29, 5, 5, 29, 0, 0, 18, 25, 18, 22, 22, 24, 25, 24, 0, 0, 49, 49, 35, 34, 35, 13, 13, 34, 0, 0, 40, 40, 33, 43, 33, 43, 0, 0, 36, 36, 38, 26, 38, 26, 0, 0, 17, 17, 0, 0, 50, 50, 16, 16, 41, 41, 0, 0, 11, 11, 0]
17	Individual - 	1274	177	777	20	1	16	[0, 3, 4, 3, 4, 46, 46, 0, 0, 7, 8, 9, 14, 8, 14, 7, 9, 0, 0, 21, 47, 21, 47, 0, 0, 27, 12, 44, 12, 15, 44, 15, 27, 0, 0, 28, 48, 37, 45, 45, 30, 28, 30, 37, 48, 0, 0, 23, 23, 42, 31, 32, 20, 20, 42, 32, 31, 0, 0, 19, 19, 39, 39, 0, 0, 2, 1, 6, 2, 1, 6, 0, 0, 10, 10, 29, 5, 5, 29, 0, 0, 18, 25, 18, 22, 22, 24, 25, 24, 0, 0, 49, 49, 35, 34, 35, 13, 13, 34, 0, 0, 40, 40, 33, 43, 33, 43, 0, 0, 36, 36, 38, 26, 38, 26, 0, 0, 17, 17, 0, 0, 50, 50, 16, 16, 41, 41, 0, 0, 11, 11, 0]
18	Individual - 	1274	177	777	20	1	16	[0, 3, 4, 3, 4, 46, 46, 0, 0, 7, 8, 9, 14, 8, 14, 7, 9, 0, 0, 21, 47, 21, 47, 0, 0, 27, 12, 44, 12, 15, 44, 15, 27, 0, 0, 28, 48, 37, 45, 45, 30, 28, 30, 37, 48, 0, 0, 23, 23, 42, 31, 32, 20, 20, 42, 32, 31, 0, 0, 19, 19, 39, 39, 0, 0, 2, 1, 6, 2, 1, 6, 0, 0, 10, 10, 29, 5, 5, 29, 0, 0, 18, 25, 18, 22, 22, 24, 25, 24, 0, 0, 49, 49, 35, 34, 35, 13, 13, 34, 0, 0, 40, 40, 33, 43, 33, 43, 0, 0, 36, 36, 38, 26, 38, 26, 0, 0, 17, 17, 0, 0, 50, 50, 16, 16, 41, 41, 0, 0, 11, 11, 0]
19	Individual - 	1274	177	777	20	1	16	[0, 3, 4, 3, 4, 46, 46, 0, 0, 7, 8, 9, 14, 8, 14, 7, 9, 0, 0, 21, 47, 21, 47, 0, 0, 27, 12, 44, 12, 15, 44, 15, 27, 0, 0, 28, 48, 37, 45, 45, 30, 28, 30, 37, 48, 0, 0, 23, 23, 42, 31, 32, 20, 20, 42, 32, 31, 0, 0, 19, 19, 39, 39, 0, 0, 2, 1, 6, 2, 1, 6, 0, 0, 10, 10, 29, 5, 5, 29, 0, 0, 18, 25, 18, 22, 22, 24, 25, 24, 0, 0, 49, 49, 35, 34, 35, 13, 13, 34, 0, 0, 40, 40, 33, 43, 33, 43, 0, 0, 36, 36, 38, 26, 38, 26, 0, 0, 17, 17, 0, 0, 50, 50, 16, 16, 41, 41, 0, 0, 11, 11, 0]
20	Individual - 	1274	177	777	20	1	16	[0, 3, 4, 3, 4, 46, 46, 0, 0, 7, 8, 9, 14, 8, 14, 7, 9, 0, 0, 21, 47, 21, 47, 0, 0, 27, 12, 44, 12, 15, 44, 15, 27, 0, 0, 28, 48, 37, 45, 45, 30, 28, 30, 37, 48, 0, 0, 23, 23, 42, 31, 32, 20, 20, 42, 32, 31, 0, 0, 19, 19, 39, 39, 0, 0, 2, 1, 6, 2, 1, 6, 0, 0, 10, 10, 29, 5, 5, 29, 0, 0, 18, 25, 18, 22, 22, 24, 25, 24, 0, 0, 49, 49, 35, 34, 35, 13, 13, 34, 0, 0, 40, 40, 33, 43, 33, 43, 0, 0, 36, 36, 38, 26, 38, 26, 0, 0, 17, 17, 0, 0, 50, 50, 16, 16, 41, 41, 0, 0, 11, 11, 0]
21	Individual - 	1274	177	777	20	1	16	[0, 3, 4, 3, 4, 46, 46, 0, 0, 7, 8, 9, 14, 8, 14, 7, 9, 0, 0, 21, 47, 21, 47, 0, 0, 27, 12, 44, 12, 15, 44, 15, 27, 0, 0, 28, 48, 37, 45, 45, 30, 28, 30, 37, 48, 0, 0, 23, 23, 42, 31, 32, 20, 20, 42, 32, 31, 0, 0, 19, 19, 39, 39, 0, 0, 2, 1, 6, 2, 1, 6, 0, 0, 10, 10, 29, 5, 5, 29, 0, 0, 18, 25, 18, 22, 22, 24, 25, 24, 0, 0, 49, 49, 35, 34, 35, 13, 13, 34, 0, 0, 40, 40, 33, 43, 33, 43, 0, 0, 36, 36, 38, 26, 38, 26, 0, 0, 17, 17, 0, 0, 50, 50, 16, 16, 41, 41, 0, 0, 11, 11, 0]
22	Individual - 	1274	177	777	20	1	16	[0, 3, 4, 3, 4, 46, 46, 0, 0, 7, 8, 9, 14, 8, 14, 7, 9, 0, 0, 21, 47, 21, 47, 0, 0, 27, 12, 44, 12, 15, 44, 15, 27, 0, 0, 28, 48, 37, 45, 45, 30, 28, 30, 37, 48, 0, 0, 23, 23, 42, 31, 32, 20, 20, 42, 32, 31, 0, 0, 19, 19, 39, 39, 0, 0, 2, 1, 6, 2, 1, 6, 0, 0, 10, 10, 29, 5, 5, 29, 0, 0, 18, 25, 18, 22, 22, 24, 25, 24, 0, 0, 49, 49, 35, 34, 35, 13, 13, 34, 0, 0, 40, 40, 33, 43, 33, 43, 0, 0, 36, 36, 38, 26, 38, 26, 0, 0, 17, 17, 0, 0, 50, 50, 16, 16, 41, 41, 0, 0, 11, 11, 0]
23	Individual - 	1274	177	777	20	1	16	[0, 3, 4, 3, 4, 46, 46, 0, 0, 7, 8, 9, 14, 8, 14, 7, 9, 0, 0, 21, 47, 21, 47, 0, 0, 27, 12, 44, 12, 15, 44, 15, 27, 0, 0, 28, 48, 37, 45, 45, 30, 28, 30, 37, 48, 0, 0, 23, 23, 42, 31, 32, 20, 20, 42, 32, 31, 0, 0, 19, 19, 39, 39, 0, 0, 2, 1, 6, 2, 1, 6, 0, 0, 10, 10, 29, 5, 5, 29, 0, 0, 18, 25, 18, 22, 22, 24, 25, 24, 0, 0, 49, 49, 35, 34, 35, 13, 13, 34, 0, 0, 40, 40, 33, 43, 33, 43, 0, 0, 36, 36, 38, 26, 38, 26, 0, 0, 17, 17, 0, 0, 50, 50, 16, 16, 41, 41, 0, 0, 11, 11, 0]
24	Individual - 	1260	159	711	26	1	15	[0, 4, 10, 3, 23, 3, 4, 10, 29, 23, 29, 0, 0, 45, 45, 38, 14, 7, 38, 14, 7, 0, 0, 21, 9, 47, 9, 21, 47, 0, 0, 5, 44, 5, 17, 44, 17, 0, 0, 16, 16, 8, 30, 26, 30, 8, 26, 0, 0, 32, 20, 42, 27, 20, 27, 42, 32, 31, 31, 0, 0, 50, 39, 22, 50, 22, 39, 0, 0, 12, 1, 2, 2, 1, 12, 0, 0, 46, 46, 0, 0, 25, 18, 18, 19, 19, 24, 25, 24, 0, 0, 49, 49, 35, 34, 35, 13, 13, 34, 0, 0, 40, 28, 40, 33, 43, 33, 43, 28, 0, 0, 48, 37, 36, 41, 36, 41, 37, 48, 0, 0, 6, 6, 15, 15, 0, 0, 11, 11, 0]
25	Individual - 	1260	159	711	26	1	15	[0, 4, 10, 3, 23, 3, 4, 10, 29, 23, 29, 0, 0, 45, 45, 38, 14, 7, 38, 14, 7, 0, 0, 21, 9, 47, 9, 21, 47, 0, 0, 5, 44, 5, 17, 44, 17, 0, 0, 16, 16, 8, 30, 26, 30, 8, 26, 0, 0, 32, 20, 42, 27, 20, 27, 42, 32, 31, 31, 0, 0, 50, 39, 22, 50, 22, 39, 0, 0, 12, 1, 2, 2, 1, 12, 0, 0, 46, 46, 0, 0, 25, 18, 18, 19, 19, 24, 25, 24, 0, 0, 49, 49, 35, 34, 35, 13, 13, 34, 0, 0, 40, 28, 40, 33, 43, 33, 43, 28, 0, 0, 48, 37, 36, 41, 36, 41, 37, 48, 0, 0, 6, 6, 15, 15, 0, 0, 11, 11, 0]
26	Individual - 	1260	159	711	26	1	15	[0, 4, 10, 3, 23, 3, 4, 10, 29, 23, 29, 0, 0, 45, 45, 38, 14, 7, 38, 14, 7, 0, 0, 21, 9, 47, 9, 21, 47, 0, 0, 5, 44, 5, 17, 44, 17, 0, 0, 16, 16, 8, 30, 26, 30, 8, 26, 0, 0, 32, 20, 42, 27, 20, 27, 42, 32, 31, 31, 0, 0, 50, 39, 22, 50, 22, 39, 0, 0, 12, 1, 2, 2, 1, 12, 0, 0, 46, 46, 0, 0, 25, 18, 18, 19, 19, 24, 25, 24, 0, 0, 49, 49, 35, 34, 35, 13, 13, 34, 0, 0, 40, 28, 40, 33, 43, 33, 43, 28, 0, 0, 48, 37, 36, 41, 36, 41, 37, 48, 0, 0, 6, 6, 15, 15, 0, 0, 11, 11, 0]
27	Individual - 	1260	159	711	26	1	15	[0, 4, 10, 3, 23, 3, 4, 10, 29, 23, 29, 0, 0, 45, 45, 38, 14, 7, 38, 14, 7, 0, 0, 21, 9, 47, 9, 21, 47, 0, 0, 5, 44, 5, 17, 44, 17, 0, 0, 16, 16, 8, 30, 26, 30, 8, 26, 0, 0, 32, 20, 42, 27, 20, 27, 42, 32, 31, 31, 0, 0, 50, 39, 22, 50, 22, 39, 0, 0, 12, 1, 2, 2, 1, 12, 0, 0, 46, 46, 0, 0, 25, 18, 18, 19, 19, 24, 25, 24, 0, 0, 49, 49, 35, 34, 35, 13, 13, 34, 0, 0, 40, 28, 40, 33, 43, 33, 43, 28, 0, 0, 48, 37, 36, 41, 36, 41, 37, 48, 0, 0, 6, 6, 15, 15, 0, 0, 11, 11, 0]
28	Individual - 	1260	159	711	26	1	15	[0, 4, 10, 3, 23, 3, 4, 10, 29, 23, 29, 0, 0, 45, 45, 38, 14, 7, 38, 14, 7, 0, 0, 21, 9, 47, 9, 21, 47, 0, 0, 5, 44, 5, 17, 44, 17, 0, 0, 16, 16, 8, 30, 26, 30, 8, 26, 0, 0, 32, 20, 42, 27, 20, 27, 42, 32, 31, 31, 0, 0, 50, 39, 22, 50, 22, 39, 0, 0, 12, 1, 2, 2, 1, 12, 0, 0, 46, 46, 0, 0, 25, 18, 18, 19, 19, 24, 25, 24, 0, 0, 49, 49, 35, 34, 35, 13, 13, 34, 0, 0, 40, 28, 40, 33, 43, 33, 43, 28, 0, 0, 48, 37, 36, 41, 36, 41, 37, 48, 0, 0, 6, 6, 15, 15, 0, 0, 11, 11, 0]
29	Individual - 	1260	159	711	26	1	15	[0, 4, 10, 3, 23, 3, 4, 10, 29, 23, 29, 0, 0, 45, 45, 38, 14, 7, 38, 14, 7, 0, 0, 21, 9, 47, 9, 21, 47, 0, 0, 5, 44, 5, 17, 44, 17, 0, 0, 16, 16, 8, 30, 26, 30, 8, 26, 0, 0, 32, 20, 42, 27, 20, 27, 42, 32, 31, 31, 0, 0, 50, 39, 22, 50, 22, 39, 0, 0, 12, 1, 2, 2, 1, 12, 0, 0, 46, 46, 0, 0, 25, 18, 18, 19, 19, 24, 25, 24, 0, 0, 49, 49, 35, 34, 35, 13, 13, 34, 0, 0, 40, 28, 40, 33, 43, 33, 43, 28, 0, 0, 48, 37, 36, 41, 36, 41, 37, 48, 0, 0, 6, 6, 15, 15, 0, 0, 11, 11, 0]
30	Individual - 	1260	159	711	26	1	15	[0, 4, 10, 3, 23, 3, 4, 10, 29, 23, 29, 0, 0, 45, 45, 38, 14, 7, 38, 14, 7, 0, 0, 21, 9, 47, 9, 21, 47, 0, 0, 5, 44, 5, 17, 44, 17, 0, 0, 16, 16, 8, 30, 26, 30, 8, 26, 0, 0, 32, 20, 42, 27, 20, 27, 42, 32, 31, 31, 0, 0, 50, 39, 22, 50, 22, 39, 0, 0, 12, 1, 2, 2, 1, 12, 0, 0, 46, 46, 0, 0, 25, 18, 18, 19, 19, 24, 25, 24, 0, 0, 49, 49, 35, 34, 35, 13, 13, 34, 0, 0, 40, 28, 40, 33, 43, 33, 43, 28, 0, 0, 48, 37, 36, 41, 36, 41, 37, 48, 0, 0, 6, 6, 15, 15, 0, 0, 11, 11, 0]
31	Individual - 	1260	159	711	26	1	15	[0, 4, 10, 3, 23, 3, 4, 10, 29, 23, 29, 0, 0, 45, 45, 38, 14, 7, 38, 14, 7, 0, 0, 21, 9, 47, 9, 21, 47, 0, 0, 5, 44, 5, 17, 44, 17, 0, 0, 16, 16, 8, 30, 26, 30, 8, 26, 0, 0, 32, 20, 42, 27, 20, 27, 42, 32, 31, 31, 0, 0, 50, 39, 22, 50, 22, 39, 0, 0, 12, 1, 2, 2, 1, 12, 0, 0, 46, 46, 0, 0, 25, 18, 18, 19, 19, 24, 25, 24, 0, 0, 49, 49, 35, 34, 35, 13, 13, 34, 0, 0, 40, 28, 40, 33, 43, 33, 43, 28, 0, 0, 48, 37, 36, 41, 36, 41, 37, 48, 0, 0, 6, 6, 15, 15, 0, 0, 11, 11, 0]
32	Individual - 	1260	159	711	26	1	15	[0, 4, 10, 3, 23, 3, 4, 10, 29, 23, 29, 0, 0, 45, 45, 38, 14, 7, 38, 14, 7, 0, 0, 21, 9, 47, 9, 21, 47, 0, 0, 5, 44, 5, 17, 44, 17, 0, 0, 16, 16, 8, 30, 26, 30, 8, 26, 0, 0, 32, 20, 42, 27, 20, 27, 42, 32, 31, 31, 0, 0, 50, 39, 22, 50, 22, 39, 0, 0, 12, 1, 2, 2, 1, 12, 0, 0, 46, 46, 0, 0, 25, 18, 18, 19, 19, 24, 25, 24, 0, 0, 49, 49, 35, 34, 35, 13, 13, 34, 0, 0, 40, 28, 40, 33, 43, 33, 43, 28, 0, 0, 48, 37, 36, 41, 36, 41, 37, 48, 0, 0, 6, 6, 15, 15, 0, 0, 11, 11, 0]
33	Individual - 	1260	159	711	26	1	15	[0, 4, 10, 3, 23, 3, 4, 10, 29, 23, 29, 0, 0, 45, 45, 38, 14, 7, 38, 14, 7, 0, 0, 21, 9, 47, 9, 21, 47, 0, 0, 5, 44, 5, 17, 44, 17, 0, 0, 16, 16, 8, 30, 26, 30, 8, 26, 0, 0, 32, 20, 42, 27, 20, 27, 42, 32, 31, 31, 0, 0, 50, 39, 22, 50, 22, 39, 0, 0, 12, 1, 2, 2, 1, 12, 0, 0, 46, 46, 0, 0, 25, 18, 18, 19, 19, 24, 25, 24, 0, 0, 49, 49, 35, 34, 35, 13, 13, 34, 0, 0, 40, 28, 40, 33, 43, 33, 43, 28, 0, 0, 48, 37, 36, 41, 36, 41, 37, 48, 0, 0, 6, 6, 15, 15, 0, 0, 11, 11, 0]
34	Individual - 	1260	159	711	26	1	15	[0, 4, 10, 3, 23, 3, 4, 10, 29, 23, 29, 0, 0, 45, 45, 38, 14, 7, 38, 14, 7, 0, 0, 21, 9, 47, 9, 21, 47, 0, 0, 5, 44, 5, 17, 44, 17, 0, 0, 16, 16, 8, 30, 26, 30, 8, 26, 0, 0, 32, 20, 42, 27, 20, 27, 42, 32, 31, 31, 0, 0, 50, 39, 22, 50, 22, 39, 0, 0, 12, 1, 2, 2, 1, 12, 0, 0, 46, 46, 0, 0, 25, 18, 18, 19, 19, 24, 25, 24, 0, 0, 49, 49, 35, 34, 35, 13, 13, 34, 0, 0, 40, 28, 40, 33, 43, 33, 43, 28, 0, 0, 48, 37, 36, 41, 36, 41, 37, 48, 0, 0, 6, 6, 15, 15, 0, 0, 11, 11, 0]
35	Individual - 	1260	159	711	26	1	15	[0, 4, 10, 3, 23, 3, 4, 10, 29, 23, 29, 0, 0, 45, 45, 38, 14, 7, 38, 14, 7, 0, 0, 21, 9, 47, 9, 21, 47, 0, 0, 5, 44, 5, 17, 44, 17, 0, 0, 16, 16, 8, 30, 26, 30, 8, 26, 0, 0, 32, 20, 42, 27, 20, 27, 42, 32, 31, 31, 0, 0, 50, 39, 22, 50, 22, 39, 0, 0, 12, 1, 2, 2, 1, 12, 0, 0, 46, 46, 0, 0, 25, 18, 18, 19, 19, 24, 25, 24, 0, 0, 49, 49, 35, 34, 35, 13, 13, 34, 0, 0, 40, 28, 40, 33, 43, 33, 43, 28, 0, 0, 48, 37, 36, 41, 36, 41, 37, 48, 0, 0, 6, 6, 15, 15, 0, 0, 11, 11, 0]
36	Individual - 	1260	159	711	26	1	15	[0, 4, 10, 3, 23, 3, 4, 10, 29, 23, 29, 0, 0, 45, 45, 38, 14, 7, 38, 14, 7, 0, 0, 21, 9, 47, 9, 21, 47, 0, 0, 5, 44, 5, 17, 44, 17, 0, 0, 16, 16, 8, 30, 26, 30, 8, 26, 0, 0, 32, 20, 42, 27, 20, 27, 42, 32, 31, 31, 0, 0, 50, 39, 22, 50, 22, 39, 0, 0, 12, 1, 2, 2, 1, 12, 0, 0, 46, 46, 0, 0, 25, 18, 18, 19, 19, 24, 25, 24, 0, 0, 49, 49, 35, 34, 35, 13, 13, 34, 0, 0, 40, 28, 40, 33, 43, 33, 43, 28, 0, 0, 48, 37, 36, 41, 36, 41, 37, 48, 0, 0, 6, 6, 15, 15, 0, 0, 11, 11, 0]
37	Individual - 	1260	159	711	26	1	15	[0, 4, 10, 3, 23, 3, 4, 10, 29, 23, 29, 0, 0, 45, 45, 38, 14, 7, 38, 14, 7, 0, 0, 21, 9, 47, 9, 21, 47, 0, 0, 5, 44, 5, 17, 44, 17, 0, 0, 16, 16, 8, 30, 26, 30, 8, 26, 0, 0, 32, 20, 42, 27, 20, 27, 42, 32, 31, 31, 0, 0, 50, 39, 22, 50, 22, 39, 0, 0, 12, 1, 2, 2, 1, 12, 0, 0, 46, 46, 0, 0, 25, 18, 18, 19, 19, 24, 25, 24, 0, 0, 49, 49, 35, 34, 35, 13, 13, 34, 0, 0, 40, 28, 40, 33, 43, 33, 43, 28, 0, 0, 48, 37, 36, 41, 36, 41, 37, 48, 0, 0, 6, 6, 15, 15, 0, 0, 11, 11, 0]
38	Individual - 	1260	159	711	26	1	15	[0, 4, 10, 3, 23, 3, 4, 10, 29, 23, 29, 0, 0, 45, 45, 38, 14, 7, 38, 14, 7, 0, 0, 21, 9, 47, 9, 21, 47, 0, 0, 5, 44, 5, 17, 44, 17, 0, 0, 16, 16, 8, 30, 26, 30, 8, 26, 0, 0, 32, 20, 42, 27, 20, 27, 42, 32, 31, 31, 0, 0, 50, 39, 22, 50, 22, 39, 0, 0, 12, 1, 2, 2, 1, 12, 0, 0, 46, 46, 0, 0, 25, 18, 18, 19, 19, 24, 25, 24, 0, 0, 49, 49, 35, 34, 35, 13, 13, 34, 0, 0, 40, 28, 40, 33, 43, 33, 43, 28, 0, 0, 48, 37, 36, 41, 36, 41, 37, 48, 0, 0, 6, 6, 15, 15, 0, 0, 11, 11, 0]
39	Individual - 	1260	159	711	26	1	15	[0, 4, 10, 3, 23, 3, 4, 10, 29, 23, 29, 0, 0, 45, 45, 38, 14, 7, 38, 14, 7, 0, 0, 21, 9, 47, 9, 21, 47, 0, 0, 5, 44, 5, 17, 44, 17, 0, 0, 16, 16, 8, 30, 26, 30, 8, 26, 0, 0, 32, 20, 42, 27, 20, 27, 42, 32, 31, 31, 0, 0, 50, 39, 22, 50, 22, 39, 0, 0, 12, 1, 2, 2, 1, 12, 0, 0, 46, 46, 0, 0, 25, 18, 18, 19, 19, 24, 25, 24, 0, 0, 49, 49, 35, 34, 35, 13, 13, 34, 0, 0, 40, 28, 40, 33, 43, 33, 43, 28, 0, 0, 48, 37, 36, 41, 36, 41, 37, 48, 0, 0, 6, 6, 15, 15, 0, 0, 11, 11, 0]
40	Individual - 	1260	159	711	26	1	15	[0, 4, 10, 3, 23, 3, 4, 10, 29, 23, 29, 0, 0, 45, 45, 38, 14, 7, 38, 14, 7, 0, 0, 21, 9, 47, 9, 21, 47, 0, 0, 5, 44, 5, 17, 44, 17, 0, 0, 16, 16, 8, 30, 26, 30, 8, 26, 0, 0, 32, 20, 42, 27, 20, 27, 42, 32, 31, 31, 0, 0, 50, 39, 22, 50, 22, 39, 0, 0, 12, 1, 2, 2, 1, 12, 0, 0, 46, 46, 0, 0, 25, 18, 18, 19, 19, 24, 25, 24, 0, 0, 49, 49, 35, 34, 35, 13, 13, 34, 0, 0, 40, 28, 40, 33, 43, 33, 43, 28, 0, 0, 48, 37, 36, 41, 36, 41, 37, 48, 0, 0, 6, 6, 15, 15, 0, 0, 11, 11, 0]
41	Individual - 	1260	159	711	26	1	15	[0, 4, 10, 3, 23, 3, 4, 10, 29, 23, 29, 0, 0, 45, 45, 38, 14, 7, 38, 14, 7, 0, 0, 21, 9, 47, 9, 21, 47, 0, 0, 5, 44, 5, 17, 44, 17, 0, 0, 16, 16, 8, 30, 26, 30, 8, 26, 0, 0, 32, 20, 42, 27, 20, 27, 42, 32, 31, 31, 0, 0, 50, 39, 22, 50, 22, 39, 0, 0, 12, 1, 2, 2, 1, 12, 0, 0, 46, 46, 0, 0, 25, 18, 18, 19, 19, 24, 25, 24, 0, 0, 49, 49, 35, 34, 35, 13, 13, 34, 0, 0, 40, 28, 40, 33, 43, 33, 43, 28, 0, 0, 48, 37, 36, 41, 36, 41, 37, 48, 0, 0, 6, 6, 15, 15, 0, 0, 11, 11, 0]
42	Individual - 	1260	159	711	26	1	15	[0, 4, 10, 3, 23, 3, 4, 10, 29, 23, 29, 0, 0, 45, 45, 38, 14, 7, 38, 14, 7, 0, 0, 21, 9, 47, 9, 21, 47, 0, 0, 5, 44, 5, 17, 44, 17, 0, 0, 16, 16, 8, 30, 26, 30, 8, 26, 0, 0, 32, 20, 42, 27, 20, 27, 42, 32, 31, 31, 0, 0, 50, 39, 22, 50, 22, 39, 0, 0, 12, 1, 2, 2, 1, 12, 0, 0, 46, 46, 0, 0, 25, 18, 18, 19, 19, 24, 25, 24, 0, 0, 49, 49, 35, 34, 35, 13, 13, 34, 0, 0, 40, 28, 40, 33, 43, 33, 43, 28, 0, 0, 48, 37, 36, 41, 36, 41, 37, 48, 0, 0, 6, 6, 15, 15, 0, 0, 11, 11, 0]
43	Individual - 	1260	159	711	26	1	15	[0, 4, 10, 3, 23, 3, 4, 10, 29, 23, 29, 0, 0, 45, 45, 38, 14, 7, 38, 14, 7, 0, 0, 21, 9, 47, 9, 21, 47, 0, 0, 5, 44, 5, 17, 44, 17, 0, 0, 16, 16, 8, 30, 26, 30, 8, 26, 0, 0, 32, 20, 42, 27, 20, 27, 42, 32, 31, 31, 0, 0, 50, 39, 22, 50, 22, 39, 0, 0, 12, 1, 2, 2, 1, 12, 0, 0, 46, 46, 0, 0, 25, 18, 18, 19, 19, 24, 25, 24, 0, 0, 49, 49, 35, 34, 35, 13, 13, 34, 0, 0, 40, 28, 40, 33, 43, 33, 43, 28, 0, 0, 48, 37, 36, 41, 36, 41, 37, 48, 0, 0, 6, 6, 15, 15, 0, 0, 11, 11, 0]
44	Individual - 	1260	159	711	26	1	15	[0, 4, 10, 3, 23, 3, 4, 10, 29, 23, 29, 0, 0, 45, 45, 38, 14, 7, 38, 14, 7, 0, 0, 21, 9, 47, 9, 21, 47, 0, 0, 5, 44, 5, 17, 44, 17, 0, 0, 16, 16, 8, 30, 26, 30, 8, 26, 0, 0, 32, 20, 42, 27, 20, 27, 42, 32, 31, 31, 0, 0, 50, 39, 22, 50, 22, 39, 0, 0, 12, 1, 2, 2, 1, 12, 0, 0, 46, 46, 0, 0, 25, 18, 18, 19, 19, 24, 25, 24, 0, 0, 49, 49, 35, 34, 35, 13, 13, 34, 0, 0, 40, 28, 40, 33, 43, 33, 43, 28, 0, 0, 48, 37, 36, 41, 36, 41, 37, 48, 0, 0, 6, 6, 15, 15, 0, 0, 11, 11, 0]
45	Individual - 	1260	159	711	26	1	15	[0, 4, 10, 3, 23, 3, 4, 10, 29, 23, 29, 0, 0, 45, 45, 38, 14, 7, 38, 14, 7, 0, 0, 21, 9, 47, 9, 21, 47, 0, 0, 5, 44, 5, 17, 44, 17, 0, 0, 16, 16, 8, 30, 26, 30, 8, 26, 0, 0, 32, 20, 42, 27, 20, 27, 42, 32, 31, 31, 0, 0, 50, 39, 22, 50, 22, 39, 0, 0, 12, 1, 2, 2, 1, 12, 0, 0, 46, 46, 0, 0, 25, 18, 18, 19, 19, 24, 25, 24, 0, 0, 49, 49, 35, 34, 35, 13, 13, 34, 0, 0, 40, 28, 40, 33, 43, 33, 43, 28, 0, 0, 48, 37, 36, 41, 36, 41, 37, 48, 0, 0, 6, 6, 15, 15, 0, 0, 11, 11, 0]
46	Individual - 	1260	159	711	26	1	15	[0, 4, 10, 3, 23, 3, 4, 10, 29, 23, 29, 0, 0, 45, 45, 38, 14, 7, 38, 14, 7, 0, 0, 21, 9, 47, 9, 21, 47, 0, 0, 5, 44, 5, 17, 44, 17, 0, 0, 16, 16, 8, 30, 26, 30, 8, 26, 0, 0, 32, 20, 42, 27, 20, 27, 42, 32, 31, 31, 0, 0, 50, 39, 22, 50, 22, 39, 0, 0, 12, 1, 2, 2, 1, 12, 0, 0, 46, 46, 0, 0, 25, 18, 18, 19, 19, 24, 25, 24, 0, 0, 49, 49, 35, 34, 35, 13, 13, 34, 0, 0, 40, 28, 40, 33, 43, 33, 43, 28, 0, 0, 48, 37, 36, 41, 36, 41, 37, 48, 0, 0, 6, 6, 15, 15, 0, 0, 11, 11, 0]
47	Individual - 	1260	159	711	26	1	15	[0, 4, 10, 3, 23, 3, 4, 10, 29, 23, 29, 0, 0, 45, 45, 38, 14, 7, 38, 14, 7, 0, 0, 21, 9, 47, 9, 21, 47, 0, 0, 5, 44, 5, 17, 44, 17, 0, 0, 16, 16, 8, 30, 26, 30, 8, 26, 0, 0, 32, 20, 42, 27, 20, 27, 42, 32, 31, 31, 0, 0, 50, 39, 22, 50, 22, 39, 0, 0, 12, 1, 2, 2, 1, 12, 0, 0, 46, 46, 0, 0, 25, 18, 18, 19, 19, 24, 25, 24, 0, 0, 49, 49, 35, 34, 35, 13, 13, 34, 0, 0, 40, 28, 40, 33, 43, 33, 43, 28, 0, 0, 48, 37, 36, 41, 36, 41, 37, 48, 0, 0, 6, 6, 15, 15, 0, 0, 11, 11, 0]
48	Individual - 	1260	159	711	26	1	15	[0, 4, 10, 3, 23, 3, 4, 10, 29, 23, 29, 0, 0, 45, 45, 38, 14, 7, 38, 14, 7, 0, 0, 21, 9, 47, 9, 21, 47, 0, 0, 5, 44, 5, 17, 44, 17, 0, 0, 16, 16, 8, 30, 26, 30, 8, 26, 0, 0, 32, 20, 42, 27, 20, 27, 42, 32, 31, 31, 0, 0, 50, 39, 22, 50, 22, 39, 0, 0, 12, 1, 2, 2, 1, 12, 0, 0, 46, 46, 0, 0, 25, 18, 18, 19, 19, 24, 25, 24, 0, 0, 49, 49, 35, 34, 35, 13, 13, 34, 0, 0, 40, 28, 40, 33, 43, 33, 43, 28, 0, 0, 48, 37, 36, 41, 36, 41, 37, 48, 0, 0, 6, 6, 15, 15, 0, 0, 11, 11, 0]
49	Individual - 	1260	159	711	26	1	15	[0, 4, 10, 3, 23, 3, 4, 10, 29, 23, 29, 0, 0, 45, 45, 38, 14, 7, 38, 14, 7, 0, 0, 21, 9, 47, 9, 21, 47, 0, 0, 5, 44, 5, 17, 44, 17, 0, 0, 16, 16, 8, 30, 26, 30, 8, 26, 0, 0, 32, 20, 42, 27, 20, 27, 42, 32, 31, 31, 0, 0, 50, 39, 22, 50, 22, 39, 0, 0, 12, 1, 2, 2, 1, 12, 0, 0, 46, 46, 0, 0, 25, 18, 18, 19, 19, 24, 25, 24, 0, 0, 49, 49, 35, 34, 35, 13, 13, 34, 0, 0, 40, 28, 40, 33, 43, 33, 43, 28, 0, 0, 48, 37, 36, 41, 36, 41, 37, 48, 0, 0, 6, 6, 15, 15, 0, 0, 11, 11, 0]
50	Individual - 	1260	159	711	26	1	15	[0, 4, 10, 3, 23, 3, 4, 10, 29, 23, 29, 0, 0, 45, 45, 38, 14, 7, 38, 14, 7, 0, 0, 21, 9, 47, 9, 21, 47, 0, 0, 5, 44, 5, 17, 44, 17, 0, 0, 16, 16, 8, 30, 26, 30, 8, 26, 0, 0, 32, 20, 42, 27, 20, 27, 42, 32, 31, 31, 0, 0, 50, 39, 22, 50, 22, 39, 0, 0, 12, 1, 2, 2, 1, 12, 0, 0, 46, 46, 0, 0, 25, 18, 18, 19, 19, 24, 25, 24, 0, 0, 49, 49, 35, 34, 35, 13, 13, 34, 0, 0, 40, 28, 40, 33, 43, 33, 43, 28, 0, 0, 48, 37, 36, 41, 36, 41, 37, 48, 0, 0, 6, 6, 15, 15, 0, 0, 11, 11, 0]
51	Individual - 	1260	159	711	26	1	15	[0, 4, 10, 3, 23, 3, 4, 10, 29, 23, 29, 0, 0, 45, 45, 38, 14, 7, 38, 14, 7, 0, 0, 21, 9, 47, 9, 21, 47, 0, 0, 5, 44, 5, 17, 44, 17, 0, 0, 16, 16, 8, 30, 26, 30, 8, 26, 0, 0, 32, 20, 42, 27, 20, 27, 42, 32, 31, 31, 0, 0, 50, 39, 22, 50, 22, 39, 0, 0, 12, 1, 2, 2, 1, 12, 0, 0, 46, 46, 0, 0, 25, 18, 18, 19, 19, 24, 25, 24, 0, 0, 49, 49, 35, 34, 35, 13, 13, 34, 0, 0, 40, 28, 40, 33, 43, 33, 43, 28, 0, 0, 48, 37, 36, 41, 36, 41, 37, 48, 0, 0, 6, 6, 15, 15, 0, 0, 11, 11, 0]
52	Individual - 	1229	158	707	26	1	14	[0, 4, 10, 3, 23, 3, 4, 10, 29, 23, 29, 0, 0, 45, 45, 38, 14, 7, 38, 14, 7, 0, 0, 21, 9, 47, 9, 21, 47, 0, 0, 5, 44, 5, 17, 44, 17, 0, 0, 16, 16, 8, 30, 26, 30, 8, 26, 0, 0, 32, 20, 42, 27, 20, 27, 42, 32, 31, 31, 0, 0, 50, 39, 22, 50, 22, 39, 0, 0, 12, 1, 2, 2, 1, 12, 0, 0, 46, 46, 0, 0, 25, 18, 18, 19, 19, 24, 25, 24, 0, 0, 49, 49, 35, 34, 35, 13, 13, 34, 0, 0, 40, 28, 40, 33, 43, 33, 43, 28, 0, 0, 48, 37, 36, 41, 36, 41, 37, 48, 11, 11, 0, 0, 6, 6, 15, 15, 0]
53	Individual - 	1229	158	707	26	1	14	[0, 4, 10, 3, 23, 3, 4, 10, 29, 23, 29, 0, 0, 45, 45, 38, 14, 7, 38, 14, 7, 0, 0, 21, 9, 47, 9, 21, 47, 0, 0, 5, 44, 5, 17, 44, 17, 0, 0, 16, 16, 8, 30, 26, 30, 8, 26, 0, 0, 32, 20, 42, 27, 20, 27, 42, 32, 31, 31, 0, 0, 50, 39, 22, 50, 22, 39, 0, 0, 12, 1, 2, 2, 1, 12, 0, 0, 46, 46, 0, 0, 25, 18, 18, 19, 19, 24, 25, 24, 0, 0, 49, 49, 35, 34, 35, 13, 13, 34, 0, 0, 40, 28, 40, 33, 43, 33, 43, 28, 0, 0, 48, 37, 36, 41, 36, 41, 37, 48, 11, 11, 0, 0, 6, 6, 15, 15, 0]
54	Individual - 	1229	158	707	26	1	14	[0, 4, 10, 3, 23, 3, 4, 10, 29, 23, 29, 0, 0, 45, 45, 38, 14, 7, 38, 14, 7, 0, 0, 21, 9, 47, 9, 21, 47, 0, 0, 5, 44, 5, 17, 44, 17, 0, 0, 16, 16, 8, 30, 26, 30, 8, 26, 0, 0, 32, 20, 42, 27, 20, 27, 42, 32, 31, 31, 0, 0, 50, 39, 22, 50, 22, 39, 0, 0, 12, 1, 2, 2, 1, 12, 0, 0, 46, 46, 0, 0, 25, 18, 18, 19, 19, 24, 25, 24, 0, 0, 49, 49, 35, 34, 35, 13, 13, 34, 0, 0, 40, 28, 40, 33, 43, 33, 43, 28, 0, 0, 48, 37, 36, 41, 36, 41, 37, 48, 11, 11, 0, 0, 6, 6, 15, 15, 0]
55	Individual - 	1229	158	707	26	1	14	[0, 4, 10, 3, 23, 3, 4, 10, 29, 23, 29, 0, 0, 45, 45, 38, 14, 7, 38, 14, 7, 0, 0, 21, 9, 47, 9, 21, 47, 0, 0, 5, 44, 5, 17, 44, 17, 0, 0, 16, 16, 8, 30, 26, 30, 8, 26, 0, 0, 32, 20, 42, 27, 20, 27, 42, 32, 31, 31, 0, 0, 50, 39, 22, 50, 22, 39, 0, 0, 12, 1, 2, 2, 1, 12, 0, 0, 46, 46, 0, 0, 25, 18, 18, 19, 19, 24, 25, 24, 0, 0, 49, 49, 35, 34, 35, 13, 13, 34, 0, 0, 40, 28, 40, 33, 43, 33, 43, 28, 0, 0, 48, 37, 36, 41, 36, 41, 37, 48, 11, 11, 0, 0, 6, 6, 15, 15, 0]
56	Individual - 	1229	158	707	26	1	14	[0, 4, 10, 3, 23, 3, 4, 10, 29, 23, 29, 0, 0, 45, 45, 38, 14, 7, 38, 14, 7, 0, 0, 21, 9, 47, 9, 21, 47, 0, 0, 5, 44, 5, 17, 44, 17, 0, 0, 16, 16, 8, 30, 26, 30, 8, 26, 0, 0, 32, 20, 42, 27, 20, 27, 42, 32, 31, 31, 0, 0, 50, 39, 22, 50, 22, 39, 0, 0, 12, 1, 2, 2, 1, 12, 0, 0, 46, 46, 0, 0, 25, 18, 18, 19, 19, 24, 25, 24, 0, 0, 49, 49, 35, 34, 35, 13, 13, 34, 0, 0, 40, 28, 40, 33, 43, 33, 43, 28, 0, 0, 48, 37, 36, 41, 36, 41, 37, 48, 11, 11, 0, 0, 6, 6, 15, 15, 0]
57	Individual - 	1229	158	707	26	1	14	[0, 4, 10, 3, 23, 3, 4, 10, 29, 23, 29, 0, 0, 45, 45, 38, 14, 7, 38, 14, 7, 0, 0, 21, 9, 47, 9, 21, 47, 0, 0, 5, 44, 5, 17, 44, 17, 0, 0, 16, 16, 8, 30, 26, 30, 8, 26, 0, 0, 32, 20, 42, 27, 20, 27, 42, 32, 31, 31, 0, 0, 50, 39, 22, 50, 22, 39, 0, 0, 12, 1, 2, 2, 1, 12, 0, 0, 46, 46, 0, 0, 25, 18, 18, 19, 19, 24, 25, 24, 0, 0, 49, 49, 35, 34, 35, 13, 13, 34, 0, 0, 40, 28, 40, 33, 43, 33, 43, 28, 0, 0, 48, 37, 36, 41, 36, 41, 37, 48, 11, 11, 0, 0, 6, 6, 15, 15, 0]
58	Individual - 	1229	158	707	26	1	14	[0, 4, 10, 3, 23, 3, 4, 10, 29, 23, 29, 0, 0, 45, 45, 38, 14, 7, 38, 14, 7, 0, 0, 21, 9, 47, 9, 21, 47, 0, 0, 5, 44, 5, 17, 44, 17, 0, 0, 16, 16, 8, 30, 26, 30, 8, 26, 0, 0, 32, 20, 42, 27, 20, 27, 42, 32, 31, 31, 0, 0, 50, 39, 22, 50, 22, 39, 0, 0, 12, 1, 2, 2, 1, 12, 0, 0, 46, 46, 0, 0, 25, 18, 18, 19, 19, 24, 25, 24, 0, 0, 49, 49, 35, 34, 35, 13, 13, 34, 0, 0, 40, 28, 40, 33, 43, 33, 43, 28, 0, 0, 48, 37, 36, 41, 36, 41, 37, 48, 11, 11, 0, 0, 6, 6, 15, 15, 0]
59	Individual - 	1217	156	697	28	1	13	[0, 4, 10, 3, 23, 3, 4, 10, 29, 23, 29, 0, 0, 45, 45, 38, 14, 7, 38, 14, 7, 0, 0, 21, 9, 47, 9, 21, 47, 0, 0, 5, 44, 5, 17, 44, 17, 0, 0, 16, 16, 8, 30, 26, 30, 8, 26, 0, 0, 32, 20, 42, 27, 20, 27, 42, 32, 31, 31, 0, 0, 50, 39, 22, 50, 22, 39, 0, 0, 12, 1, 2, 2, 1, 12, 0, 0, 46, 46, 6, 6, 15, 15, 0, 0, 25, 18, 18, 19, 19, 24, 25, 24, 0, 0, 49, 49, 35, 34, 35, 13, 13, 34, 0, 0, 40, 28, 40, 33, 43, 33, 43, 28, 0, 0, 48, 37, 36, 41, 36, 41, 37, 48, 11, 11, 0]
60	Individual - 	1217	156	697	28	1	13	[0, 4, 10, 3, 23, 3, 4, 10, 29, 23, 29, 0, 0, 45, 45, 38, 14, 7, 38, 14, 7, 0, 0, 21, 9, 47, 9, 21, 47, 0, 0, 5, 44, 5, 17, 44, 17, 0, 0, 16, 16, 8, 30, 26, 30, 8, 26, 0, 0, 32, 20, 42, 27, 20, 27, 42, 32, 31, 31, 0, 0, 50, 39, 22, 50, 22, 39, 0, 0, 12, 1, 2, 2, 1, 12, 0, 0, 46, 46, 6, 6, 15, 15, 0, 0, 25, 18, 18, 19, 19, 24, 25, 24, 0, 0, 49, 49, 35, 34, 35, 13, 13, 34, 0, 0, 40, 28, 40, 33, 43, 33, 43, 28, 0, 0, 48, 37, 36, 41, 36, 41, 37, 48, 11, 11, 0]
61	Individual - 	1217	156	697	28	1	13	[0, 4, 10, 3, 23, 3, 4, 10, 29, 23, 29, 0, 0, 45, 45, 38, 14, 7, 38, 14, 7, 0, 0, 21, 9, 47, 9, 21, 47, 0, 0, 5, 44, 5, 17, 44, 17, 0, 0, 16, 16, 8, 30, 26, 30, 8, 26, 0, 0, 32, 20, 42, 27, 20, 27, 42, 32, 31, 31, 0, 0, 50, 39, 22, 50, 22, 39, 0, 0, 12, 1, 2, 2, 1, 12, 0, 0, 46, 46, 6, 6, 15, 15, 0, 0, 25, 18, 18, 19, 19, 24, 25, 24, 0, 0, 49, 49, 35, 34, 35, 13, 13, 34, 0, 0, 40, 28, 40, 33, 43, 33, 43, 28, 0, 0, 48, 37, 36, 41, 36, 41, 37, 48, 11, 11, 0]
62	Individual - 	1217	156	697	28	1	13	[0, 4, 10, 3, 23, 3, 4, 10, 29, 23, 29, 0, 0, 45, 45, 38, 14, 7, 38, 14, 7, 0, 0, 21, 9, 47, 9, 21, 47, 0, 0, 5, 44, 5, 17, 44, 17, 0, 0, 16, 16, 8, 30, 26, 30, 8, 26, 0, 0, 32, 20, 42, 27, 20, 27, 42, 32, 31, 31, 0, 0, 50, 39, 22, 50, 22, 39, 0, 0, 12, 1, 2, 2, 1, 12, 0, 0, 46, 46, 6, 6, 15, 15, 0, 0, 25, 18, 18, 19, 19, 24, 25, 24, 0, 0, 49, 49, 35, 34, 35, 13, 13, 34, 0, 0, 40, 28, 40, 33, 43, 33, 43, 28, 0, 0, 48, 37, 36, 41, 36, 41, 37, 48, 11, 11, 0]
63	Individual - 	1217	156	697	28	1	13	[0, 4, 10, 3, 23, 3, 4, 10, 29, 23, 29, 0, 0, 45, 45, 38, 14, 7, 38, 14, 7, 0, 0, 21, 9, 47, 9, 21, 47, 0, 0, 5, 44, 5, 17, 44, 17, 0, 0, 16, 16, 8, 30, 26, 30, 8, 26, 0, 0, 32, 20, 42, 27, 20, 27, 42, 32, 31, 31, 0, 0, 50, 39, 22, 50, 22, 39, 0, 0, 12, 1, 2, 2, 1, 12, 0, 0, 46, 46, 6, 6, 15, 15, 0, 0, 25, 18, 18, 19, 19, 24, 25, 24, 0, 0, 49, 49, 35, 34, 35, 13, 13, 34, 0, 0, 40, 28, 40, 33, 43, 33, 43, 28, 0, 0, 48, 37, 36, 41, 36, 41, 37, 48, 11, 11, 0]
64	Individual - 	1217	156	697	28	1	13	[0, 4, 10, 3, 23, 3, 4, 10, 29, 23, 29, 0, 0, 45, 45, 38, 14, 7, 38, 14, 7, 0, 0, 21, 9, 47, 9, 21, 47, 0, 0, 5, 44, 5, 17, 44, 17, 0, 0, 16, 16, 8, 30, 26, 30, 8, 26, 0, 0, 32, 20, 42, 27, 20, 27, 42, 32, 31, 31, 0, 0, 50, 39, 22, 50, 22, 39, 0, 0, 12, 1, 2, 2, 1, 12, 0, 0, 46, 46, 6, 6, 15, 15, 0, 0, 25, 18, 18, 19, 19, 24, 25, 24, 0, 0, 49, 49, 35, 34, 35, 13, 13, 34, 0, 0, 40, 28, 40, 33, 43, 33, 43, 28, 0, 0, 48, 37, 36, 41, 36, 41, 37, 48, 11, 11, 0]
65	Individual - 	1185	154	683	29	1	12	[0, 4, 10, 3, 23, 3, 4, 10, 29, 23, 29, 0, 0, 45, 45, 38, 14, 7, 38, 14, 7, 0, 0, 21, 9, 47, 9, 21, 47, 0, 0, 5, 44, 5, 17, 44, 17, 0, 0, 16, 16, 8, 30, 26, 30, 8, 26, 0, 0, 32, 20, 42, 27, 20, 27, 42, 32, 31, 31, 0, 0, 50, 39, 22, 50, 22, 39, 40, 28, 40, 33, 43, 33, 43, 28, 0, 0, 12, 1, 2, 2, 1, 12, 0, 0, 46, 46, 6, 6, 15, 15, 0, 0, 25, 18, 18, 19, 19, 24, 25, 24, 0, 0, 49, 49, 35, 34, 35, 13, 13, 34, 0, 0, 48, 37, 36, 41, 36, 41, 37, 48, 11, 11, 0]
66	Individual - 	1185	154	683	29	1	12	[0, 4, 10, 3, 23, 3, 4, 10, 29, 23, 29, 0, 0, 45, 45, 38, 14, 7, 38, 14, 7, 0, 0, 21, 9, 47, 9, 21, 47, 0, 0, 5, 44, 5, 17, 44, 17, 0, 0, 16, 16, 8, 30, 26, 30, 8, 26, 0, 0, 32, 20, 42, 27, 20, 27, 42, 32, 31, 31, 0, 0, 50, 39, 22, 50, 22, 39, 40, 28, 40, 33, 43, 33, 43, 28, 0, 0, 12, 1, 2, 2, 1, 12, 0, 0, 46, 46, 6, 6, 15, 15, 0, 0, 25, 18, 18, 19, 19, 24, 25, 24, 0, 0, 49, 49, 35, 34, 35, 13, 13, 34, 0, 0, 48, 37, 36, 41, 36, 41, 37, 48, 11, 11, 0]
67	Individual - 	1185	154	683	29	1	12	[0, 4, 10, 3, 23, 3, 4, 10, 29, 23, 29, 0, 0, 45, 45, 38, 14, 7, 38, 14, 7, 0, 0, 21, 9, 47, 9, 21, 47, 0, 0, 5, 44, 5, 17, 44, 17, 0, 0, 16, 16, 8, 30, 26, 30, 8, 26, 0, 0, 32, 20, 42, 27, 20, 27, 42, 32, 31, 31, 0, 0, 50, 39, 22, 50, 22, 39, 40, 28, 40, 33, 43, 33, 43, 28, 0, 0, 12, 1, 2, 2, 1, 12, 0, 0, 46, 46, 6, 6, 15, 15, 0, 0, 25, 18, 18, 19, 19, 24, 25, 24, 0, 0, 49, 49, 35, 34, 35, 13, 13, 34, 0, 0, 48, 37, 36, 41, 36, 41, 37, 48, 11, 11, 0]
68	Individual - 	1185	154	683	29	1	12	[0, 4, 10, 3, 23, 3, 4, 10, 29, 23, 29, 0, 0, 45, 45, 38, 14, 7, 38, 14, 7, 0, 0, 21, 9, 47, 9, 21, 47, 0, 0, 5, 44, 5, 17, 44, 17, 0, 0, 16, 16, 8, 30, 26, 30, 8, 26, 0, 0, 32, 20, 42, 27, 20, 27, 42, 32, 31, 31, 0, 0, 50, 39, 22, 50, 22, 39, 40, 28, 40, 33, 43, 33, 43, 28, 0, 0, 12, 1, 2, 2, 1, 12, 0, 0, 46, 46, 6, 6, 15, 15, 0, 0, 25, 18, 18, 19, 19, 24, 25, 24, 0, 0, 49, 49, 35, 34, 35, 13, 13, 34, 0, 0, 48, 37, 36, 41, 36, 41, 37, 48, 11, 11, 0]
69	Individual - 	1185	154	683	29	1	12	[0, 4, 10, 3, 23, 3, 4, 10, 29, 23, 29, 0, 0, 45, 45, 38, 14, 7, 38, 14, 7, 0, 0, 21, 9, 47, 9, 21, 47, 0, 0, 5, 44, 5, 17, 44, 17, 0, 0, 16, 16, 8, 30, 26, 30, 8, 26, 0, 0, 32, 20, 42, 27, 20, 27, 42, 32, 31, 31, 0, 0, 50, 39, 22, 50, 22, 39, 40, 28, 40, 33, 43, 33, 43, 28, 0, 0, 12, 1, 2, 2, 1, 12, 0, 0, 46, 46, 6, 6, 15, 15, 0, 0, 25, 18, 18, 19, 19, 24, 25, 24, 0, 0, 49, 49, 35, 34, 35, 13, 13, 34, 0, 0, 48, 37, 36, 41, 36, 41, 37, 48, 11, 11, 0]
70	Individual - 	1185	154	683	29	1	12	[0, 4, 10, 3, 23, 3, 4, 10, 29, 23, 29, 0, 0, 45, 45, 38, 14, 7, 38, 14, 7, 0, 0, 21, 9, 47, 9, 21, 47, 0, 0, 5, 44, 5, 17, 44, 17, 0, 0, 16, 16, 8, 30, 26, 30, 8, 26, 0, 0, 32, 20, 42, 27, 20, 27, 42, 32, 31, 31, 0, 0, 50, 39, 22, 50, 22, 39, 40, 28, 40, 33, 43, 33, 43, 28, 0, 0, 12, 1, 2, 2, 1, 12, 0, 0, 46, 46, 6, 6, 15, 15, 0, 0, 25, 18, 18, 19, 19, 24, 25, 24, 0, 0, 49, 49, 35, 34, 35, 13, 13, 34, 0, 0, 48, 37, 36, 41, 36, 41, 37, 48, 11, 11, 0]
71	Individual - 	1185	154	683	29	1	12	[0, 4, 10, 3, 23, 3, 4, 10, 29, 23, 29, 0, 0, 45, 45, 38, 14, 7, 38, 14, 7, 0, 0, 21, 9, 47, 9, 21, 47, 0, 0, 5, 44, 5, 17, 44, 17, 0, 0, 16, 16, 8, 30, 26, 30, 8, 26, 0, 0, 32, 20, 42, 27, 20, 27, 42, 32, 31, 31, 0, 0, 50, 39, 22, 50, 22, 39, 40, 28, 40, 33, 43, 33, 43, 28, 0, 0, 12, 1, 2, 2, 1, 12, 0, 0, 46, 46, 6, 6, 15, 15, 0, 0, 25, 18, 18, 19, 19, 24, 25, 24, 0, 0, 49, 49, 35, 34, 35, 13, 13, 34, 0, 0, 48, 37, 36, 41, 36, 41, 37, 48, 11, 11, 0]
72	Individual - 	1185	154	683	29	1	12	[0, 4, 10, 3, 23, 3, 4, 10, 29, 23, 29, 0, 0, 45, 45, 38, 14, 7, 38, 14, 7, 0, 0, 21, 9, 47, 9, 21, 47, 0, 0, 5, 44, 5, 17, 44, 17, 0, 0, 16, 16, 8, 30, 26, 30, 8, 26, 0, 0, 32, 20, 42, 27, 20, 27, 42, 32, 31, 31, 0, 0, 50, 39, 22, 50, 22, 39, 40, 28, 40, 33, 43, 33, 43, 28, 0, 0, 12, 1, 2, 2, 1, 12, 0, 0, 46, 46, 6, 6, 15, 15, 0, 0, 25, 18, 18, 19, 19, 24, 25, 24, 0, 0, 49, 49, 35, 34, 35, 13, 13, 34, 0, 0, 48, 37, 36, 41, 36, 41, 37, 48, 11, 11, 0]
73	Individual - 	1173	162	711	20	1	15	[0, 23, 3, 4, 3, 4, 29, 23, 29, 0, 0, 38, 7, 14, 9, 38, 14, 7, 9, 0, 0, 12, 12, 15, 15, 0, 0, 48, 30, 8, 30, 8, 48, 0, 0, 32, 20, 42, 20, 27, 27, 42, 32, 31, 31, 0, 0, 50, 19, 22, 50, 19, 22, 24, 24, 0, 0, 2, 5, 6, 5, 1, 2, 1, 6, 0, 0, 10, 10, 0, 0, 34, 16, 18, 18, 25, 34, 25, 16, 45, 45, 0, 0, 35, 49, 49, 13, 35, 13, 0, 0, 39, 28, 39, 36, 36, 33, 43, 33, 28, 43, 0, 0, 26, 41, 40, 40, 37, 41, 37, 26, 0, 0, 44, 44, 17, 17, 0, 0, 21, 47, 21, 11, 47, 11, 0, 0, 46, 46, 0]
74	Individual - 	1173	162	711	20	1	15	[0, 23, 3, 4, 3, 4, 29, 23, 29, 0, 0, 38, 7, 14, 9, 38, 14, 7, 9, 0, 0, 12, 12, 15, 15, 0, 0, 48, 30, 8, 30, 8, 48, 0, 0, 32, 20, 42, 20, 27, 27, 42, 32, 31, 31, 0, 0, 50, 19, 22, 50, 19, 22, 24, 24, 0, 0, 2, 5, 6, 5, 1, 2, 1, 6, 0, 0, 10, 10, 0, 0, 34, 16, 18, 18, 25, 34, 25, 16, 45, 45, 0, 0, 35, 49, 49, 13, 35, 13, 0, 0, 39, 28, 39, 36, 36, 33, 43, 33, 28, 43, 0, 0, 26, 41, 40, 40, 37, 41, 37, 26, 0, 0, 44, 44, 17, 17, 0, 0, 21, 47, 21, 11, 47, 11, 0, 0, 46, 46, 0]
75	Individual - 	1173	162	711	20	1	15	[0, 23, 3, 4, 3, 4, 29, 23, 29, 0, 0, 38, 7, 14, 9, 38, 14, 7, 9, 0, 0, 12, 12, 15, 15, 0, 0, 48, 30, 8, 30, 8, 48, 0, 0, 32, 20, 42, 20, 27, 27, 42, 32, 31, 31, 0, 0, 50, 19, 22, 50, 19, 22, 24, 24, 0, 0, 2, 5, 6, 5, 1, 2, 1, 6, 0, 0, 10, 10, 0, 0, 34, 16, 18, 18, 25, 34, 25, 16, 45, 45, 0, 0, 35, 49, 49, 13, 35, 13, 0, 0, 39, 28, 39, 36, 36, 33, 43, 33, 28, 43, 0, 0, 26, 41, 40, 40, 37, 41, 37, 26, 0, 0, 44, 44, 17, 17, 0, 0, 21, 47, 21, 11, 47, 11, 0, 0, 46, 46, 0]
76	Individual - 	1173	162	711	20	1	15	[0, 23, 3, 4, 3, 4, 29, 23, 29, 0, 0, 38, 7, 14, 9, 38, 14, 7, 9, 0, 0, 12, 12, 15, 15, 0, 0, 48, 30, 8, 30, 8, 48, 0, 0, 32, 20, 42, 20, 27, 27, 42, 32, 31, 31, 0, 0, 50, 19, 22, 50, 19, 22, 24, 24, 0, 0, 2, 5, 6, 5, 1, 2, 1, 6, 0, 0, 10, 10, 0, 0, 34, 16, 18, 18, 25, 34, 25, 16, 45, 45, 0, 0, 35, 49, 49, 13, 35, 13, 0, 0, 39, 28, 39, 36, 36, 33, 43, 33, 28, 43, 0, 0, 26, 41, 40, 40, 37, 41, 37, 26, 0, 0, 44, 44, 17, 17, 0, 0, 21, 47, 21, 11, 47, 11, 0, 0, 46, 46, 0]
77	Individual - 	1173	162	711	20	1	15	[0, 23, 3, 4, 3, 4, 29, 23, 29, 0, 0, 38, 7, 14, 9, 38, 14, 7, 9, 0, 0, 12, 12, 15, 15, 0, 0, 48, 30, 8, 30, 8, 48, 0, 0, 32, 20, 42, 20, 27, 27, 42, 32, 31, 31, 0, 0, 50, 19, 22, 50, 19, 22, 24, 24, 0, 0, 2, 5, 6, 5, 1, 2, 1, 6, 0, 0, 10, 10, 0, 0, 34, 16, 18, 18, 25, 34, 25, 16, 45, 45, 0, 0, 35, 49, 49, 13, 35, 13, 0, 0, 39, 28, 39, 36, 36, 33, 43, 33, 28, 43, 0, 0, 26, 41, 40, 40, 37, 41, 37, 26, 0, 0, 44, 44, 17, 17, 0, 0, 21, 47, 21, 11, 47, 11, 0, 0, 46, 46, 0]
78	Individual - 	1173	162	711	20	1	15	[0, 23, 3, 4, 3, 4, 29, 23, 29, 0, 0, 38, 7, 14, 9, 38, 14, 7, 9, 0, 0, 12, 12, 15, 15, 0, 0, 48, 30, 8, 30, 8, 48, 0, 0, 32, 20, 42, 20, 27, 27, 42, 32, 31, 31, 0, 0, 50, 19, 22, 50, 19, 22, 24, 24, 0, 0, 2, 5, 6, 5, 1, 2, 1, 6, 0, 0, 10, 10, 0, 0, 34, 16, 18, 18, 25, 34, 25, 16, 45, 45, 0, 0, 35, 49, 49, 13, 35, 13, 0, 0, 39, 28, 39, 36, 36, 33, 43, 33, 28, 43, 0, 0, 26, 41, 40, 40, 37, 41, 37, 26, 0, 0, 44, 44, 17, 17, 0, 0, 21, 47, 21, 11, 47, 11, 0, 0, 46, 46, 0]
79	Individual - 	1173	162	711	20	1	15	[0, 23, 3, 4, 3, 4, 29, 23, 29, 0, 0, 38, 7, 14, 9, 38, 14, 7, 9, 0, 0, 12, 12, 15, 15, 0, 0, 48, 30, 8, 30, 8, 48, 0, 0, 32, 20, 42, 20, 27, 27, 42, 32, 31, 31, 0, 0, 50, 19, 22, 50, 19, 22, 24, 24, 0, 0, 2, 5, 6, 5, 1, 2, 1, 6, 0, 0, 10, 10, 0, 0, 34, 16, 18, 18, 25, 34, 25, 16, 45, 45, 0, 0, 35, 49, 49, 13, 35, 13, 0, 0, 39, 28, 39, 36, 36, 33, 43, 33, 28, 43, 0, 0, 26, 41, 40, 40, 37, 41, 37, 26, 0, 0, 44, 44, 17, 17, 0, 0, 21, 47, 21, 11, 47, 11, 0, 0, 46, 46, 0]
80	Individual - 	1173	162	711	20	1	15	[0, 23, 3, 4, 3, 4, 29, 23, 29, 0, 0, 38, 7, 14, 9, 38, 14, 7, 9, 0, 0, 12, 12, 15, 15, 0, 0, 48, 30, 8, 30, 8, 48, 0, 0, 32, 20, 42, 20, 27, 27, 42, 32, 31, 31, 0, 0, 50, 19, 22, 50, 19, 22, 24, 24, 0, 0, 2, 5, 6, 5, 1, 2, 1, 6, 0, 0, 10, 10, 0, 0, 34, 16, 18, 18, 25, 34, 25, 16, 45, 45, 0, 0, 35, 49, 49, 13, 35, 13, 0, 0, 39, 28, 39, 36, 36, 33, 43, 33, 28, 43, 0, 0, 26, 41, 40, 40, 37, 41, 37, 26, 0, 0, 44, 44, 17, 17, 0, 0, 21, 47, 21, 11, 47, 11, 0, 0, 46, 46, 0]
81	Individual - 	1173	162	711	20	1	15	[0, 23, 3, 4, 3, 4, 29, 23, 29, 0, 0, 38, 7, 14, 9, 38, 14, 7, 9, 0, 0, 12, 12, 15, 15, 0, 0, 48, 30, 8, 30, 8, 48, 0, 0, 32, 20, 42, 20, 27, 27, 42, 32, 31, 31, 0, 0, 50, 19, 22, 50, 19, 22, 24, 24, 0, 0, 2, 5, 6, 5, 1, 2, 1, 6, 0, 0, 10, 10, 0, 0, 34, 16, 18, 18, 25, 34, 25, 16, 45, 45, 0, 0, 35, 49, 49, 13, 35, 13, 0, 0, 39, 28, 39, 36, 36, 33, 43, 33, 28, 43, 0, 0, 26, 41, 40, 40, 37, 41, 37, 26, 0, 0, 44, 44, 17, 17, 0, 0, 21, 47, 21, 11, 47, 11, 0, 0, 46, 46, 0]
82	Individual - 	1173	162	711	20	1	15	[0, 23, 3, 4, 3, 4, 29, 23, 29, 0, 0, 38, 7, 14, 9, 38, 14, 7, 9, 0, 0, 12, 12, 15, 15, 0, 0, 48, 30, 8, 30, 8, 48, 0, 0, 32, 20, 42, 20, 27, 27, 42, 32, 31, 31, 0, 0, 50, 19, 22, 50, 19, 22, 24, 24, 0, 0, 2, 5, 6, 5, 1, 2, 1, 6, 0, 0, 10, 10, 0, 0, 34, 16, 18, 18, 25, 34, 25, 16, 45, 45, 0, 0, 35, 49, 49, 13, 35, 13, 0, 0, 39, 28, 39, 36, 36, 33, 43, 33, 28, 43, 0, 0, 26, 41, 40, 40, 37, 41, 37, 26, 0, 0, 44, 44, 17, 17, 0, 0, 21, 47, 21, 11, 47, 11, 0, 0, 46, 46, 0]
83	Individual - 	1173	162	711	20	1	15	[0, 23, 3, 4, 3, 4, 29, 23, 29, 0, 0, 38, 7, 14, 9, 38, 14, 7, 9, 0, 0, 12, 12, 15, 15, 0, 0, 48, 30, 8, 30, 8, 48, 0, 0, 32, 20, 42, 20, 27, 27, 42, 32, 31, 31, 0, 0, 50, 19, 22, 50, 19, 22, 24, 24, 0, 0, 2, 5, 6, 5, 1, 2, 1, 6, 0, 0, 10, 10, 0, 0, 34, 16, 18, 18, 25, 34, 25, 16, 45, 45, 0, 0, 35, 49, 49, 13, 35, 13, 0, 0, 39, 28, 39, 36, 36, 33, 43, 33, 28, 43, 0, 0, 26, 41, 40, 40, 37, 41, 37, 26, 0, 0, 44, 44, 17, 17, 0, 0, 21, 47, 21, 11, 47, 11, 0, 0, 46, 46, 0]
84	Individual - 	1173	162	711	20	1	15	[0, 23, 3, 4, 3, 4, 29, 23, 29, 0, 0, 38, 7, 14, 9, 38, 14, 7, 9, 0, 0, 12, 12, 15, 15, 0, 0, 48, 30, 8, 30, 8, 48, 0, 0, 32, 20, 42, 20, 27, 27, 42, 32, 31, 31, 0, 0, 50, 19, 22, 50, 19, 22, 24, 24, 0, 0, 2, 5, 6, 5, 1, 2, 1, 6, 0, 0, 10, 10, 0, 0, 34, 16, 18, 18, 25, 34, 25, 16, 45, 45, 0, 0, 35, 49, 49, 13, 35, 13, 0, 0, 39, 28, 39, 36, 36, 33, 43, 33, 28, 43, 0, 0, 26, 41, 40, 40, 37, 41, 37, 26, 0, 0, 44, 44, 17, 17, 0, 0, 21, 47, 21, 11, 47, 11, 0, 0, 46, 46, 0]
85	Individual - 	1173	162	711	20	1	15	[0, 23, 3, 4, 3, 4, 29, 23, 29, 0, 0, 38, 7, 14, 9, 38, 14, 7, 9, 0, 0, 12, 12, 15, 15, 0, 0, 48, 30, 8, 30, 8, 48, 0, 0, 32, 20, 42, 20, 27, 27, 42, 32, 31, 31, 0, 0, 50, 19, 22, 50, 19, 22, 24, 24, 0, 0, 2, 5, 6, 5, 1, 2, 1, 6, 0, 0, 10, 10, 0, 0, 34, 16, 18, 18, 25, 34, 25, 16, 45, 45, 0, 0, 35, 49, 49, 13, 35, 13, 0, 0, 39, 28, 39, 36, 36, 33, 43, 33, 28, 43, 0, 0, 26, 41, 40, 40, 37, 41, 37, 26, 0, 0, 44, 44, 17, 17, 0, 0, 21, 47, 21, 11, 47, 11, 0, 0, 46, 46, 0]
86	Individual - 	1173	162	711	20	1	15	[0, 23, 3, 4, 3, 4, 29, 23, 29, 0, 0, 38, 7, 14, 9, 38, 14, 7, 9, 0, 0, 12, 12, 15, 15, 0, 0, 48, 30, 8, 30, 8, 48, 0, 0, 32, 20, 42, 20, 27, 27, 42, 32, 31, 31, 0, 0, 50, 19, 22, 50, 19, 22, 24, 24, 0, 0, 2, 5, 6, 5, 1, 2, 1, 6, 0, 0, 10, 10, 0, 0, 34, 16, 18, 18, 25, 34, 25, 16, 45, 45, 0, 0, 35, 49, 49, 13, 35, 13, 0, 0, 39, 28, 39, 36, 36, 33, 43, 33, 28, 43, 0, 0, 26, 41, 40, 40, 37, 41, 37, 26, 0, 0, 44, 44, 17, 17, 0, 0, 21, 47, 21, 11, 47, 11, 0, 0, 46, 46, 0]
87	Individual - 	1173	162	711	20	1	15	[0, 23, 3, 4, 3, 4, 29, 23, 29, 0, 0, 38, 7, 14, 9, 38, 14, 7, 9, 0, 0, 12, 12, 15, 15, 0, 0, 48, 30, 8, 30, 8, 48, 0, 0, 32, 20, 42, 20, 27, 27, 42, 32, 31, 31, 0, 0, 50, 19, 22, 50, 19, 22, 24, 24, 0, 0, 2, 5, 6, 5, 1, 2, 1, 6, 0, 0, 10, 10, 0, 0, 34, 16, 18, 18, 25, 34, 25, 16, 45, 45, 0, 0, 35, 49, 49, 13, 35, 13, 0, 0, 39, 28, 39, 36, 36, 33, 43, 33, 28, 43, 0, 0, 26, 41, 40, 40, 37, 41, 37, 26, 0, 0, 44, 44, 17, 17, 0, 0, 21, 47, 21, 11, 47, 11, 0, 0, 46, 46, 0]
88	Individual - 	1173	162	711	20	1	15	[0, 23, 3, 4, 3, 4, 29, 23, 29, 0, 0, 38, 7, 14, 9, 38, 14, 7, 9, 0, 0, 12, 12, 15, 15, 0, 0, 48, 30, 8, 30, 8, 48, 0, 0, 32, 20, 42, 20, 27, 27, 42, 32, 31, 31, 0, 0, 50, 19, 22, 50, 19, 22, 24, 24, 0, 0, 2, 5, 6, 5, 1, 2, 1, 6, 0, 0, 10, 10, 0, 0, 34, 16, 18, 18, 25, 34, 25, 16, 45, 45, 0, 0, 35, 49, 49, 13, 35, 13, 0, 0, 39, 28, 39, 36, 36, 33, 43, 33, 28, 43, 0, 0, 26, 41, 40, 40, 37, 41, 37, 26, 0, 0, 44, 44, 17, 17, 0, 0, 21, 47, 21, 11, 47, 11, 0, 0, 46, 46, 0]
89	Individual - 	1173	162	711	20	1	15	[0, 23, 3, 4, 3, 4, 29, 23, 29, 0, 0, 38, 7, 14, 9, 38, 14, 7, 9, 0, 0, 12, 12, 15, 15, 0, 0, 48, 30, 8, 30, 8, 48, 0, 0, 32, 20, 42, 20, 27, 27, 42, 32, 31, 31, 0, 0, 50, 19, 22, 50, 19, 22, 24, 24, 0, 0, 2, 5, 6, 5, 1, 2, 1, 6, 0, 0, 10, 10, 0, 0, 34, 16, 18, 18, 25, 34, 25, 16, 45, 45, 0, 0, 35, 49, 49, 13, 35, 13, 0, 0, 39, 28, 39, 36, 36, 33, 43, 33, 28, 43, 0, 0, 26, 41, 40, 40, 37, 41, 37, 26, 0, 0, 44, 44, 17, 17, 0, 0, 21, 47, 21, 11, 47, 11, 0, 0, 46, 46, 0]
90	Individual - 	1173	162	711	20	1	15	[0, 23, 3, 4, 3, 4, 29, 23, 29, 0, 0, 38, 7, 14, 9, 38, 14, 7, 9, 0, 0, 12, 12, 15, 15, 0, 0, 48, 30, 8, 30, 8, 48, 0, 0, 32, 20, 42, 20, 27, 27, 42, 32, 31, 31, 0, 0, 50, 19, 22, 50, 19, 22, 24, 24, 0, 0, 2, 5, 6, 5, 1, 2, 1, 6, 0, 0, 10, 10, 0, 0, 34, 16, 18, 18, 25, 34, 25, 16, 45, 45, 0, 0, 35, 49, 49, 13, 35, 13, 0, 0, 39, 28, 39, 36, 36, 33, 43, 33, 28, 43, 0, 0, 26, 41, 40, 40, 37, 41, 37, 26, 0, 0, 44, 44, 17, 17, 0, 0, 21, 47, 21, 11, 47, 11, 0, 0, 46, 46, 0]
91	Individual - 	1173	162	711	20	1	15	[0, 23, 3, 4, 3, 4, 29, 23, 29, 0, 0, 38, 7, 14, 9, 38, 14, 7, 9, 0, 0, 12, 12, 15, 15, 0, 0, 48, 30, 8, 30, 8, 48, 0, 0, 32, 20, 42, 20, 27, 27, 42, 32, 31, 31, 0, 0, 50, 19, 22, 50, 19, 22, 24, 24, 0, 0, 2, 5, 6, 5, 1, 2, 1, 6, 0, 0, 10, 10, 0, 0, 34, 16, 18, 18, 25, 34, 25, 16, 45, 45, 0, 0, 35, 49, 49, 13, 35, 13, 0, 0, 39, 28, 39, 36, 36, 33, 43, 33, 28, 43, 0, 0, 26, 41, 40, 40, 37, 41, 37, 26, 0, 0, 44, 44, 17, 17, 0, 0, 21, 47, 21, 11, 47, 11, 0, 0, 46, 46, 0]
92	Individual - 	1173	162	711	20	1	15	[0, 23, 3, 4, 3, 4, 29, 23, 29, 0, 0, 38, 7, 14, 9, 38, 14, 7, 9, 0, 0, 12, 12, 15, 15, 0, 0, 48, 30, 8, 30, 8, 48, 0, 0, 32, 20, 42, 20, 27, 27, 42, 32, 31, 31, 0, 0, 50, 19, 22, 50, 19, 22, 24, 24, 0, 0, 2, 5, 6, 5, 1, 2, 1, 6, 0, 0, 10, 10, 0, 0, 34, 16, 18, 18, 25, 34, 25, 16, 45, 45, 0, 0, 35, 49, 49, 13, 35, 13, 0, 0, 39, 28, 39, 36, 36, 33, 43, 33, 28, 43, 0, 0, 26, 41, 40, 40, 37, 41, 37, 26, 0, 0, 44, 44, 17, 17, 0, 0, 21, 47, 21, 11, 47, 11, 0, 0, 46, 46, 0]
93	Individual - 	1173	162	711	20	1	15	[0, 23, 3, 4, 3, 4, 29, 23, 29, 0, 0, 38, 7, 14, 9, 38, 14, 7, 9, 0, 0, 12, 12, 15, 15, 0, 0, 48, 30, 8, 30, 8, 48, 0, 0, 32, 20, 42, 20, 27, 27, 42, 32, 31, 31, 0, 0, 50, 19, 22, 50, 19, 22, 24, 24, 0, 0, 2, 5, 6, 5, 1, 2, 1, 6, 0, 0, 10, 10, 0, 0, 34, 16, 18, 18, 25, 34, 25, 16, 45, 45, 0, 0, 35, 49, 49, 13, 35, 13, 0, 0, 39, 28, 39, 36, 36, 33, 43, 33, 28, 43, 0, 0, 26, 41, 40, 40, 37, 41, 37, 26, 0, 0, 44, 44, 17, 17, 0, 0, 21, 47, 21, 11, 47, 11, 0, 0, 46, 46, 0]
94	Individual - 	1173	162	711	20	1	15	[0, 23, 3, 4, 3, 4, 29, 23, 29, 0, 0, 38, 7, 14, 9, 38, 14, 7, 9, 0, 0, 12, 12, 15, 15, 0, 0, 48, 30, 8, 30, 8, 48, 0, 0, 32, 20, 42, 20, 27, 27, 42, 32, 31, 31, 0, 0, 50, 19, 22, 50, 19, 22, 24, 24, 0, 0, 2, 5, 6, 5, 1, 2, 1, 6, 0, 0, 10, 10, 0, 0, 34, 16, 18, 18, 25, 34, 25, 16, 45, 45, 0, 0, 35, 49, 49, 13, 35, 13, 0, 0, 39, 28, 39, 36, 36, 33, 43, 33, 28, 43, 0, 0, 26, 41, 40, 40, 37, 41, 37, 26, 0, 0, 44, 44, 17, 17, 0, 0, 21, 47, 21, 11, 47, 11, 0, 0, 46, 46, 0]
95	Individual - 	1173	162	711	20	1	15	[0, 23, 3, 4, 3, 4, 29, 23, 29, 0, 0, 38, 7, 14, 9, 38, 14, 7, 9, 0, 0, 12, 12, 15, 15, 0, 0, 48, 30, 8, 30, 8, 48, 0, 0, 32, 20, 42, 20, 27, 27, 42, 32, 31, 31, 0, 0, 50, 19, 22, 50, 19, 22, 24, 24, 0, 0, 2, 5, 6, 5, 1, 2, 1, 6, 0, 0, 10, 10, 0, 0, 34, 16, 18, 18, 25, 34, 25, 16, 45, 45, 0, 0, 35, 49, 49, 13, 35, 13, 0, 0, 39, 28, 39, 36, 36, 33, 43, 33, 28, 43, 0, 0, 26, 41, 40, 40, 37, 41, 37, 26, 0, 0, 44, 44, 17, 17, 0, 0, 21, 47, 21, 11, 47, 11, 0, 0, 46, 46, 0]
96	Individual - 	1173	162	711	20	1	15	[0, 23, 3, 4, 3, 4, 29, 23, 29, 0, 0, 38, 7, 14, 9, 38, 14, 7, 9, 0, 0, 12, 12, 15, 15, 0, 0, 48, 30, 8, 30, 8, 48, 0, 0, 32, 20, 42, 20, 27, 27, 42, 32, 31, 31, 0, 0, 50, 19, 22, 50, 19, 22, 24, 24, 0, 0, 2, 5, 6, 5, 1, 2, 1, 6, 0, 0, 10, 10, 0, 0, 34, 16, 18, 18, 25, 34, 25, 16, 45, 45, 0, 0, 35, 49, 49, 13, 35, 13, 0, 0, 39, 28, 39, 36, 36, 33, 43, 33, 28, 43, 0, 0, 26, 41, 40, 40, 37, 41, 37, 26, 0, 0, 44, 44, 17, 17, 0, 0, 21, 47, 21, 11, 47, 11, 0, 0, 46, 46, 0]
97	Individual - 	1173	162	711	20	1	15	[0, 23, 3, 4, 3, 4, 29, 23, 29, 0, 0, 38, 7, 14, 9, 38, 14, 7, 9, 0, 0, 12, 12, 15, 15, 0, 0, 48, 30, 8, 30, 8, 48, 0, 0, 32, 20, 42, 20, 27, 27, 42, 32, 31, 31, 0, 0, 50, 19, 22, 50, 19, 22, 24, 24, 0, 0, 2, 5, 6, 5, 1, 2, 1, 6, 0, 0, 10, 10, 0, 0, 34, 16, 18, 18, 25, 34, 25, 16, 45, 45, 0, 0, 35, 49, 49, 13, 35, 13, 0, 0, 39, 28, 39, 36, 36, 33, 43, 33, 28, 43, 0, 0, 26, 41, 40, 40, 37, 41, 37, 26, 0, 0, 44, 44, 17, 17, 0, 0, 21, 47, 21, 11, 47, 11, 0, 0, 46, 46, 0]
98	Individual - 	1173	162	711	20	1	15	[0, 23, 3, 4, 3, 4, 29, 23, 29, 0, 0, 38, 7, 14, 9, 38, 14, 7, 9, 0, 0, 12, 12, 15, 15, 0, 0, 48, 30, 8, 30, 8, 48, 0, 0, 32, 20, 42, 20, 27, 27, 42, 32, 31, 31, 0, 0, 50, 19, 22, 50, 19, 22, 24, 24, 0, 0, 2, 5, 6, 5, 1, 2, 1, 6, 0, 0, 10, 10, 0, 0, 34, 16, 18, 18, 25, 34, 25, 16, 45, 45, 0, 0, 35, 49, 49, 13, 35, 13, 0, 0, 39, 28, 39, 36, 36, 33, 43, 33, 28, 43, 0, 0, 26, 41, 40, 40, 37, 41, 37, 26, 0, 0, 44, 44, 17, 17, 0, 0, 21, 47, 21, 11, 47, 11, 0, 0, 46, 46, 0]
99	Individual - 	1173	162	711	20	1	15	[0, 23, 3, 4, 3, 4, 29, 23, 29, 0, 0, 38, 7, 14, 9, 38, 14, 7, 9, 0, 0, 12, 12, 15, 15, 0, 0, 48, 30, 8, 30, 8, 48, 0, 0, 32, 20, 42, 20, 27, 27, 42, 32, 31, 31, 0, 0, 50, 19, 22, 50, 19, 22, 24, 24, 0, 0, 2, 5, 6, 5, 1, 2, 1, 6, 0, 0, 10, 10, 0, 0, 34, 16, 18, 18, 25, 34, 25, 16, 45, 45, 0, 0, 35, 49, 49, 13, 35, 13, 0, 0, 39, 28, 39, 36, 36, 33, 43, 33, 28, 43, 0, 0, 26, 41, 40, 40, 37, 41, 37, 26, 0, 0, 44, 44, 17, 17, 0, 0, 21, 47, 21, 11, 47, 11, 0, 0, 46, 46, 0]
100	Individual - 	1173	162	711	20	1	15	[0, 23, 3, 4, 3, 4, 29, 23, 29, 0, 0, 38, 7, 14, 9, 38, 14, 7, 9, 0, 0, 12, 12, 15, 15, 0, 0, 48, 30, 8, 30, 8, 48, 0, 0, 32, 20, 42, 20, 27, 27, 42, 32, 31, 31, 0, 0, 50, 19, 22, 50, 19, 22, 24, 24, 0, 0, 2, 5, 6, 5, 1, 2, 1, 6, 0, 0, 10, 10, 0, 0, 34, 16, 18, 18, 25, 34, 25, 16, 45, 45, 0, 0, 35, 49, 49, 13, 35, 13, 0, 0, 39, 28, 39, 36, 36, 33, 43, 33, 28, 43, 0, 0, 26, 41, 40, 40, 37, 41, 37, 26, 0, 0, 44, 44, 17, 17, 0, 0, 21, 47, 21, 11, 47, 11, 0, 0, 46, 46, 0]
101	Individual - 	1173	162	711	20	1	15	[0, 23, 3, 4, 3, 4, 29, 23, 29, 0, 0, 38, 7, 14, 9, 38, 14, 7, 9, 0, 0, 12, 12, 15, 15, 0, 0, 48, 30, 8, 30, 8, 48, 0, 0, 32, 20, 42, 20, 27, 27, 42, 32, 31, 31, 0, 0, 50, 19, 22, 50, 19, 22, 24, 24, 0, 0, 2, 5, 6, 5, 1, 2, 1, 6, 0, 0, 10, 10, 0, 0, 34, 16, 18, 18, 25, 34, 25, 16, 45, 45, 0, 0, 35, 49, 49, 13, 35, 13, 0, 0, 39, 28, 39, 36, 36, 33, 43, 33, 28, 43, 0, 0, 26, 41, 40, 40, 37, 41, 37, 26, 0, 0, 44, 44, 17, 17, 0, 0, 21, 47, 21, 11, 47, 11, 0, 0, 46, 46, 0]
102	Individual - 	1173	162	711	20	1	15	[0, 23, 3, 4, 3, 4, 29, 23, 29, 0, 0, 38, 7, 14, 9, 38, 14, 7, 9, 0, 0, 12, 12, 15, 15, 0, 0, 48, 30, 8, 30, 8, 48, 0, 0, 32, 20, 42, 20, 27, 27, 42, 32, 31, 31, 0, 0, 50, 19, 22, 50, 19, 22, 24, 24, 0, 0, 2, 5, 6, 5, 1, 2, 1, 6, 0, 0, 10, 10, 0, 0, 34, 16, 18, 18, 25, 34, 25, 16, 45, 45, 0, 0, 35, 49, 49, 13, 35, 13, 0, 0, 39, 28, 39, 36, 36, 33, 43, 33, 28, 43, 0, 0, 26, 41, 40, 40, 37, 41, 37, 26, 0, 0, 44, 44, 17, 17, 0, 0, 21, 47, 21, 11, 47, 11, 0, 0, 46, 46, 0]
103	Individual - 	1173	162	711	20	1	15	[0, 23, 3, 4, 3, 4, 29, 23, 29, 0, 0, 38, 7, 14, 9, 38, 14, 7, 9, 0, 0, 12, 12, 15, 15, 0, 0, 48, 30, 8, 30, 8, 48, 0, 0, 32, 20, 42, 20, 27, 27, 42, 32, 31, 31, 0, 0, 50, 19, 22, 50, 19, 22, 24, 24, 0, 0, 2, 5, 6, 5, 1, 2, 1, 6, 0, 0, 10, 10, 0, 0, 34, 16, 18, 18, 25, 34, 25, 16, 45, 45, 0, 0, 35, 49, 49, 13, 35, 13, 0, 0, 39, 28, 39, 36, 36, 33, 43, 33, 28, 43, 0, 0, 26, 41, 40, 40, 37, 41, 37, 26, 0, 0, 44, 44, 17, 17, 0, 0, 21, 47, 21, 11, 47, 11, 0, 0, 46, 46, 0]
104	Individual - 	1173	162	711	20	1	15	[0, 23, 3, 4, 3, 4, 29, 23, 29, 0, 0, 38, 7, 14, 9, 38, 14, 7, 9, 0, 0, 12, 12, 15, 15, 0, 0, 48, 30, 8, 30, 8, 48, 0, 0, 32, 20, 42, 20, 27, 27, 42, 32, 31, 31, 0, 0, 50, 19, 22, 50, 19, 22, 24, 24, 0, 0, 2, 5, 6, 5, 1, 2, 1, 6, 0, 0, 10, 10, 0, 0, 34, 16, 18, 18, 25, 34, 25, 16, 45, 45, 0, 0, 35, 49, 49, 13, 35, 13, 0, 0, 39, 28, 39, 36, 36, 33, 43, 33, 28, 43, 0, 0, 26, 41, 40, 40, 37, 41, 37, 26, 0, 0, 44, 44, 17, 17, 0, 0, 21, 47, 21, 11, 47, 11, 0, 0, 46, 46, 0]
105	Individual - 	1173	162	711	20	1	15	[0, 23, 3, 4, 3, 4, 29, 23, 29, 0, 0, 38, 7, 14, 9, 38, 14, 7, 9, 0, 0, 12, 12, 15, 15, 0, 0, 48, 30, 8, 30, 8, 48, 0, 0, 32, 20, 42, 20, 27, 27, 42, 32, 31, 31, 0, 0, 50, 19, 22, 50, 19, 22, 24, 24, 0, 0, 2, 5, 6, 5, 1, 2, 1, 6, 0, 0, 10, 10, 0, 0, 34, 16, 18, 18, 25, 34, 25, 16, 45, 45, 0, 0, 35, 49, 49, 13, 35, 13, 0, 0, 39, 28, 39, 36, 36, 33, 43, 33, 28, 43, 0, 0, 26, 41, 40, 40, 37, 41, 37, 26, 0, 0, 44, 44, 17, 17, 0, 0, 21, 47, 21, 11, 47, 11, 0, 0, 46, 46, 0]
106	Individual - 	1173	162	711	20	1	15	[0, 23, 3, 4, 3, 4, 29, 23, 29, 0, 0, 38, 7, 14, 9, 38, 14, 7, 9, 0, 0, 12, 12, 15, 15, 0, 0, 48, 30, 8, 30, 8, 48, 0, 0, 32, 20, 42, 20, 27, 27, 42, 32, 31, 31, 0, 0, 50, 19, 22, 50, 19, 22, 24, 24, 0, 0, 2, 5, 6, 5, 1, 2, 1, 6, 0, 0, 10, 10, 0, 0, 34, 16, 18, 18, 25, 34, 25, 16, 45, 45, 0, 0, 35, 49, 49, 13, 35, 13, 0, 0, 39, 28, 39, 36, 36, 33, 43, 33, 28, 43, 0, 0, 26, 41, 40, 40, 37, 41, 37, 26, 0, 0, 44, 44, 17, 17, 0, 0, 21, 47, 21, 11, 47, 11, 0, 0, 46, 46, 0]
107	Individual - 	1130	139	619	31	1	12	[0, 3, 4, 23, 3, 4, 46, 23, 46, 0, 0, 25, 25, 8, 7, 14, 9, 8, 14, 7, 9, 0, 0, 21, 47, 21, 47, 0, 0, 12, 27, 44, 12, 15, 44, 15, 27, 0, 0, 48, 37, 30, 30, 37, 48, 0, 0, 29, 29, 31, 32, 20, 20, 42, 42, 32, 31, 0, 0, 45, 50, 39, 19, 50, 19, 39, 45, 0, 0, 2, 1, 6, 2, 1, 6, 0, 0, 5, 5, 0, 0, 18, 18, 22, 22, 24, 24, 0, 0, 34, 49, 35, 49, 35, 13, 13, 34, 0, 0, 28, 40, 40, 33, 43, 33, 28, 43, 0]
108	Individual - 	1130	139	619	31	1	12	[0, 3, 4, 23, 3, 4, 46, 23, 46, 0, 0, 25, 25, 8, 7, 14, 9, 8, 14, 7, 9, 0, 0, 21, 47, 21, 47, 0, 0, 12, 27, 44, 12, 15, 44, 15, 27, 0, 0, 48, 37, 30, 30, 37, 48, 0, 0, 29, 29, 31, 32, 20, 20, 42, 42, 32, 31, 0, 0, 45, 50, 39, 19, 50, 19, 39, 45, 0, 0, 2, 1, 6, 2, 1, 6, 0, 0, 5, 5, 0, 0, 18, 18, 22, 22, 24, 24, 0, 0, 34, 49, 35, 49, 35, 13, 13, 34, 0, 0, 28, 40, 40, 33, 43, 33, 28, 43, 0]
109	Individual - 	1130	139	619	31	1	12	[0, 3, 4, 23, 3, 4, 46, 23, 46, 0, 0, 25, 25, 8, 7, 14, 9, 8, 14, 7, 9, 0, 0, 21, 47, 21, 47, 0, 0, 12, 27, 44, 12, 15, 44, 15, 27, 0, 0, 48, 37, 30, 30, 37, 48, 0, 0, 29, 29, 31, 32, 20, 20, 42, 42, 32, 31, 0, 0, 45, 50, 39, 19, 50, 19, 39, 45, 0, 0, 2, 1, 6, 2, 1, 6, 0, 0, 5, 5, 0, 0, 18, 18, 22, 22, 24, 24, 0, 0, 34, 49, 35, 49, 35, 13, 13, 34, 0, 0, 28, 40, 40, 33, 43, 33, 28, 43, 0]
110	Individual - 	1130	139	619	31	1	12	[0, 3, 4, 23, 3, 4, 46, 23, 46, 0, 0, 25, 25, 8, 7, 14, 9, 8, 14, 7, 9, 0, 0, 21, 47, 21, 47, 0, 0, 12, 27, 44, 12, 15, 44, 15, 27, 0, 0, 48, 37, 30, 30, 37, 48, 0, 0, 29, 29, 31, 32, 20, 20, 42, 42, 32, 31, 0, 0, 45, 50, 39, 19, 50, 19, 39, 45, 0, 0, 2, 1, 6, 2, 1, 6, 0, 0, 5, 5, 0, 0, 18, 18, 22, 22, 24, 24, 0, 0, 34, 49, 35, 49, 35, 13, 13, 34, 0, 0, 28, 40, 40, 33, 43, 33, 28, 43, 0]
111	Individual - 	1130	139	619	31	1	12	[0, 3, 4, 23, 3, 4, 46, 23, 46, 0, 0, 25, 25, 8, 7, 14, 9, 8, 14, 7, 9, 0, 0, 21, 47, 21, 47, 0, 0, 12, 27, 44, 12, 15, 44, 15, 27, 0, 0, 48, 37, 30, 30, 37, 48, 0, 0, 29, 29, 31, 32, 20, 20, 42, 42, 32, 31, 0, 0, 45, 50, 39, 19, 50, 19, 39, 45, 0, 0, 2, 1, 6, 2, 1, 6, 0, 0, 5, 5, 0, 0, 18, 18, 22, 22, 24, 24, 0, 0, 34, 49, 35, 49, 35, 13, 13, 34, 0, 0, 28, 40, 40, 33, 43, 33, 28, 43, 0]
112	Individual - 	1130	139	619	31	1	12	[0, 3, 4, 23, 3, 4, 46, 23, 46, 0, 0, 25, 25, 8, 7, 14, 9, 8, 14, 7, 9, 0, 0, 21, 47, 21, 47, 0, 0, 12, 27, 44, 12, 15, 44, 15, 27, 0, 0, 48, 37, 30, 30, 37, 48, 0, 0, 29, 29, 31, 32, 20, 20, 42, 42, 32, 31, 0, 0, 45, 50, 39, 19, 50, 19, 39, 45, 0, 0, 2, 1, 6, 2, 1, 6, 0, 0, 5, 5, 0, 0, 18, 18, 22, 22, 24, 24, 0, 0, 34, 49, 35, 49, 35, 13, 13, 34, 0, 0, 28, 40, 40, 33, 43, 33, 28, 43, 0]
113	Individual - 	1130	139	619	31	1	12	[0, 3, 4, 23, 3, 4, 46, 23, 46, 0, 0, 25, 25, 8, 7, 14, 9, 8, 14, 7, 9, 0, 0, 21, 47, 21, 47, 0, 0, 12, 27, 44, 12, 15, 44, 15, 27, 0, 0, 48, 37, 30, 30, 37, 48, 0, 0, 29, 29, 31, 32, 20, 20, 42, 42, 32, 31, 0, 0, 45, 50, 39, 19, 50, 19, 39, 45, 0, 0, 2, 1, 6, 2, 1, 6, 0, 0, 5, 5, 0, 0, 18, 18, 22, 22, 24, 24, 0, 0, 34, 49, 35, 49, 35, 13, 13, 34, 0, 0, 28, 40, 40, 33, 43, 33, 28, 43, 0]
114	Individual - 	1130	139	619	31	1	12	[0, 3, 4, 23, 3, 4, 46, 23, 46, 0, 0, 25, 25, 8, 7, 14, 9, 8, 14, 7, 9, 0, 0, 21, 47, 21, 47, 0, 0, 12, 27, 44, 12, 15, 44, 15, 27, 0, 0, 48, 37, 30, 30, 37, 48, 0, 0, 29, 29, 31, 32, 20, 20, 42, 42, 32, 31, 0, 0, 45, 50, 39, 19, 50, 19, 39, 45, 0, 0, 2, 1, 6, 2, 1, 6, 0, 0, 5, 5, 0, 0, 18, 18, 22, 22, 24, 24, 0, 0, 34, 49, 35, 49, 35, 13, 13, 34, 0, 0, 28, 40, 40, 33, 43, 33, 28, 43, 0]
115	Individual - 	1130	139	619	31	1	12	[0, 3, 4, 23, 3, 4, 46, 23, 46, 0, 0, 25, 25, 8, 7, 14, 9, 8, 14, 7, 9, 0, 0, 21, 47, 21, 47, 0, 0, 12, 27, 44, 12, 15, 44, 15, 27, 0, 0, 48, 37, 30, 30, 37, 48, 0, 0, 29, 29, 31, 32, 20, 20, 42, 42, 32, 31, 0, 0, 45, 50, 39, 19, 50, 19, 39, 45, 0, 0, 2, 1, 6, 2, 1, 6, 0, 0, 5, 5, 0, 0, 18, 18, 22, 22, 24, 24, 0, 0, 34, 49, 35, 49, 35, 13, 13, 34, 0, 0, 28, 40, 40, 33, 43, 33, 28, 43, 0]
116	Individual - 	1130	139	619	31	1	12	[0, 3, 4, 23, 3, 4, 46, 23, 46, 0, 0, 25, 25, 8, 7, 14, 9, 8, 14, 7, 9, 0, 0, 21, 47, 21, 47, 0, 0, 12, 27, 44, 12, 15, 44, 15, 27, 0, 0, 48, 37, 30, 30, 37, 48, 0, 0, 29, 29, 31, 32, 20, 20, 42, 42, 32, 31, 0, 0, 45, 50, 39, 19, 50, 19, 39, 45, 0, 0, 2, 1, 6, 2, 1, 6, 0, 0, 5, 5, 0, 0, 18, 18, 22, 22, 24, 24, 0, 0, 34, 49, 35, 49, 35, 13, 13, 34, 0, 0, 28, 40, 40, 33, 43, 33, 28, 43, 0]
117	Individual - 	1130	139	619	31	1	12	[0, 3, 4, 23, 3, 4, 46, 23, 46, 0, 0, 25, 25, 8, 7, 14, 9, 8, 14, 7, 9, 0, 0, 21, 47, 21, 47, 0, 0, 12, 27, 44, 12, 15, 44, 15, 27, 0, 0, 48, 37, 30, 30, 37, 48, 0, 0, 29, 29, 31, 32, 20, 20, 42, 42, 32, 31, 0, 0, 45, 50, 39, 19, 50, 19, 39, 45, 0, 0, 2, 1, 6, 2, 1, 6, 0, 0, 5, 5, 0, 0, 18, 18, 22, 22, 24, 24, 0, 0, 34, 49, 35, 49, 35, 13, 13, 34, 0, 0, 28, 40, 40, 33, 43, 33, 28, 43, 0]
118	Individual - 	1130	139	619	31	1	12	[0, 3, 4, 23, 3, 4, 46, 23, 46, 0, 0, 25, 25, 8, 7, 14, 9, 8, 14, 7, 9, 0, 0, 21, 47, 21, 47, 0, 0, 12, 27, 44, 12, 15, 44, 15, 27, 0, 0, 48, 37, 30, 30, 37, 48, 0, 0, 29, 29, 31, 32, 20, 20, 42, 42, 32, 31, 0, 0, 45, 50, 39, 19, 50, 19, 39, 45, 0, 0, 2, 1, 6, 2, 1, 6, 0, 0, 5, 5, 0, 0, 18, 18, 22, 22, 24, 24, 0, 0, 34, 49, 35, 49, 35, 13, 13, 34, 0, 0, 28, 40, 40, 33, 43, 33, 28, 43, 0]
119	Individual - 	1130	139	619	31	1	12	[0, 3, 4, 23, 3, 4, 46, 23, 46, 0, 0, 25, 25, 8, 7, 14, 9, 8, 14, 7, 9, 0, 0, 21, 47, 21, 47, 0, 0, 12, 27, 44, 12, 15, 44, 15, 27, 0, 0, 48, 37, 30, 30, 37, 48, 0, 0, 29, 29, 31, 32, 20, 20, 42, 42, 32, 31, 0, 0, 45, 50, 39, 19, 50, 19, 39, 45, 0, 0, 2, 1, 6, 2, 1, 6, 0, 0, 5, 5, 0, 0, 18, 18, 22, 22, 24, 24, 0, 0, 34, 49, 35, 49, 35, 13, 13, 34, 0, 0, 28, 40, 40, 33, 43, 33, 28, 43, 0]
120	Individual - 	1130	139	619	31	1	12	[0, 3, 4, 23, 3, 4, 46, 23, 46, 0, 0, 25, 25, 8, 7, 14, 9, 8, 14, 7, 9, 0, 0, 21, 47, 21, 47, 0, 0, 12, 27, 44, 12, 15, 44, 15, 27, 0, 0, 48, 37, 30, 30, 37, 48, 0, 0, 29, 29, 31, 32, 20, 20, 42, 42, 32, 31, 0, 0, 45, 50, 39, 19, 50, 19, 39, 45, 0, 0, 2, 1, 6, 2, 1, 6, 0, 0, 5, 5, 0, 0, 18, 18, 22, 22, 24, 24, 0, 0, 34, 49, 35, 49, 35, 13, 13, 34, 0, 0, 28, 40, 40, 33, 43, 33, 28, 43, 0]
121	Individual - 	1130	139	619	31	1	12	[0, 3, 4, 23, 3, 4, 46, 23, 46, 0, 0, 25, 25, 8, 7, 14, 9, 8, 14, 7, 9, 0, 0, 21, 47, 21, 47, 0, 0, 12, 27, 44, 12, 15, 44, 15, 27, 0, 0, 48, 37, 30, 30, 37, 48, 0, 0, 29, 29, 31, 32, 20, 20, 42, 42, 32, 31, 0, 0, 45, 50, 39, 19, 50, 19, 39, 45, 0, 0, 2, 1, 6, 2, 1, 6, 0, 0, 5, 5, 0, 0, 18, 18, 22, 22, 24, 24, 0, 0, 34, 49, 35, 49, 35, 13, 13, 34, 0, 0, 28, 40, 40, 33, 43, 33, 28, 43, 0]
122	Individual - 	1130	139	619	31	1	12	[0, 3, 4, 23, 3, 4, 46, 23, 46, 0, 0, 25, 25, 8, 7, 14, 9, 8, 14, 7, 9, 0, 0, 21, 47, 21, 47, 0, 0, 12, 27, 44, 12, 15, 44, 15, 27, 0, 0, 48, 37, 30, 30, 37, 48, 0, 0, 29, 29, 31, 32, 20, 20, 42, 42, 32, 31, 0, 0, 45, 50, 39, 19, 50, 19, 39, 45, 0, 0, 2, 1, 6, 2, 1, 6, 0, 0, 5, 5, 0, 0, 18, 18, 22, 22, 24, 24, 0, 0, 34, 49, 35, 49, 35, 13, 13, 34, 0, 0, 28, 40, 40, 33, 43, 33, 28, 43, 0]
123	Individual - 	1130	139	619	31	1	12	[0, 3, 4, 23, 3, 4, 46, 23, 46, 0, 0, 25, 25, 8, 7, 14, 9, 8, 14, 7, 9, 0, 0, 21, 47, 21, 47, 0, 0, 12, 27, 44, 12, 15, 44, 15, 27, 0, 0, 48, 37, 30, 30, 37, 48, 0, 0, 29, 29, 31, 32, 20, 20, 42, 42, 32, 31, 0, 0, 45, 50, 39, 19, 50, 19, 39, 45, 0, 0, 2, 1, 6, 2, 1, 6, 0, 0, 5, 5, 0, 0, 18, 18, 22, 22, 24, 24, 0, 0, 34, 49, 35, 49, 35, 13, 13, 34, 0, 0, 28, 40, 40, 33, 43, 33, 28, 43, 0]
124	Individual - 	1130	139	619	31	1	12	[0, 3, 4, 23, 3, 4, 46, 23, 46, 0, 0, 25, 25, 8, 7, 14, 9, 8, 14, 7, 9, 0, 0, 21, 47, 21, 47, 0, 0, 12, 27, 44, 12, 15, 44, 15, 27, 0, 0, 48, 37, 30, 30, 37, 48, 0, 0, 29, 29, 31, 32, 20, 20, 42, 42, 32, 31, 0, 0, 45, 50, 39, 19, 50, 19, 39, 45, 0, 0, 2, 1, 6, 2, 1, 6, 0, 0, 5, 5, 0, 0, 18, 18, 22, 22, 24, 24, 0, 0, 34, 49, 35, 49, 35, 13, 13, 34, 0, 0, 28, 40, 40, 33, 43, 33, 28, 43, 0]
125	Individual - 	1130	139	619	31	1	12	[0, 3, 4, 23, 3, 4, 46, 23, 46, 0, 0, 25, 25, 8, 7, 14, 9, 8, 14, 7, 9, 0, 0, 21, 47, 21, 47, 0, 0, 12, 27, 44, 12, 15, 44, 15, 27, 0, 0, 48, 37, 30, 30, 37, 48, 0, 0, 29, 29, 31, 32, 20, 20, 42, 42, 32, 31, 0, 0, 45, 50, 39, 19, 50, 19, 39, 45, 0, 0, 2, 1, 6, 2, 1, 6, 0, 0, 5, 5, 0, 0, 18, 18, 22, 22, 24, 24, 0, 0, 34, 49, 35, 49, 35, 13, 13, 34, 0, 0, 28, 40, 40, 33, 43, 33, 28, 43, 0]
126	Individual - 	1130	139	619	31	1	12	[0, 3, 4, 23, 3, 4, 46, 23, 46, 0, 0, 25, 25, 8, 7, 14, 9, 8, 14, 7, 9, 0, 0, 21, 47, 21, 47, 0, 0, 12, 27, 44, 12, 15, 44, 15, 27, 0, 0, 48, 37, 30, 30, 37, 48, 0, 0, 29, 29, 31, 32, 20, 20, 42, 42, 32, 31, 0, 0, 45, 50, 39, 19, 50, 19, 39, 45, 0, 0, 2, 1, 6, 2, 1, 6, 0, 0, 5, 5, 0, 0, 18, 18, 22, 22, 24, 24, 0, 0, 34, 49, 35, 49, 35, 13, 13, 34, 0, 0, 28, 40, 40, 33, 43, 33, 28, 43, 0]
127	Individual - 	1130	139	619	31	1	12	[0, 3, 4, 23, 3, 4, 46, 23, 46, 0, 0, 25, 25, 8, 7, 14, 9, 8, 14, 7, 9, 0, 0, 21, 47, 21, 47, 0, 0, 12, 27, 44, 12, 15, 44, 15, 27, 0, 0, 48, 37, 30, 30, 37, 48, 0, 0, 29, 29, 31, 32, 20, 20, 42, 42, 32, 31, 0, 0, 45, 50, 39, 19, 50, 19, 39, 45, 0, 0, 2, 1, 6, 2, 1, 6, 0, 0, 5, 5, 0, 0, 18, 18, 22, 22, 24, 24, 0, 0, 34, 49, 35, 49, 35, 13, 13, 34, 0, 0, 28, 40, 40, 33, 43, 33, 28, 43, 0]
128	Individual - 	1130	139	619	31	1	12	[0, 3, 4, 23, 3, 4, 46, 23, 46, 0, 0, 25, 25, 8, 7, 14, 9, 8, 14, 7, 9, 0, 0, 21, 47, 21, 47, 0, 0, 12, 27, 44, 12, 15, 44, 15, 27, 0, 0, 48, 37, 30, 30, 37, 48, 0, 0, 29, 29, 31, 32, 20, 20, 42, 42, 32, 31, 0, 0, 45, 50, 39, 19, 50, 19, 39, 45, 0, 0, 2, 1, 6, 2, 1, 6, 0, 0, 5, 5, 0, 0, 18, 18, 22, 22, 24, 24, 0, 0, 34, 49, 35, 49, 35, 13, 13, 34, 0, 0, 28, 40, 40, 33, 43, 33, 28, 43, 0]
129	Individual - 	1130	139	619	31	1	12	[0, 3, 4, 23, 3, 4, 46, 23, 46, 0, 0, 25, 25, 8, 7, 14, 9, 8, 14, 7, 9, 0, 0, 21, 47, 21, 47, 0, 0, 12, 27, 44, 12, 15, 44, 15, 27, 0, 0, 48, 37, 30, 30, 37, 48, 0, 0, 29, 29, 31, 32, 20, 20, 42, 42, 32, 31, 0, 0, 45, 50, 39, 19, 50, 19, 39, 45, 0, 0, 2, 1, 6, 2, 1, 6, 0, 0, 5, 5, 0, 0, 18, 18, 22, 22, 24, 24, 0, 0, 34, 49, 35, 49, 35, 13, 13, 34, 0, 0, 28, 40, 40, 33, 43, 33, 28, 43, 0]
130	Individual - 	1130	139	619	31	1	12	[0, 3, 4, 23, 3, 4, 46, 23, 46, 0, 0, 25, 25, 8, 7, 14, 9, 8, 14, 7, 9, 0, 0, 21, 47, 21, 47, 0, 0, 12, 27, 44, 12, 15, 44, 15, 27, 0, 0, 48, 37, 30, 30, 37, 48, 0, 0, 29, 29, 31, 32, 20, 20, 42, 42, 32, 31, 0, 0, 45, 50, 39, 19, 50, 19, 39, 45, 0, 0, 2, 1, 6, 2, 1, 6, 0, 0, 5, 5, 0, 0, 18, 18, 22, 22, 24, 24, 0, 0, 34, 49, 35, 49, 35, 13, 13, 34, 0, 0, 28, 40, 40, 33, 43, 33, 28, 43, 0]
131	Individual - 	1130	139	619	31	1	12	[0, 3, 4, 23, 3, 4, 46, 23, 46, 0, 0, 25, 25, 8, 7, 14, 9, 8, 14, 7, 9, 0, 0, 21, 47, 21, 47, 0, 0, 12, 27, 44, 12, 15, 44, 15, 27, 0, 0, 48, 37, 30, 30, 37, 48, 0, 0, 29, 29, 31, 32, 20, 20, 42, 42, 32, 31, 0, 0, 45, 50, 39, 19, 50, 19, 39, 45, 0, 0, 2, 1, 6, 2, 1, 6, 0, 0, 5, 5, 0, 0, 18, 18, 22, 22, 24, 24, 0, 0, 34, 49, 35, 49, 35, 13, 13, 34, 0, 0, 28, 40, 40, 33, 43, 33, 28, 43, 0]
132	Individual - 	1130	139	619	31	1	12	[0, 3, 4, 23, 3, 4, 46, 23, 46, 0, 0, 25, 25, 8, 7, 14, 9, 8, 14, 7, 9, 0, 0, 21, 47, 21, 47, 0, 0, 12, 27, 44, 12, 15, 44, 15, 27, 0, 0, 48, 37, 30, 30, 37, 48, 0, 0, 29, 29, 31, 32, 20, 20, 42, 42, 32, 31, 0, 0, 45, 50, 39, 19, 50, 19, 39, 45, 0, 0, 2, 1, 6, 2, 1, 6, 0, 0, 5, 5, 0, 0, 18, 18, 22, 22, 24, 24, 0, 0, 34, 49, 35, 49, 35, 13, 13, 34, 0, 0, 28, 40, 40, 33, 43, 33, 28, 43, 0]
133	Individual - 	1130	139	619	31	1	12	[0, 3, 4, 23, 3, 4, 46, 23, 46, 0, 0, 25, 25, 8, 7, 14, 9, 8, 14, 7, 9, 0, 0, 21, 47, 21, 47, 0, 0, 12, 27, 44, 12, 15, 44, 15, 27, 0, 0, 48, 37, 30, 30, 37, 48, 0, 0, 29, 29, 31, 32, 20, 20, 42, 42, 32, 31, 0, 0, 45, 50, 39, 19, 50, 19, 39, 45, 0, 0, 2, 1, 6, 2, 1, 6, 0, 0, 5, 5, 0, 0, 18, 18, 22, 22, 24, 24, 0, 0, 34, 49, 35, 49, 35, 13, 13, 34, 0, 0, 28, 40, 40, 33, 43, 33, 28, 43, 0]
134	Individual - 	1130	139	619	31	1	12	[0, 3, 4, 23, 3, 4, 46, 23, 46, 0, 0, 25, 25, 8, 7, 14, 9, 8, 14, 7, 9, 0, 0, 21, 47, 21, 47, 0, 0, 12, 27, 44, 12, 15, 44, 15, 27, 0, 0, 48, 37, 30, 30, 37, 48, 0, 0, 29, 29, 31, 32, 20, 20, 42, 42, 32, 31, 0, 0, 45, 50, 39, 19, 50, 19, 39, 45, 0, 0, 2, 1, 6, 2, 1, 6, 0, 0, 5, 5, 0, 0, 18, 18, 22, 22, 24, 24, 0, 0, 34, 49, 35, 49, 35, 13, 13, 34, 0, 0, 28, 40, 40, 33, 43, 33, 28, 43, 0]
135	Individual - 	1130	139	619	31	1	12	[0, 3, 4, 23, 3, 4, 46, 23, 46, 0, 0, 25, 25, 8, 7, 14, 9, 8, 14, 7, 9, 0, 0, 21, 47, 21, 47, 0, 0, 12, 27, 44, 12, 15, 44, 15, 27, 0, 0, 48, 37, 30, 30, 37, 48, 0, 0, 29, 29, 31, 32, 20, 20, 42, 42, 32, 31, 0, 0, 45, 50, 39, 19, 50, 19, 39, 45, 0, 0, 2, 1, 6, 2, 1, 6, 0, 0, 5, 5, 0, 0, 18, 18, 22, 22, 24, 24, 0, 0, 34, 49, 35, 49, 35, 13, 13, 34, 0, 0, 28, 40, 40, 33, 43, 33, 28, 43, 0]
136	Individual - 	1130	139	619	31	1	12	[0, 3, 4, 23, 3, 4, 46, 23, 46, 0, 0, 25, 25, 8, 7, 14, 9, 8, 14, 7, 9, 0, 0, 21, 47, 21, 47, 0, 0, 12, 27, 44, 12, 15, 44, 15, 27, 0, 0, 48, 37, 30, 30, 37, 48, 0, 0, 29, 29, 31, 32, 20, 20, 42, 42, 32, 31, 0, 0, 45, 50, 39, 19, 50, 19, 39, 45, 0, 0, 2, 1, 6, 2, 1, 6, 0, 0, 5, 5, 0, 0, 18, 18, 22, 22, 24, 24, 0, 0, 34, 49, 35, 49, 35, 13, 13, 34, 0, 0, 28, 40, 40, 33, 43, 33, 28, 43, 0]
137	Individual - 	1130	139	619	31	1	12	[0, 3, 4, 23, 3, 4, 46, 23, 46, 0, 0, 25, 25, 8, 7, 14, 9, 8, 14, 7, 9, 0, 0, 21, 47, 21, 47, 0, 0, 12, 27, 44, 12, 15, 44, 15, 27, 0, 0, 48, 37, 30, 30, 37, 48, 0, 0, 29, 29, 31, 32, 20, 20, 42, 42, 32, 31, 0, 0, 45, 50, 39, 19, 50, 19, 39, 45, 0, 0, 2, 1, 6, 2, 1, 6, 0, 0, 5, 5, 0, 0, 18, 18, 22, 22, 24, 24, 0, 0, 34, 49, 35, 49, 35, 13, 13, 34, 0, 0, 28, 40, 40, 33, 43, 33, 28, 43, 0]
138	Individual - 	1130	139	619	31	1	12	[0, 3, 4, 23, 3, 4, 46, 23, 46, 0, 0, 25, 25, 8, 7, 14, 9, 8, 14, 7, 9, 0, 0, 21, 47, 21, 47, 0, 0, 12, 27, 44, 12, 15, 44, 15, 27, 0, 0, 48, 37, 30, 30, 37, 48, 0, 0, 29, 29, 31, 32, 20, 20, 42, 42, 32, 31, 0, 0, 45, 50, 39, 19, 50, 19, 39, 45, 0, 0, 2, 1, 6, 2, 1, 6, 0, 0, 5, 5, 0, 0, 18, 18, 22, 22, 24, 24, 0, 0, 34, 49, 35, 49, 35, 13, 13, 34, 0, 0, 28, 40, 40, 33, 43, 33, 28, 43, 0]
139	Individual - 	1130	139	619	31	1	12	[0, 3, 4, 23, 3, 4, 46, 23, 46, 0, 0, 25, 25, 8, 7, 14, 9, 8, 14, 7, 9, 0, 0, 21, 47, 21, 47, 0, 0, 12, 27, 44, 12, 15, 44, 15, 27, 0, 0, 48, 37, 30, 30, 37, 48, 0, 0, 29, 29, 31, 32, 20, 20, 42, 42, 32, 31, 0, 0, 45, 50, 39, 19, 50, 19, 39, 45, 0, 0, 2, 1, 6, 2, 1, 6, 0, 0, 5, 5, 0, 0, 18, 18, 22, 22, 24, 24, 0, 0, 34, 49, 35, 49, 35, 13, 13, 34, 0, 0, 28, 40, 40, 33, 43, 33, 28, 43, 0]
140	Individual - 	1130	139	619	31	1	12	[0, 3, 4, 23, 3, 4, 46, 23, 46, 0, 0, 25, 25, 8, 7, 14, 9, 8, 14, 7, 9, 0, 0, 21, 47, 21, 47, 0, 0, 12, 27, 44, 12, 15, 44, 15, 27, 0, 0, 48, 37, 30, 30, 37, 48, 0, 0, 29, 29, 31, 32, 20, 20, 42, 42, 32, 31, 0, 0, 45, 50, 39, 19, 50, 19, 39, 45, 0, 0, 2, 1, 6, 2, 1, 6, 0, 0, 5, 5, 0, 0, 18, 18, 22, 22, 24, 24, 0, 0, 34, 49, 35, 49, 35, 13, 13, 34, 0, 0, 28, 40, 40, 33, 43, 33, 28, 43, 0]
141	Individual - 	1130	139	619	31	1	12	[0, 3, 4, 23, 3, 4, 46, 23, 46, 0, 0, 25, 25, 8, 7, 14, 9, 8, 14, 7, 9, 0, 0, 21, 47, 21, 47, 0, 0, 12, 27, 44, 12, 15, 44, 15, 27, 0, 0, 48, 37, 30, 30, 37, 48, 0, 0, 29, 29, 31, 32, 20, 20, 42, 42, 32, 31, 0, 0, 45, 50, 39, 19, 50, 19, 39, 45, 0, 0, 2, 1, 6, 2, 1, 6, 0, 0, 5, 5, 0, 0, 18, 18, 22, 22, 24, 24, 0, 0, 34, 49, 35, 49, 35, 13, 13, 34, 0, 0, 28, 40, 40, 33, 43, 33, 28, 43, 0]
142	Individual - 	1130	139	619	31	1	12	[0, 3, 4, 23, 3, 4, 46, 23, 46, 0, 0, 25, 25, 8, 7, 14, 9, 8, 14, 7, 9, 0, 0, 21, 47, 21, 47, 0, 0, 12, 27, 44, 12, 15, 44, 15, 27, 0, 0, 48, 37, 30, 30, 37, 48, 0, 0, 29, 29, 31, 32, 20, 20, 42, 42, 32, 31, 0, 0, 45, 50, 39, 19, 50, 19, 39, 45, 0, 0, 2, 1, 6, 2, 1, 6, 0, 0, 5, 5, 0, 0, 18, 18, 22, 22, 24, 24, 0, 0, 34, 49, 35, 49, 35, 13, 13, 34, 0, 0, 28, 40, 40, 33, 43, 33, 28, 43, 0]
143	Individual - 	1130	139	619	31	1	12	[0, 3, 4, 23, 3, 4, 46, 23, 46, 0, 0, 25, 25, 8, 7, 14, 9, 8, 14, 7, 9, 0, 0, 21, 47, 21, 47, 0, 0, 12, 27, 44, 12, 15, 44, 15, 27, 0, 0, 48, 37, 30, 30, 37, 48, 0, 0, 29, 29, 31, 32, 20, 20, 42, 42, 32, 31, 0, 0, 45, 50, 39, 19, 50, 19, 39, 45, 0, 0, 2, 1, 6, 2, 1, 6, 0, 0, 5, 5, 0, 0, 18, 18, 22, 22, 24, 24, 0, 0, 34, 49, 35, 49, 35, 13, 13, 34, 0, 0, 28, 40, 40, 33, 43, 33, 28, 43, 0]
144	Individual - 	1130	139	619	31	1	12	[0, 3, 4, 23, 3, 4, 46, 23, 46, 0, 0, 25, 25, 8, 7, 14, 9, 8, 14, 7, 9, 0, 0, 21, 47, 21, 47, 0, 0, 12, 27, 44, 12, 15, 44, 15, 27, 0, 0, 48, 37, 30, 30, 37, 48, 0, 0, 29, 29, 31, 32, 20, 20, 42, 42, 32, 31, 0, 0, 45, 50, 39, 19, 50, 19, 39, 45, 0, 0, 2, 1, 6, 2, 1, 6, 0, 0, 5, 5, 0, 0, 18, 18, 22, 22, 24, 24, 0, 0, 34, 49, 35, 49, 35, 13, 13, 34, 0, 0, 28, 40, 40, 33, 43, 33, 28, 43, 0]
145	Individual - 	1130	139	619	31	1	12	[0, 3, 4, 23, 3, 4, 46, 23, 46, 0, 0, 25, 25, 8, 7, 14, 9, 8, 14, 7, 9, 0, 0, 21, 47, 21, 47, 0, 0, 12, 27, 44, 12, 15, 44, 15, 27, 0, 0, 48, 37, 30, 30, 37, 48, 0, 0, 29, 29, 31, 32, 20, 20, 42, 42, 32, 31, 0, 0, 45, 50, 39, 19, 50, 19, 39, 45, 0, 0, 2, 1, 6, 2, 1, 6, 0, 0, 5, 5, 0, 0, 18, 18, 22, 22, 24, 24, 0, 0, 34, 49, 35, 49, 35, 13, 13, 34, 0, 0, 28, 40, 40, 33, 43, 33, 28, 43, 0]
146	Individual - 	1130	139	619	31	1	12	[0, 3, 4, 23, 3, 4, 46, 23, 46, 0, 0, 25, 25, 8, 7, 14, 9, 8, 14, 7, 9, 0, 0, 21, 47, 21, 47, 0, 0, 12, 27, 44, 12, 15, 44, 15, 27, 0, 0, 48, 37, 30, 30, 37, 48, 0, 0, 29, 29, 31, 32, 20, 20, 42, 42, 32, 31, 0, 0, 45, 50, 39, 19, 50, 19, 39, 45, 0, 0, 2, 1, 6, 2, 1, 6, 0, 0, 5, 5, 0, 0, 18, 18, 22, 22, 24, 24, 0, 0, 34, 49, 35, 49, 35, 13, 13, 34, 0, 0, 28, 40, 40, 33, 43, 33, 28, 43, 0]
147	Individual - 	1130	139	619	31	1	12	[0, 3, 4, 23, 3, 4, 46, 23, 46, 0, 0, 25, 25, 8, 7, 14, 9, 8, 14, 7, 9, 0, 0, 21, 47, 21, 47, 0, 0, 12, 27, 44, 12, 15, 44, 15, 27, 0, 0, 48, 37, 30, 30, 37, 48, 0, 0, 29, 29, 31, 32, 20, 20, 42, 42, 32, 31, 0, 0, 45, 50, 39, 19, 50, 19, 39, 45, 0, 0, 2, 1, 6, 2, 1, 6, 0, 0, 5, 5, 0, 0, 18, 18, 22, 22, 24, 24, 0, 0, 34, 49, 35, 49, 35, 13, 13, 34, 0, 0, 28, 40, 40, 33, 43, 33, 28, 43, 0]
148	Individual - 	1130	139	619	31	1	12	[0, 3, 4, 23, 3, 4, 46, 23, 46, 0, 0, 25, 25, 8, 7, 14, 9, 8, 14, 7, 9, 0, 0, 21, 47, 21, 47, 0, 0, 12, 27, 44, 12, 15, 44, 15, 27, 0, 0, 48, 37, 30, 30, 37, 48, 0, 0, 29, 29, 31, 32, 20, 20, 42, 42, 32, 31, 0, 0, 45, 50, 39, 19, 50, 19, 39, 45, 0, 0, 2, 1, 6, 2, 1, 6, 0, 0, 5, 5, 0, 0, 18, 18, 22, 22, 24, 24, 0, 0, 34, 49, 35, 49, 35, 13, 13, 34, 0, 0, 28, 40, 40, 33, 43, 33, 28, 43, 0]
149	Individual - 	1130	139	619	31	1	12	[0, 3, 4, 23, 3, 4, 46, 23, 46, 0, 0, 25, 25, 8, 7, 14, 9, 8, 14, 7, 9, 0, 0, 21, 47, 21, 47, 0, 0, 12, 27, 44, 12, 15, 44, 15, 27, 0, 0, 48, 37, 30, 30, 37, 48, 0, 0, 29, 29, 31, 32, 20, 20, 42, 42, 32, 31, 0, 0, 45, 50, 39, 19, 50, 19, 39, 45, 0, 0, 2, 1, 6, 2, 1, 6, 0, 0, 5, 5, 0, 0, 18, 18, 22, 22, 24, 24, 0, 0, 34, 49, 35, 49, 35, 13, 13, 34, 0, 0, 28, 40, 40, 33, 43, 33, 28, 43, 0]
150	Individual - 	1130	139	619	31	1	12	[0, 3, 4, 23, 3, 4, 46, 23, 46, 0, 0, 25, 25, 8, 7, 14, 9, 8, 14, 7, 9, 0, 0, 21, 47, 21, 47, 0, 0, 12, 27, 44, 12, 15, 44, 15, 27, 0, 0, 48, 37, 30, 30, 37, 48, 0, 0, 29, 29, 31, 32, 20, 20, 42, 42, 32, 31, 0, 0, 45, 50, 39, 19, 50, 19, 39, 45, 0, 0, 2, 1, 6, 2, 1, 6, 0, 0, 5, 5, 0, 0, 18, 18, 22, 22, 24, 24, 0, 0, 34, 49, 35, 49, 35, 13, 13, 34, 0, 0, 28, 40, 40, 33, 43, 33, 28, 43, 0]
151	Individual - 	1130	139	619	31	1	12	[0, 3, 4, 23, 3, 4, 46, 23, 46, 0, 0, 25, 25, 8, 7, 14, 9, 8, 14, 7, 9, 0, 0, 21, 47, 21, 47, 0, 0, 12, 27, 44, 12, 15, 44, 15, 27, 0, 0, 48, 37, 30, 30, 37, 48, 0, 0, 29, 29, 31, 32, 20, 20, 42, 42, 32, 31, 0, 0, 45, 50, 39, 19, 50, 19, 39, 45, 0, 0, 2, 1, 6, 2, 1, 6, 0, 0, 5, 5, 0, 0, 18, 18, 22, 22, 24, 24, 0, 0, 34, 49, 35, 49, 35, 13, 13, 34, 0, 0, 28, 40, 40, 33, 43, 33, 28, 43, 0]
152	Individual - 	1130	139	619	31	1	12	[0, 3, 4, 23, 3, 4, 46, 23, 46, 0, 0, 25, 25, 8, 7, 14, 9, 8, 14, 7, 9, 0, 0, 21, 47, 21, 47, 0, 0, 12, 27, 44, 12, 15, 44, 15, 27, 0, 0, 48, 37, 30, 30, 37, 48, 0, 0, 29, 29, 31, 32, 20, 20, 42, 42, 32, 31, 0, 0, 45, 50, 39, 19, 50, 19, 39, 45, 0, 0, 2, 1, 6, 2, 1, 6, 0, 0, 5, 5, 0, 0, 18, 18, 22, 22, 24, 24, 0, 0, 34, 49, 35, 49, 35, 13, 13, 34, 0, 0, 28, 40, 40, 33, 43, 33, 28, 43, 0]
153	Individual - 	1130	139	619	31	1	12	[0, 3, 4, 23, 3, 4, 46, 23, 46, 0, 0, 25, 25, 8, 7, 14, 9, 8, 14, 7, 9, 0, 0, 21, 47, 21, 47, 0, 0, 12, 27, 44, 12, 15, 44, 15, 27, 0, 0, 48, 37, 30, 30, 37, 48, 0, 0, 29, 29, 31, 32, 20, 20, 42, 42, 32, 31, 0, 0, 45, 50, 39, 19, 50, 19, 39, 45, 0, 0, 2, 1, 6, 2, 1, 6, 0, 0, 5, 5, 0, 0, 18, 18, 22, 22, 24, 24, 0, 0, 34, 49, 35, 49, 35, 13, 13, 34, 0, 0, 28, 40, 40, 33, 43, 33, 28, 43, 0]
154	Individual - 	1130	139	619	31	1	12	[0, 3, 4, 23, 3, 4, 46, 23, 46, 0, 0, 25, 25, 8, 7, 14, 9, 8, 14, 7, 9, 0, 0, 21, 47, 21, 47, 0, 0, 12, 27, 44, 12, 15, 44, 15, 27, 0, 0, 48, 37, 30, 30, 37, 48, 0, 0, 29, 29, 31, 32, 20, 20, 42, 42, 32, 31, 0, 0, 45, 50, 39, 19, 50, 19, 39, 45, 0, 0, 2, 1, 6, 2, 1, 6, 0, 0, 5, 5, 0, 0, 18, 18, 22, 22, 24, 24, 0, 0, 34, 49, 35, 49, 35, 13, 13, 34, 0, 0, 28, 40, 40, 33, 43, 33, 28, 43, 0]
155	Individual - 	1130	139	619	31	1	12	[0, 3, 4, 23, 3, 4, 46, 23, 46, 0, 0, 25, 25, 8, 7, 14, 9, 8, 14, 7, 9, 0, 0, 21, 47, 21, 47, 0, 0, 12, 27, 44, 12, 15, 44, 15, 27, 0, 0, 48, 37, 30, 30, 37, 48, 0, 0, 29, 29, 31, 32, 20, 20, 42, 42, 32, 31, 0, 0, 45, 50, 39, 19, 50, 19, 39, 45, 0, 0, 2, 1, 6, 2, 1, 6, 0, 0, 5, 5, 0, 0, 18, 18, 22, 22, 24, 24, 0, 0, 34, 49, 35, 49, 35, 13, 13, 34, 0, 0, 28, 40, 40, 33, 43, 33, 28, 43, 0]
156	Individual - 	1130	139	619	31	1	12	[0, 3, 4, 23, 3, 4, 46, 23, 46, 0, 0, 25, 25, 8, 7, 14, 9, 8, 14, 7, 9, 0, 0, 21, 47, 21, 47, 0, 0, 12, 27, 44, 12, 15, 44, 15, 27, 0, 0, 48, 37, 30, 30, 37, 48, 0, 0, 29, 29, 31, 32, 20, 20, 42, 42, 32, 31, 0, 0, 45, 50, 39, 19, 50, 19, 39, 45, 0, 0, 2, 1, 6, 2, 1, 6, 0, 0, 5, 5, 0, 0, 18, 18, 22, 22, 24, 24, 0, 0, 34, 49, 35, 49, 35, 13, 13, 34, 0, 0, 28, 40, 40, 33, 43, 33, 28, 43, 0]
157	Individual - 	1130	139	619	31	1	12	[0, 3, 4, 23, 3, 4, 46, 23, 46, 0, 0, 25, 25, 8, 7, 14, 9, 8, 14, 7, 9, 0, 0, 21, 47, 21, 47, 0, 0, 12, 27, 44, 12, 15, 44, 15, 27, 0, 0, 48, 37, 30, 30, 37, 48, 0, 0, 29, 29, 31, 32, 20, 20, 42, 42, 32, 31, 0, 0, 45, 50, 39, 19, 50, 19, 39, 45, 0, 0, 2, 1, 6, 2, 1, 6, 0, 0, 5, 5, 0, 0, 18, 18, 22, 22, 24, 24, 0, 0, 34, 49, 35, 49, 35, 13, 13, 34, 0, 0, 28, 40, 40, 33, 43, 33, 28, 43, 0]
158	Individual - 	1130	139	619	31	1	12	[0, 3, 4, 23, 3, 4, 46, 23, 46, 0, 0, 25, 25, 8, 7, 14, 9, 8, 14, 7, 9, 0, 0, 21, 47, 21, 47, 0, 0, 12, 27, 44, 12, 15, 44, 15, 27, 0, 0, 48, 37, 30, 30, 37, 48, 0, 0, 29, 29, 31, 32, 20, 20, 42, 42, 32, 31, 0, 0, 45, 50, 39, 19, 50, 19, 39, 45, 0, 0, 2, 1, 6, 2, 1, 6, 0, 0, 5, 5, 0, 0, 18, 18, 22, 22, 24, 24, 0, 0, 34, 49, 35, 49, 35, 13, 13, 34, 0, 0, 28, 40, 40, 33, 43, 33, 28, 43, 0]
159	Individual - 	1130	139	619	31	1	12	[0, 3, 4, 23, 3, 4, 46, 23, 46, 0, 0, 25, 25, 8, 7, 14, 9, 8, 14, 7, 9, 0, 0, 21, 47, 21, 47, 0, 0, 12, 27, 44, 12, 15, 44, 15, 27, 0, 0, 48, 37, 30, 30, 37, 48, 0, 0, 29, 29, 31, 32, 20, 20, 42, 42, 32, 31, 0, 0, 45, 50, 39, 19, 50, 19, 39, 45, 0, 0, 2, 1, 6, 2, 1, 6, 0, 0, 5, 5, 0, 0, 18, 18, 22, 22, 24, 24, 0, 0, 34, 49, 35, 49, 35, 13, 13, 34, 0, 0, 28, 40, 40, 33, 43, 33, 28, 43, 0]
160	Individual - 	1130	139	619	31	1	12	[0, 3, 4, 23, 3, 4, 46, 23, 46, 0, 0, 25, 25, 8, 7, 14, 9, 8, 14, 7, 9, 0, 0, 21, 47, 21, 47, 0, 0, 12, 27, 44, 12, 15, 44, 15, 27, 0, 0, 48, 37, 30, 30, 37, 48, 0, 0, 29, 29, 31, 32, 20, 20, 42, 42, 32, 31, 0, 0, 45, 50, 39, 19, 50, 19, 39, 45, 0, 0, 2, 1, 6, 2, 1, 6, 0, 0, 5, 5, 0, 0, 18, 18, 22, 22, 24, 24, 0, 0, 34, 49, 35, 49, 35, 13, 13, 34, 0, 0, 28, 40, 40, 33, 43, 33, 28, 43, 0]
161	Individual - 	1130	139	619	31	1	12	[0, 3, 4, 23, 3, 4, 46, 23, 46, 0, 0, 25, 25, 8, 7, 14, 9, 8, 14, 7, 9, 0, 0, 21, 47, 21, 47, 0, 0, 12, 27, 44, 12, 15, 44, 15, 27, 0, 0, 48, 37, 30, 30, 37, 48, 0, 0, 29, 29, 31, 32, 20, 20, 42, 42, 32, 31, 0, 0, 45, 50, 39, 19, 50, 19, 39, 45, 0, 0, 2, 1, 6, 2, 1, 6, 0, 0, 5, 5, 0, 0, 18, 18, 22, 22, 24, 24, 0, 0, 34, 49, 35, 49, 35, 13, 13, 34, 0, 0, 28, 40, 40, 33, 43, 33, 28, 43, 0]
162	Individual - 	1130	139	619	31	1	12	[0, 3, 4, 23, 3, 4, 46, 23, 46, 0, 0, 25, 25, 8, 7, 14, 9, 8, 14, 7, 9, 0, 0, 21, 47, 21, 47, 0, 0, 12, 27, 44, 12, 15, 44, 15, 27, 0, 0, 48, 37, 30, 30, 37, 48, 0, 0, 29, 29, 31, 32, 20, 20, 42, 42, 32, 31, 0, 0, 45, 50, 39, 19, 50, 19, 39, 45, 0, 0, 2, 1, 6, 2, 1, 6, 0, 0, 5, 5, 0, 0, 18, 18, 22, 22, 24, 24, 0, 0, 34, 49, 35, 49, 35, 13, 13, 34, 0, 0, 28, 40, 40, 33, 43, 33, 28, 43, 0]
163	Individual - 	1130	139	619	31	1	12	[0, 3, 4, 23, 3, 4, 46, 23, 46, 0, 0, 25, 25, 8, 7, 14, 9, 8, 14, 7, 9, 0, 0, 21, 47, 21, 47, 0, 0, 12, 27, 44, 12, 15, 44, 15, 27, 0, 0, 48, 37, 30, 30, 37, 48, 0, 0, 29, 29, 31, 32, 20, 20, 42, 42, 32, 31, 0, 0, 45, 50, 39, 19, 50, 19, 39, 45, 0, 0, 2, 1, 6, 2, 1, 6, 0, 0, 5, 5, 0, 0, 18, 18, 22, 22, 24, 24, 0, 0, 34, 49, 35, 49, 35, 13, 13, 34, 0, 0, 28, 40, 40, 33, 43, 33, 28, 43, 0]
164	Individual - 	1130	139	619	31	1	12	[0, 3, 4, 23, 3, 4, 46, 23, 46, 0, 0, 25, 25, 8, 7, 14, 9, 8, 14, 7, 9, 0, 0, 21, 47, 21, 47, 0, 0, 12, 27, 44, 12, 15, 44, 15, 27, 0, 0, 48, 37, 30, 30, 37, 48, 0, 0, 29, 29, 31, 32, 20, 20, 42, 42, 32, 31, 0, 0, 45, 50, 39, 19, 50, 19, 39, 45, 0, 0, 2, 1, 6, 2, 1, 6, 0, 0, 5, 5, 0, 0, 18, 18, 22, 22, 24, 24, 0, 0, 34, 49, 35, 49, 35, 13, 13, 34, 0, 0, 28, 40, 40, 33, 43, 33, 28, 43, 0]
165	Individual - 	1130	139	619	31	1	12	[0, 3, 4, 23, 3, 4, 46, 23, 46, 0, 0, 25, 25, 8, 7, 14, 9, 8, 14, 7, 9, 0, 0, 21, 47, 21, 47, 0, 0, 12, 27, 44, 12, 15, 44, 15, 27, 0, 0, 48, 37, 30, 30, 37, 48, 0, 0, 29, 29, 31, 32, 20, 20, 42, 42, 32, 31, 0, 0, 45, 50, 39, 19, 50, 19, 39, 45, 0, 0, 2, 1, 6, 2, 1, 6, 0, 0, 5, 5, 0, 0, 18, 18, 22, 22, 24, 24, 0, 0, 34, 49, 35, 49, 35, 13, 13, 34, 0, 0, 28, 40, 40, 33, 43, 33, 28, 43, 0]
166	Individual - 	1130	139	619	31	1	12	[0, 3, 4, 23, 3, 4, 46, 23, 46, 0, 0, 25, 25, 8, 7, 14, 9, 8, 14, 7, 9, 0, 0, 21, 47, 21, 47, 0, 0, 12, 27, 44, 12, 15, 44, 15, 27, 0, 0, 48, 37, 30, 30, 37, 48, 0, 0, 29, 29, 31, 32, 20, 20, 42, 42, 32, 31, 0, 0, 45, 50, 39, 19, 50, 19, 39, 45, 0, 0, 2, 1, 6, 2, 1, 6, 0, 0, 5, 5, 0, 0, 18, 18, 22, 22, 24, 24, 0, 0, 34, 49, 35, 49, 35, 13, 13, 34, 0, 0, 28, 40, 40, 33, 43, 33, 28, 43, 0]
167	Individual - 	1130	139	619	31	1	12	[0, 3, 4, 23, 3, 4, 46, 23, 46, 0, 0, 25, 25, 8, 7, 14, 9, 8, 14, 7, 9, 0, 0, 21, 47, 21, 47, 0, 0, 12, 27, 44, 12, 15, 44, 15, 27, 0, 0, 48, 37, 30, 30, 37, 48, 0, 0, 29, 29, 31, 32, 20, 20, 42, 42, 32, 31, 0, 0, 45, 50, 39, 19, 50, 19, 39, 45, 0, 0, 2, 1, 6, 2, 1, 6, 0, 0, 5, 5, 0, 0, 18, 18, 22, 22, 24, 24, 0, 0, 34, 49, 35, 49, 35, 13, 13, 34, 0, 0, 28, 40, 40, 33, 43, 33, 28, 43, 0]
168	Individual - 	1130	139	619	31	1	12	[0, 3, 4, 23, 3, 4, 46, 23, 46, 0, 0, 25, 25, 8, 7, 14, 9, 8, 14, 7, 9, 0, 0, 21, 47, 21, 47, 0, 0, 12, 27, 44, 12, 15, 44, 15, 27, 0, 0, 48, 37, 30, 30, 37, 48, 0, 0, 29, 29, 31, 32, 20, 20, 42, 42, 32, 31, 0, 0, 45, 50, 39, 19, 50, 19, 39, 45, 0, 0, 2, 1, 6, 2, 1, 6, 0, 0, 5, 5, 0, 0, 18, 18, 22, 22, 24, 24, 0, 0, 34, 49, 35, 49, 35, 13, 13, 34, 0, 0, 28, 40, 40, 33, 43, 33, 28, 43, 0]
169	Individual - 	1130	139	619	31	1	12	[0, 3, 4, 23, 3, 4, 46, 23, 46, 0, 0, 25, 25, 8, 7, 14, 9, 8, 14, 7, 9, 0, 0, 21, 47, 21, 47, 0, 0, 12, 27, 44, 12, 15, 44, 15, 27, 0, 0, 48, 37, 30, 30, 37, 48, 0, 0, 29, 29, 31, 32, 20, 20, 42, 42, 32, 31, 0, 0, 45, 50, 39, 19, 50, 19, 39, 45, 0, 0, 2, 1, 6, 2, 1, 6, 0, 0, 5, 5, 0, 0, 18, 18, 22, 22, 24, 24, 0, 0, 34, 49, 35, 49, 35, 13, 13, 34, 0, 0, 28, 40, 40, 33, 43, 33, 28, 43, 0]
170	Individual - 	1130	139	619	31	1	12	[0, 3, 4, 23, 3, 4, 46, 23, 46, 0, 0, 25, 25, 8, 7, 14, 9, 8, 14, 7, 9, 0, 0, 21, 47, 21, 47, 0, 0, 12, 27, 44, 12, 15, 44, 15, 27, 0, 0, 48, 37, 30, 30, 37, 48, 0, 0, 29, 29, 31, 32, 20, 20, 42, 42, 32, 31, 0, 0, 45, 50, 39, 19, 50, 19, 39, 45, 0, 0, 2, 1, 6, 2, 1, 6, 0, 0, 5, 5, 0, 0, 18, 18, 22, 22, 24, 24, 0, 0, 34, 49, 35, 49, 35, 13, 13, 34, 0, 0, 28, 40, 40, 33, 43, 33, 28, 43, 0]
171	Individual - 	1130	139	619	31	1	12	[0, 3, 4, 23, 3, 4, 46, 23, 46, 0, 0, 25, 25, 8, 7, 14, 9, 8, 14, 7, 9, 0, 0, 21, 47, 21, 47, 0, 0, 12, 27, 44, 12, 15, 44, 15, 27, 0, 0, 48, 37, 30, 30, 37, 48, 0, 0, 29, 29, 31, 32, 20, 20, 42, 42, 32, 31, 0, 0, 45, 50, 39, 19, 50, 19, 39, 45, 0, 0, 2, 1, 6, 2, 1, 6, 0, 0, 5, 5, 0, 0, 18, 18, 22, 22, 24, 24, 0, 0, 34, 49, 35, 49, 35, 13, 13, 34, 0, 0, 28, 40, 40, 33, 43, 33, 28, 43, 0]
172	Individual - 	1130	139	619	31	1	12	[0, 3, 4, 23, 3, 4, 46, 23, 46, 0, 0, 25, 25, 8, 7, 14, 9, 8, 14, 7, 9, 0, 0, 21, 47, 21, 47, 0, 0, 12, 27, 44, 12, 15, 44, 15, 27, 0, 0, 48, 37, 30, 30, 37, 48, 0, 0, 29, 29, 31, 32, 20, 20, 42, 42, 32, 31, 0, 0, 45, 50, 39, 19, 50, 19, 39, 45, 0, 0, 2, 1, 6, 2, 1, 6, 0, 0, 5, 5, 0, 0, 18, 18, 22, 22, 24, 24, 0, 0, 34, 49, 35, 49, 35, 13, 13, 34, 0, 0, 28, 40, 40, 33, 43, 33, 28, 43, 0]
173	Individual - 	1130	139	619	31	1	12	[0, 3, 4, 23, 3, 4, 46, 23, 46, 0, 0, 25, 25, 8, 7, 14, 9, 8, 14, 7, 9, 0, 0, 21, 47, 21, 47, 0, 0, 12, 27, 44, 12, 15, 44, 15, 27, 0, 0, 48, 37, 30, 30, 37, 48, 0, 0, 29, 29, 31, 32, 20, 20, 42, 42, 32, 31, 0, 0, 45, 50, 39, 19, 50, 19, 39, 45, 0, 0, 2, 1, 6, 2, 1, 6, 0, 0, 5, 5, 0, 0, 18, 18, 22, 22, 24, 24, 0, 0, 34, 49, 35, 49, 35, 13, 13, 34, 0, 0, 28, 40, 40, 33, 43, 33, 28, 43, 0]
174	Individual - 	1130	139	619	31	1	12	[0, 3, 4, 23, 3, 4, 46, 23, 46, 0, 0, 25, 25, 8, 7, 14, 9, 8, 14, 7, 9, 0, 0, 21, 47, 21, 47, 0, 0, 12, 27, 44, 12, 15, 44, 15, 27, 0, 0, 48, 37, 30, 30, 37, 48, 0, 0, 29, 29, 31, 32, 20, 20, 42, 42, 32, 31, 0, 0, 45, 50, 39, 19, 50, 19, 39, 45, 0, 0, 2, 1, 6, 2, 1, 6, 0, 0, 5, 5, 0, 0, 18, 18, 22, 22, 24, 24, 0, 0, 34, 49, 35, 49, 35, 13, 13, 34, 0, 0, 28, 40, 40, 33, 43, 33, 28, 43, 0]
175	Individual - 	1130	139	619	31	1	12	[0, 3, 4, 23, 3, 4, 46, 23, 46, 0, 0, 25, 25, 8, 7, 14, 9, 8, 14, 7, 9, 0, 0, 21, 47, 21, 47, 0, 0, 12, 27, 44, 12, 15, 44, 15, 27, 0, 0, 48, 37, 30, 30, 37, 48, 0, 0, 29, 29, 31, 32, 20, 20, 42, 42, 32, 31, 0, 0, 45, 50, 39, 19, 50, 19, 39, 45, 0, 0, 2, 1, 6, 2, 1, 6, 0, 0, 5, 5, 0, 0, 18, 18, 22, 22, 24, 24, 0, 0, 34, 49, 35, 49, 35, 13, 13, 34, 0, 0, 28, 40, 40, 33, 43, 33, 28, 43, 0]
176	Individual - 	1130	139	619	31	1	12	[0, 3, 4, 23, 3, 4, 46, 23, 46, 0, 0, 25, 25, 8, 7, 14, 9, 8, 14, 7, 9, 0, 0, 21, 47, 21, 47, 0, 0, 12, 27, 44, 12, 15, 44, 15, 27, 0, 0, 48, 37, 30, 30, 37, 48, 0, 0, 29, 29, 31, 32, 20, 20, 42, 42, 32, 31, 0, 0, 45, 50, 39, 19, 50, 19, 39, 45, 0, 0, 2, 1, 6, 2, 1, 6, 0, 0, 5, 5, 0, 0, 18, 18, 22, 22, 24, 24, 0, 0, 34, 49, 35, 49, 35, 13, 13, 34, 0, 0, 28, 40, 40, 33, 43, 33, 28, 43, 0]
177	Individual - 	1130	139	619	31	1	12	[0, 3, 4, 23, 3, 4, 46, 23, 46, 0, 0, 25, 25, 8, 7, 14, 9, 8, 14, 7, 9, 0, 0, 21, 47, 21, 47, 0, 0, 12, 27, 44, 12, 15, 44, 15, 27, 0, 0, 48, 37, 30, 30, 37, 48, 0, 0, 29, 29, 31, 32, 20, 20, 42, 42, 32, 31, 0, 0, 45, 50, 39, 19, 50, 19, 39, 45, 0, 0, 2, 1, 6, 2, 1, 6, 0, 0, 5, 5, 0, 0, 18, 18, 22, 22, 24, 24, 0, 0, 34, 49, 35, 49, 35, 13, 13, 34, 0, 0, 28, 40, 40, 33, 43, 33, 28, 43, 0]
178	Individual - 	1130	139	619	31	1	12	[0, 3, 4, 23, 3, 4, 46, 23, 46, 0, 0, 25, 25, 8, 7, 14, 9, 8, 14, 7, 9, 0, 0, 21, 47, 21, 47, 0, 0, 12, 27, 44, 12, 15, 44, 15, 27, 0, 0, 48, 37, 30, 30, 37, 48, 0, 0, 29, 29, 31, 32, 20, 20, 42, 42, 32, 31, 0, 0, 45, 50, 39, 19, 50, 19, 39, 45, 0, 0, 2, 1, 6, 2, 1, 6, 0, 0, 5, 5, 0, 0, 18, 18, 22, 22, 24, 24, 0, 0, 34, 49, 35, 49, 35, 13, 13, 34, 0, 0, 28, 40, 40, 33, 43, 33, 28, 43, 0]
179	Individual - 	1130	139	619	31	1	12	[0, 3, 4, 23, 3, 4, 46, 23, 46, 0, 0, 25, 25, 8, 7, 14, 9, 8, 14, 7, 9, 0, 0, 21, 47, 21, 47, 0, 0, 12, 27, 44, 12, 15, 44, 15, 27, 0, 0, 48, 37, 30, 30, 37, 48, 0, 0, 29, 29, 31, 32, 20, 20, 42, 42, 32, 31, 0, 0, 45, 50, 39, 19, 50, 19, 39, 45, 0, 0, 2, 1, 6, 2, 1, 6, 0, 0, 5, 5, 0, 0, 18, 18, 22, 22, 24, 24, 0, 0, 34, 49, 35, 49, 35, 13, 13, 34, 0, 0, 28, 40, 40, 33, 43, 33, 28, 43, 0]
180	Individual - 	1130	139	619	31	1	12	[0, 3, 4, 23, 3, 4, 46, 23, 46, 0, 0, 25, 25, 8, 7, 14, 9, 8, 14, 7, 9, 0, 0, 21, 47, 21, 47, 0, 0, 12, 27, 44, 12, 15, 44, 15, 27, 0, 0, 48, 37, 30, 30, 37, 48, 0, 0, 29, 29, 31, 32, 20, 20, 42, 42, 32, 31, 0, 0, 45, 50, 39, 19, 50, 19, 39, 45, 0, 0, 2, 1, 6, 2, 1, 6, 0, 0, 5, 5, 0, 0, 18, 18, 22, 22, 24, 24, 0, 0, 34, 49, 35, 49, 35, 13, 13, 34, 0, 0, 28, 40, 40, 33, 43, 33, 28, 43, 0]
181	Individual - 	1130	139	619	31	1	12	[0, 3, 4, 23, 3, 4, 46, 23, 46, 0, 0, 25, 25, 8, 7, 14, 9, 8, 14, 7, 9, 0, 0, 21, 47, 21, 47, 0, 0, 12, 27, 44, 12, 15, 44, 15, 27, 0, 0, 48, 37, 30, 30, 37, 48, 0, 0, 29, 29, 31, 32, 20, 20, 42, 42, 32, 31, 0, 0, 45, 50, 39, 19, 50, 19, 39, 45, 0, 0, 2, 1, 6, 2, 1, 6, 0, 0, 5, 5, 0, 0, 18, 18, 22, 22, 24, 24, 0, 0, 34, 49, 35, 49, 35, 13, 13, 34, 0, 0, 28, 40, 40, 33, 43, 33, 28, 43, 0]
182	Individual - 	1130	139	619	31	1	12	[0, 3, 4, 23, 3, 4, 46, 23, 46, 0, 0, 25, 25, 8, 7, 14, 9, 8, 14, 7, 9, 0, 0, 21, 47, 21, 47, 0, 0, 12, 27, 44, 12, 15, 44, 15, 27, 0, 0, 48, 37, 30, 30, 37, 48, 0, 0, 29, 29, 31, 32, 20, 20, 42, 42, 32, 31, 0, 0, 45, 50, 39, 19, 50, 19, 39, 45, 0, 0, 2, 1, 6, 2, 1, 6, 0, 0, 5, 5, 0, 0, 18, 18, 22, 22, 24, 24, 0, 0, 34, 49, 35, 49, 35, 13, 13, 34, 0, 0, 28, 40, 40, 33, 43, 33, 28, 43, 0]
183	Individual - 	1130	139	619	31	1	12	[0, 3, 4, 23, 3, 4, 46, 23, 46, 0, 0, 25, 25, 8, 7, 14, 9, 8, 14, 7, 9, 0, 0, 21, 47, 21, 47, 0, 0, 12, 27, 44, 12, 15, 44, 15, 27, 0, 0, 48, 37, 30, 30, 37, 48, 0, 0, 29, 29, 31, 32, 20, 20, 42, 42, 32, 31, 0, 0, 45, 50, 39, 19, 50, 19, 39, 45, 0, 0, 2, 1, 6, 2, 1, 6, 0, 0, 5, 5, 0, 0, 18, 18, 22, 22, 24, 24, 0, 0, 34, 49, 35, 49, 35, 13, 13, 34, 0, 0, 28, 40, 40, 33, 43, 33, 28, 43, 0]
184	Individual - 	1130	139	619	31	1	12	[0, 3, 4, 23, 3, 4, 46, 23, 46, 0, 0, 25, 25, 8, 7, 14, 9, 8, 14, 7, 9, 0, 0, 21, 47, 21, 47, 0, 0, 12, 27, 44, 12, 15, 44, 15, 27, 0, 0, 48, 37, 30, 30, 37, 48, 0, 0, 29, 29, 31, 32, 20, 20, 42, 42, 32, 31, 0, 0, 45, 50, 39, 19, 50, 19, 39, 45, 0, 0, 2, 1, 6, 2, 1, 6, 0, 0, 5, 5, 0, 0, 18, 18, 22, 22, 24, 24, 0, 0, 34, 49, 35, 49, 35, 13, 13, 34, 0, 0, 28, 40, 40, 33, 43, 33, 28, 43, 0]
185	Individual - 	1130	139	619	31	1	12	[0, 3, 4, 23, 3, 4, 46, 23, 46, 0, 0, 25, 25, 8, 7, 14, 9, 8, 14, 7, 9, 0, 0, 21, 47, 21, 47, 0, 0, 12, 27, 44, 12, 15, 44, 15, 27, 0, 0, 48, 37, 30, 30, 37, 48, 0, 0, 29, 29, 31, 32, 20, 20, 42, 42, 32, 31, 0, 0, 45, 50, 39, 19, 50, 19, 39, 45, 0, 0, 2, 1, 6, 2, 1, 6, 0, 0, 5, 5, 0, 0, 18, 18, 22, 22, 24, 24, 0, 0, 34, 49, 35, 49, 35, 13, 13, 34, 0, 0, 28, 40, 40, 33, 43, 33, 28, 43, 0]
186	Individual - 	1130	139	619	31	1	12	[0, 3, 4, 23, 3, 4, 46, 23, 46, 0, 0, 25, 25, 8, 7, 14, 9, 8, 14, 7, 9, 0, 0, 21, 47, 21, 47, 0, 0, 12, 27, 44, 12, 15, 44, 15, 27, 0, 0, 48, 37, 30, 30, 37, 48, 0, 0, 29, 29, 31, 32, 20, 20, 42, 42, 32, 31, 0, 0, 45, 50, 39, 19, 50, 19, 39, 45, 0, 0, 2, 1, 6, 2, 1, 6, 0, 0, 5, 5, 0, 0, 18, 18, 22, 22, 24, 24, 0, 0, 34, 49, 35, 49, 35, 13, 13, 34, 0, 0, 28, 40, 40, 33, 43, 33, 28, 43, 0]
187	Individual - 	1130	139	619	31	1	12	[0, 3, 4, 23, 3, 4, 46, 23, 46, 0, 0, 25, 25, 8, 7, 14, 9, 8, 14, 7, 9, 0, 0, 21, 47, 21, 47, 0, 0, 12, 27, 44, 12, 15, 44, 15, 27, 0, 0, 48, 37, 30, 30, 37, 48, 0, 0, 29, 29, 31, 32, 20, 20, 42, 42, 32, 31, 0, 0, 45, 50, 39, 19, 50, 19, 39, 45, 0, 0, 2, 1, 6, 2, 1, 6, 0, 0, 5, 5, 0, 0, 18, 18, 22, 22, 24, 24, 0, 0, 34, 49, 35, 49, 35, 13, 13, 34, 0, 0, 28, 40, 40, 33, 43, 33, 28, 43, 0]
188	Individual - 	1130	139	619	31	1	12	[0, 3, 4, 23, 3, 4, 46, 23, 46, 0, 0, 25, 25, 8, 7, 14, 9, 8, 14, 7, 9, 0, 0, 21, 47, 21, 47, 0, 0, 12, 27, 44, 12, 15, 44, 15, 27, 0, 0, 48, 37, 30, 30, 37, 48, 0, 0, 29, 29, 31, 32, 20, 20, 42, 42, 32, 31, 0, 0, 45, 50, 39, 19, 50, 19, 39, 45, 0, 0, 2, 1, 6, 2, 1, 6, 0, 0, 5, 5, 0, 0, 18, 18, 22, 22, 24, 24, 0, 0, 34, 49, 35, 49, 35, 13, 13, 34, 0, 0, 28, 40, 40, 33, 43, 33, 28, 43, 0]
189	Individual - 	1130	139	619	31	1	12	[0, 3, 4, 23, 3, 4, 46, 23, 46, 0, 0, 25, 25, 8, 7, 14, 9, 8, 14, 7, 9, 0, 0, 21, 47, 21, 47, 0, 0, 12, 27, 44, 12, 15, 44, 15, 27, 0, 0, 48, 37, 30, 30, 37, 48, 0, 0, 29, 29, 31, 32, 20, 20, 42, 42, 32, 31, 0, 0, 45, 50, 39, 19, 50, 19, 39, 45, 0, 0, 2, 1, 6, 2, 1, 6, 0, 0, 5, 5, 0, 0, 18, 18, 22, 22, 24, 24, 0, 0, 34, 49, 35, 49, 35, 13, 13, 34, 0, 0, 28, 40, 40, 33, 43, 33, 28, 43, 0]
190	Individual - 	1130	139	619	31	1	12	[0, 3, 4, 23, 3, 4, 46, 23, 46, 0, 0, 25, 25, 8, 7, 14, 9, 8, 14, 7, 9, 0, 0, 21, 47, 21, 47, 0, 0, 12, 27, 44, 12, 15, 44, 15, 27, 0, 0, 48, 37, 30, 30, 37, 48, 0, 0, 29, 29, 31, 32, 20, 20, 42, 42, 32, 31, 0, 0, 45, 50, 39, 19, 50, 19, 39, 45, 0, 0, 2, 1, 6, 2, 1, 6, 0, 0, 5, 5, 0, 0, 18, 18, 22, 22, 24, 24, 0, 0, 34, 49, 35, 49, 35, 13, 13, 34, 0, 0, 28, 40, 40, 33, 43, 33, 28, 43, 0]
191	Individual - 	1130	139	619	31	1	12	[0, 3, 4, 23, 3, 4, 46, 23, 46, 0, 0, 25, 25, 8, 7, 14, 9, 8, 14, 7, 9, 0, 0, 21, 47, 21, 47, 0, 0, 12, 27, 44, 12, 15, 44, 15, 27, 0, 0, 48, 37, 30, 30, 37, 48, 0, 0, 29, 29, 31, 32, 20, 20, 42, 42, 32, 31, 0, 0, 45, 50, 39, 19, 50, 19, 39, 45, 0, 0, 2, 1, 6, 2, 1, 6, 0, 0, 5, 5, 0, 0, 18, 18, 22, 22, 24, 24, 0, 0, 34, 49, 35, 49, 35, 13, 13, 34, 0, 0, 28, 40, 40, 33, 43, 33, 28, 43, 0]
192	Individual - 	1130	139	619	31	1	12	[0, 3, 4, 23, 3, 4, 46, 23, 46, 0, 0, 25, 25, 8, 7, 14, 9, 8, 14, 7, 9, 0, 0, 21, 47, 21, 47, 0, 0, 12, 27, 44, 12, 15, 44, 15, 27, 0, 0, 48, 37, 30, 30, 37, 48, 0, 0, 29, 29, 31, 32, 20, 20, 42, 42, 32, 31, 0, 0, 45, 50, 39, 19, 50, 19, 39, 45, 0, 0, 2, 1, 6, 2, 1, 6, 0, 0, 5, 5, 0, 0, 18, 18, 22, 22, 24, 24, 0, 0, 34, 49, 35, 49, 35, 13, 13, 34, 0, 0, 28, 40, 40, 33, 43, 33, 28, 43, 0]
193	Individual - 	1130	139	619	31	1	12	[0, 3, 4, 23, 3, 4, 46, 23, 46, 0, 0, 25, 25, 8, 7, 14, 9, 8, 14, 7, 9, 0, 0, 21, 47, 21, 47, 0, 0, 12, 27, 44, 12, 15, 44, 15, 27, 0, 0, 48, 37, 30, 30, 37, 48, 0, 0, 29, 29, 31, 32, 20, 20, 42, 42, 32, 31, 0, 0, 45, 50, 39, 19, 50, 19, 39, 45, 0, 0, 2, 1, 6, 2, 1, 6, 0, 0, 5, 5, 0, 0, 18, 18, 22, 22, 24, 24, 0, 0, 34, 49, 35, 49, 35, 13, 13, 34, 0, 0, 28, 40, 40, 33, 43, 33, 28, 43, 0]
194	Individual - 	1130	139	619	31	1	12	[0, 3, 4, 23, 3, 4, 46, 23, 46, 0, 0, 25, 25, 8, 7, 14, 9, 8, 14, 7, 9, 0, 0, 21, 47, 21, 47, 0, 0, 12, 27, 44, 12, 15, 44, 15, 27, 0, 0, 48, 37, 30, 30, 37, 48, 0, 0, 29, 29, 31, 32, 20, 20, 42, 42, 32, 31, 0, 0, 45, 50, 39, 19, 50, 19, 39, 45, 0, 0, 2, 1, 6, 2, 1, 6, 0, 0, 5, 5, 0, 0, 18, 18, 22, 22, 24, 24, 0, 0, 34, 49, 35, 49, 35, 13, 13, 34, 0, 0, 28, 40, 40, 33, 43, 33, 28, 43, 0]
195	Individual - 	1130	139	619	31	1	12	[0, 3, 4, 23, 3, 4, 46, 23, 46, 0, 0, 25, 25, 8, 7, 14, 9, 8, 14, 7, 9, 0, 0, 21, 47, 21, 47, 0, 0, 12, 27, 44, 12, 15, 44, 15, 27, 0, 0, 48, 37, 30, 30, 37, 48, 0, 0, 29, 29, 31, 32, 20, 20, 42, 42, 32, 31, 0, 0, 45, 50, 39, 19, 50, 19, 39, 45, 0, 0, 2, 1, 6, 2, 1, 6, 0, 0, 5, 5, 0, 0, 18, 18, 22, 22, 24, 24, 0, 0, 34, 49, 35, 49, 35, 13, 13, 34, 0, 0, 28, 40, 40, 33, 43, 33, 28, 43, 0]
196	Individual - 	1130	139	619	31	1	12	[0, 3, 4, 23, 3, 4, 46, 23, 46, 0, 0, 25, 25, 8, 7, 14, 9, 8, 14, 7, 9, 0, 0, 21, 47, 21, 47, 0, 0, 12, 27, 44, 12, 15, 44, 15, 27, 0, 0, 48, 37, 30, 30, 37, 48, 0, 0, 29, 29, 31, 32, 20, 20, 42, 42, 32, 31, 0, 0, 45, 50, 39, 19, 50, 19, 39, 45, 0, 0, 2, 1, 6, 2, 1, 6, 0, 0, 5, 5, 0, 0, 18, 18, 22, 22, 24, 24, 0, 0, 34, 49, 35, 49, 35, 13, 13, 34, 0, 0, 28, 40, 40, 33, 43, 33, 28, 43, 0]
197	Individual - 	1130	139	619	31	1	12	[0, 3, 4, 23, 3, 4, 46, 23, 46, 0, 0, 25, 25, 8, 7, 14, 9, 8, 14, 7, 9, 0, 0, 21, 47, 21, 47, 0, 0, 12, 27, 44, 12, 15, 44, 15, 27, 0, 0, 48, 37, 30, 30, 37, 48, 0, 0, 29, 29, 31, 32, 20, 20, 42, 42, 32, 31, 0, 0, 45, 50, 39, 19, 50, 19, 39, 45, 0, 0, 2, 1, 6, 2, 1, 6, 0, 0, 5, 5, 0, 0, 18, 18, 22, 22, 24, 24, 0, 0, 34, 49, 35, 49, 35, 13, 13, 34, 0, 0, 28, 40, 40, 33, 43, 33, 28, 43, 0]
198	Individual - 	1130	139	619	31	1	12	[0, 3, 4, 23, 3, 4, 46, 23, 46, 0, 0, 25, 25, 8, 7, 14, 9, 8, 14, 7, 9, 0, 0, 21, 47, 21, 47, 0, 0, 12, 27, 44, 12, 15, 44, 15, 27, 0, 0, 48, 37, 30, 30, 37, 48, 0, 0, 29, 29, 31, 32, 20, 20, 42, 42, 32, 31, 0, 0, 45, 50, 39, 19, 50, 19, 39, 45, 0, 0, 2, 1, 6, 2, 1, 6, 0, 0, 5, 5, 0, 0, 18, 18, 22, 22, 24, 24, 0, 0, 34, 49, 35, 49, 35, 13, 13, 34, 0, 0, 28, 40, 40, 33, 43, 33, 28, 43, 0]
199	Individual - 	1130	139	619	31	1	12	[0, 3, 4, 23, 3, 4, 46, 23, 46, 0, 0, 25, 25, 8, 7, 14, 9, 8, 14, 7, 9, 0, 0, 21, 47, 21, 47, 0, 0, 12, 27, 44, 12, 15, 44, 15, 27, 0, 0, 48, 37, 30, 30, 37, 48, 0, 0, 29, 29, 31, 32, 20, 20, 42, 42, 32, 31, 0, 0, 45, 50, 39, 19, 50, 19, 39, 45, 0, 0, 2, 1, 6, 2, 1, 6, 0, 0, 5, 5, 0, 0, 18, 18, 22, 22, 24, 24, 0, 0, 34, 49, 35, 49, 35, 13, 13, 34, 0, 0, 28, 40, 40, 33, 43, 33, 28, 43, 0]
200	Individual - 	1130	139	619	31	1	12	[0, 3, 4, 23, 3, 4, 46, 23, 46, 0, 0, 25, 25, 8, 7, 14, 9, 8, 14, 7, 9, 0, 0, 21, 47, 21, 47, 0, 0, 12, 27, 44, 12, 15, 44, 15, 27, 0, 0, 48, 37, 30, 30, 37, 48, 0, 0, 29, 29, 31, 32, 20, 20, 42, 42, 32, 31, 0, 0, 45, 50, 39, 19, 50, 19, 39, 45, 0, 0, 2, 1, 6, 2, 1, 6, 0, 0, 5, 5, 0, 0, 18, 18, 22, 22, 24, 24, 0, 0, 34, 49, 35, 49, 35, 13, 13, 34, 0, 0, 28, 40, 40, 33, 43, 33, 28, 43, 0]
