2675
1040
1040
1040
1040
1040
1040
1040
1040
1040
1040
1040
1040
1040
1040
1040
1040
1040
1040
1040
1040
1040
1040
1040
1040
1040
1040
1040
1040
1040
1040
1040
1040
1040
1040
1040
1040
1040
1040
1040
1040
1040
1040
1040
1040
1040
1040
1040
1040
1040
1040
1040
1021
1021
1021
1021
1021
1021
1021
1021
1021
1021
1021
1021
1021
1021
1021
1021
1021
1021
1021
1021
1021
1021
1021
1021
1021
1021
1004
1004
1004
1004
1004
1004
1004
1004
1004
1004
1004
1004
1004
1004
1004
1004
1004
1004
1004
1004
1004
1004
1004
1004
1004
1004
1004
1004
1004
1004
1004
1004
1004
1004
1004
1004
1004
1004
1004
1004
1004
1004
1004
1004
1004
1004
1004
1004
1004
1004
1004
1004
1004
1004
1004
1004
1004
1004
1004
1004
1004
1004
1004
1004
1004
1004
1004
1004
1004
1004
1004
1004
1004
1004
1004
1004
1004
1004
1004
1004
1004
1004
1004
1004
1004
1004
1004
1004
1004
1004
1004
1004
1004
1004
1004
1004
1004
1004
1004
1004
1004
1004
1004
1004
1004
1004
1004
1004
1004
1004
1004
1004
1004
1004
1004
1004
1004
1004
1004
1004
1004
1004
