Solution - 3424	178	798	144	0	17
Solution - 3424	178	798	144	0	17
Solution - 3025	166	751	124	1	17
Solution - 3424	178	798	144	0	17
Solution - 3132	174	782	136	1	16
Solution - 3424	178	798	144	0	17
Solution - 3424	178	798	144	0	17
Solution - 3424	178	798	144	0	17
Solution - 3424	178	798	144	0	17
Solution - 3424	178	798	144	0	17
Solution - 3424	178	798	144	0	17
Solution - 3424	178	798	144	0	17
Solution - 3424	178	798	144	0	17
Solution - 3411	175	788	144	0	17
Solution - 3424	178	798	144	0	17
Solution - 3424	178	798	144	0	17
Solution - 3424	178	798	144	0	17
Solution - 3065	175	778	132	0	16
Solution - 3424	178	798	144	0	17
Solution - 3424	178	798	144	0	17
Solution - 3409	176	785	144	0	17
Solution - 3424	178	798	144	0	17
Solution - 3424	178	798	144	0	17
Solution - 3424	178	798	144	0	17
Solution - 3424	178	798	144	0	17
Solution - 3424	178	798	144	0	17
Solution - 3424	178	798	144	0	17
Solution - 3424	178	798	144	0	17
Solution - 3424	178	798	144	0	17
Solution - 3221	171	778	142	0	16
