0	Solution - 0	0	0	0	0	0
1	Solution - 0	0	0	0	0	0
2	Solution - 0	0	0	0	0	0
3	Solution - 0	0	0	0	0	0
4	Solution - 0	0	0	0	0	0
5	Solution - 0	0	0	0	0	0
6	Solution - 0	0	0	0	0	0
7	Solution - 0	0	0	0	0	0
8	Solution - 0	0	0	0	0	0
9	Solution - 0	0	0	0	0	0
10	Solution - 0	0	0	0	0	0
11	Solution - 0	0	0	0	0	0
12	Solution - 0	0	0	0	0	0
13	Solution - 0	0	0	0	0	0
14	Solution - 0	0	0	0	0	0
15	Solution - 0	0	0	0	0	0
16	Solution - 0	0	0	0	0	0
17	Solution - 0	0	0	0	0	0
18	Solution - 0	0	0	0	0	0
19	Solution - 0	0	0	0	0	0
20	Solution - 0	0	0	0	0	0
21	Solution - 0	0	0	0	0	0
22	Solution - 0	0	0	0	0	0
23	Solution - 0	0	0	0	0	0
24	Solution - 0	0	0	0	0	0
25	Solution - 0	0	0	0	0	0
26	Solution - 0	0	0	0	0	0
27	Solution - 0	0	0	0	0	0
28	Solution - 3399	172	779	144	0	17
29	Solution - 3399	172	779	144	0	17
30	Solution - 3399	172	779	144	0	17
31	Solution - 3399	172	779	144	0	17
32	Solution - 3399	172	779	144	0	17
33	Solution - 3399	172	779	144	0	17
34	Solution - 3399	172	779	144	0	17
35	Solution - 3399	172	779	144	0	17
36	Solution - 3399	172	779	144	0	17
37	Solution - 3399	172	779	144	0	17
38	Solution - 3399	172	779	144	0	17
39	Solution - 3399	172	779	144	0	17
40	Solution - 3399	172	779	144	0	17
41	Solution - 3399	172	779	144	0	17
42	Solution - 3399	172	779	144	0	17
43	Solution - 3399	172	779	144	0	17
44	Solution - 3399	172	779	144	0	17
45	Solution - 3399	172	779	144	0	17
46	Solution - 3399	172	779	144	0	17
47	Solution - 3399	172	779	144	0	17
48	Solution - 3399	172	779	144	0	17
49	Solution - 3399	172	779	144	0	17
50	Solution - 3399	172	779	144	0	17
51	Solution - 3399	172	779	144	0	17
52	Solution - 3399	172	779	144	0	17
53	Solution - 3399	172	779	144	0	17
54	Solution - 3284	170	768	138	1	17
55	Solution - 3284	170	768	138	1	17
56	Solution - 3284	170	768	138	1	17
57	Solution - 3284	170	768	138	1	17
58	Solution - 3284	170	768	138	1	17
59	Solution - 3284	170	768	138	1	17
60	Solution - 3202	168	756	134	1	17
61	Solution - 3202	168	756	134	1	17
62	Solution - 3202	168	756	134	1	17
63	Solution - 3202	168	756	134	1	17
64	Solution - 3202	168	756	134	1	17
65	Solution - 3202	168	756	134	1	17
66	Solution - 3202	168	756	134	1	17
67	Solution - 3155	165	746	132	1	17
68	Solution - 3155	165	746	132	1	17
69	Solution - 3155	165	746	132	1	17
70	Solution - 3155	165	746	132	1	17
71	Solution - 3155	165	746	132	1	17
72	Solution - 3155	165	746	132	1	17
73	Solution - 3155	165	746	132	1	17
74	Solution - 3155	165	746	132	1	17
75	Solution - 3155	165	746	132	1	17
76	Solution - 3155	165	746	132	1	17
77	Solution - 3155	165	746	132	1	17
78	Solution - 3155	165	746	132	1	17
79	Solution - 3155	165	746	132	1	17
80	Solution - 3155	165	746	132	1	17
81	Solution - 3155	165	746	132	1	17
82	Solution - 3155	165	746	132	1	17
83	Solution - 3155	165	746	132	1	17
84	Solution - 3155	165	746	132	1	17
85	Solution - 3155	165	746	132	1	17
86	Solution - 3155	165	746	132	1	17
87	Solution - 3135	172	770	129	1	17
88	Solution - 3135	172	770	129	1	17
89	Solution - 3135	172	770	129	1	17
90	Solution - 3135	172	770	129	1	17
91	Solution - 3135	172	770	129	1	17
92	Solution - 3135	172	770	129	1	17
93	Solution - 3135	172	770	129	1	17
94	Solution - 3135	172	770	129	1	17
95	Solution - 3025	166	751	124	1	17
96	Solution - 3025	166	751	124	1	17
97	Solution - 3025	166	751	124	1	17
98	Solution - 3025	166	751	124	1	17
99	Solution - 3025	166	751	124	1	17
