0	Solution - 909	161	728	1	1	20
1	Solution - 909	161	728	1	1	20
2	Solution - 909	161	728	1	1	20
3	Solution - 909	161	728	1	1	20
4	Solution - 904	165	739	0	1	21
5	Solution - 904	165	739	0	1	21
6	Solution - 904	165	739	0	1	21
7	Solution - 904	165	739	0	1	21
8	Solution - 904	165	739	0	1	21
9	Solution - 901	166	735	0	1	19
10	Solution - 901	166	735	0	1	19
11	Solution - 901	166	735	0	1	19
12	Solution - 901	166	735	0	1	19
13	Solution - 875	160	715	0	1	18
14	Solution - 875	160	715	0	1	18
15	Solution - 864	155	709	0	1	19
16	Solution - 864	155	709	0	1	19
17	Solution - 864	155	709	0	1	19
18	Solution - 864	155	709	0	1	19
19	Solution - 864	155	709	0	1	19
20	Solution - 864	155	709	0	1	19
21	Solution - 864	155	709	0	1	19
22	Solution - 864	155	709	0	1	19
23	Solution - 864	155	709	0	1	19
24	Solution - 864	155	709	0	1	19
25	Solution - 864	155	709	0	1	19
26	Solution - 864	155	709	0	1	19
27	Solution - 851	155	696	0	1	18
28	Solution - 851	155	696	0	1	18
29	Solution - 851	155	696	0	1	18
30	Solution - 851	155	696	0	1	18
31	Solution - 851	155	696	0	1	18
32	Solution - 851	155	696	0	1	18
33	Solution - 851	155	696	0	1	18
34	Solution - 851	155	696	0	1	18
35	Solution - 851	155	696	0	1	18
36	Solution - 851	155	696	0	1	18
37	Solution - 851	155	696	0	1	18
38	Solution - 851	155	696	0	1	18
39	Solution - 851	155	696	0	1	18
40	Solution - 851	155	696	0	1	18
41	Solution - 851	155	696	0	1	18
42	Solution - 843	154	689	0	1	18
43	Solution - 843	154	689	0	1	18
44	Solution - 843	154	689	0	1	18
45	Solution - 843	154	689	0	1	18
46	Solution - 843	154	689	0	1	18
47	Solution - 843	154	689	0	1	18
48	Solution - 843	154	689	0	1	18
49	Solution - 843	154	689	0	1	18
50	Solution - 843	154	689	0	1	18
51	Solution - 843	154	689	0	1	18
52	Solution - 843	154	689	0	1	18
53	Solution - 843	154	689	0	1	18
54	Solution - 843	154	689	0	1	18
55	Solution - 843	154	689	0	1	18
56	Solution - 843	154	689	0	1	18
57	Solution - 843	154	689	0	1	18
58	Solution - 843	154	689	0	1	18
59	Solution - 843	154	689	0	1	18
60	Solution - 843	154	689	0	1	18
61	Solution - 843	154	689	0	1	18
62	Solution - 843	154	689	0	1	18
63	Solution - 843	154	689	0	1	18
64	Solution - 843	154	689	0	1	18
65	Solution - 843	154	689	0	1	18
66	Solution - 843	154	689	0	1	18
67	Solution - 843	154	689	0	1	18
68	Solution - 843	154	689	0	1	18
69	Solution - 843	154	689	0	1	18
70	Solution - 843	154	689	0	1	18
71	Solution - 843	154	689	0	1	18
72	Solution - 843	154	689	0	1	18
73	Solution - 843	154	689	0	1	18
74	Solution - 843	154	689	0	1	18
75	Solution - 843	154	689	0	1	18
76	Solution - 843	154	689	0	1	18
77	Solution - 843	154	689	0	1	18
78	Solution - 843	154	689	0	1	18
79	Solution - 843	154	689	0	1	18
80	Solution - 843	154	689	0	1	18
81	Solution - 843	154	689	0	1	18
82	Solution - 843	154	689	0	1	18
83	Solution - 843	154	689	0	1	18
84	Solution - 843	154	689	0	1	18
85	Solution - 843	154	689	0	1	18
86	Solution - 843	154	689	0	1	18
87	Solution - 843	154	689	0	1	18
88	Solution - 843	154	689	0	1	18
89	Solution - 843	154	689	0	1	18
90	Solution - 843	154	689	0	1	18
91	Solution - 843	154	689	0	1	18
92	Solution - 843	154	689	0	1	18
93	Solution - 843	154	689	0	1	18
94	Solution - 843	154	689	0	1	18
95	Solution - 843	154	689	0	1	18
96	Solution - 843	154	689	0	1	18
97	Solution - 843	154	689	0	1	18
98	Solution - 843	154	689	0	1	18
99	Solution - 843	154	689	0	1	18
100	Solution - 843	154	689	0	1	18
101	Solution - 843	154	689	0	1	18
102	Solution - 843	154	689	0	1	18
103	Solution - 843	154	689	0	1	18
104	Solution - 843	154	689	0	1	18
105	Solution - 843	154	689	0	1	18
106	Solution - 843	154	689	0	1	18
107	Solution - 843	154	689	0	1	18
108	Solution - 843	154	689	0	1	18
