18742
18742
18742
18742
18742
18742
18742
18742
18742
16473
16473
16473
16473
16473
16473
16473
16473
16473
16473
16473
16473
16473
16473
16473
16473
16473
16473
16473
16473
16473
16473
16473
16473
16473
16473
16473
16473
16473
16473
16473
16473
16473
16473
16473
16473
16473
16244
16244
16244
16244
16244
16244
16244
16244
16244
16244
16244
16244
16244
16244
16244
16244
16244
16244
16244
16244
16244
16244
16244
16244
16244
16244
16244
16244
16244
16244
16244
16244
16244
16244
16244
16244
16244
16244
16244
16244
16244
16244
16244
16244
16244
16244
16244
16244
16244
16244
16244
16244
16244
16244
