0	Solution - 20350	626	2791	287	0	59
1	Solution - 18770	621	2779	265	0	58
2	Solution - 16732	608	2731	227	0	59
3	Solution - 16732	608	2731	227	0	59
4	Solution - 16732	608	2731	227	0	59
5	Solution - 16732	608	2731	227	0	59
6	Solution - 16732	608	2731	227	0	59
7	Solution - 16732	608	2731	227	0	59
8	Solution - 16732	608	2731	227	0	59
9	Solution - 16732	608	2731	227	0	59
10	Solution - 16732	608	2731	227	0	59
11	Solution - 16732	608	2731	227	0	59
12	Solution - 16732	608	2731	227	0	59
13	Solution - 16732	608	2731	227	0	59
14	Solution - 16732	608	2731	227	0	59
15	Solution - 16732	608	2731	227	0	59
16	Solution - 16732	608	2731	227	0	59
17	Solution - 16732	608	2731	227	0	59
18	Solution - 16732	608	2731	227	0	59
19	Solution - 16732	608	2731	227	0	59
20	Solution - 16732	608	2731	227	0	59
21	Solution - 16732	608	2731	227	0	59
22	Solution - 16732	608	2731	227	0	59
23	Solution - 16732	608	2731	227	0	59
24	Solution - 16732	608	2731	227	0	59
25	Solution - 16011	591	2652	224	0	57
26	Solution - 16011	591	2652	224	0	57
27	Solution - 16011	591	2652	224	0	57
28	Solution - 15889	629	2834	218	0	57
29	Solution - 15889	629	2834	218	0	57
30	Solution - 15889	629	2834	218	0	57
31	Solution - 15889	629	2834	218	0	57
32	Solution - 15889	629	2834	218	0	57
33	Solution - 15889	629	2834	218	0	57
34	Solution - 15889	629	2834	218	0	57
35	Solution - 15889	629	2834	218	0	57
36	Solution - 15889	629	2834	218	0	57
37	Solution - 15889	629	2834	218	0	57
38	Solution - 15677	624	2798	215	0	57
39	Solution - 15677	624	2798	215	0	57
40	Solution - 15677	624	2798	215	0	57
41	Solution - 15677	624	2798	215	0	57
42	Solution - 15677	624	2798	215	0	57
43	Solution - 15677	624	2798	215	0	57
44	Solution - 15677	624	2798	215	0	57
45	Solution - 15677	624	2798	215	0	57
46	Solution - 15677	624	2798	215	0	57
47	Solution - 15677	624	2798	215	0	57
48	Solution - 15677	624	2798	215	0	57
49	Solution - 15677	624	2798	215	0	57
50	Solution - 15677	624	2798	215	0	57
51	Solution - 15677	624	2798	215	0	57
52	Solution - 15677	624	2798	215	0	57
53	Solution - 15677	624	2798	215	0	57
54	Solution - 15677	624	2798	215	0	57
55	Solution - 15677	624	2798	215	0	57
56	Solution - 15677	624	2798	215	0	57
57	Solution - 15677	624	2798	215	0	57
58	Solution - 15677	624	2798	215	0	57
59	Solution - 15677	624	2798	215	0	57
60	Solution - 15677	624	2798	215	0	57
61	Solution - 15677	624	2798	215	0	57
62	Solution - 15677	624	2798	215	0	57
63	Solution - 15677	624	2798	215	0	57
64	Solution - 15677	624	2798	215	0	57
65	Solution - 15677	624	2798	215	0	57
66	Solution - 15677	624	2798	215	0	57
67	Solution - 15677	624	2798	215	0	57
68	Solution - 15677	624	2798	215	0	57
69	Solution - 15677	624	2798	215	0	57
70	Solution - 15677	624	2798	215	0	57
71	Solution - 15677	624	2798	215	0	57
72	Solution - 15677	624	2798	215	0	57
73	Solution - 15677	624	2798	215	0	57
74	Solution - 15677	624	2798	215	0	57
75	Solution - 15677	624	2798	215	0	57
76	Solution - 15677	624	2798	215	0	57
77	Solution - 15677	624	2798	215	0	57
78	Solution - 15677	624	2798	215	0	57
79	Solution - 15677	624	2798	215	0	57
80	Solution - 15677	624	2798	215	0	57
81	Solution - 15677	624	2798	215	0	57
82	Solution - 15677	624	2798	215	0	57
83	Solution - 15677	624	2798	215	0	57
84	Solution - 15677	624	2798	215	0	57
85	Solution - 15677	624	2798	215	0	57
86	Solution - 15677	624	2798	215	0	57
87	Solution - 15677	624	2798	215	0	57
88	Solution - 15677	624	2798	215	0	57
89	Solution - 15677	624	2798	215	0	57
90	Solution - 15677	624	2798	215	0	57
91	Solution - 15677	624	2798	215	0	57
92	Solution - 15677	624	2798	215	0	57
93	Solution - 15677	624	2798	215	0	57
94	Solution - 15677	624	2798	215	0	57
95	Solution - 15677	624	2798	215	0	57
96	Solution - 15677	624	2798	215	0	57
97	Solution - 15677	624	2798	215	0	57
98	Solution - 15677	624	2798	215	0	57
99	Solution - 15677	624	2798	215	0	57
