20486
18632
18632
18632
18632
16620
16620
16620
16620
16620
15844
15844
15844
15844
15844
15844
15844
15844
15844
15844
15844
15844
15844
15844
15844
15844
15844
15844
15844
15844
15844
15844
15844
15844
15844
15844
15844
15844
15844
15844
15844
15844
15844
15844
15844
15844
15844
15844
15844
15844
15844
15844
15844
15844
15844
15844
15844
15844
15844
15844
15844
15844
15844
15844
15844
15844
15844
15844
15844
15844
15844
15844
15844
15844
15844
15844
15844
15844
15049
15049
15049
15049
15049
15049
15049
15049
15049
15049
15049
15049
15049
15049
15049
15049
15049
15049
15049
15049
15049
15049
