21529
19919
19919
18612
18612
18612
16668
16668
16668
16668
16668
16668
16668
16668
16668
16668
16668
16668
16668
16668
16668
16668
16668
16668
16668
16668
16668
16668
16668
16668
16668
16668
16668
16668
16668
16668
16668
16668
16668
16668
16668
16668
16668
16668
16668
16668
16668
16668
16668
16668
16668
16668
16668
16668
16668
16668
16668
16668
16668
16668
16668
16668
16668
16668
15931
15931
15931
15931
15931
15931
15931
15931
15931
15931
15931
15931
15931
15931
15931
15931
15931
15931
15931
15931
15931
15931
15931
15931
15931
15931
15931
15931
15931
15931
15931
15931
15931
15931
15931
15931
