17690
17690
17690
17690
16905
16905
16905
16905
16905
16905
16905
16905
16905
16905
16905
16905
16905
16905
16905
16905
16905
16905
16905
16905
16905
16905
16905
16905
16905
16905
16905
16905
16905
16905
16905
16905
16905
16905
16905
16502
16502
16502
16502
16502
16502
16502
16502
16502
16502
16502
16502
16502
16502
16502
16502
16502
16502
16502
16502
16502
16502
16502
16502
16502
16502
16502
16502
16502
16502
16502
16502
16502
16502
16502
16502
16502
16502
16502
16502
16502
16502
16502
16502
16502
16502
16502
16502
16502
16502
16502
16502
16502
16502
16502
16502
16502
16502
16502
16502
16502
