21055
18255
18255
18255
18255
18255
17526
17526
17526
16482
16482
16482
16482
16482
16482
16482
16482
16482
16482
16482
16482
16482
16482
16482
16482
16482
16482
16482
16482
16482
16482
16482
16482
16404
16404
16404
16404
16404
16404
16404
16404
16404
16404
16404
16404
16404
16404
16404
16404
16404
16404
16404
16404
16404
16404
16404
16404
16404
16404
16404
16404
16404
16404
16404
16404
15758
15758
15758
15758
15758
15758
15758
15758
15758
15758
15758
15758
15758
15758
15758
15758
15758
15758
15758
15758
15758
15758
15758
15758
15758
15758
15758
15758
15758
15758
15758
15758
15758
15758
15758
