20951
20951
20379
20379
20379
19858
19858
19858
17982
17982
17982
17982
17982
17982
17982
17982
17982
17982
17588
17588
17588
17588
17588
17588
17588
17588
17588
17588
17588
17588
17588
17588
17588
17588
17472
17472
17472
17472
17472
17472
17472
17472
17472
17472
17472
17472
17472
17472
17472
17472
17472
17472
17472
17472
17472
17472
17472
17472
17472
17217
17018
17018
17018
17018
17018
17018
17018
17018
17018
16355
16355
16355
16355
16355
16355
16355
16355
16355
16355
16355
16355
16355
16355
16355
16355
16355
16355
16355
16355
16355
16355
16355
16355
16355
16355
16355
16355
16355
16355
16355
