20522
20522
16032
16032
16032
16032
16032
16032
16032
16032
16032
16032
16032
16032
16032
16032
16032
16032
16032
16032
16032
16032
16032
16032
16032
16032
16032
16032
14812
14812
14812
14812
14812
14812
14812
14812
14812
14812
14812
14812
14812
14812
14812
14812
14812
14812
14812
14812
14812
14812
14812
14812
14812
14812
14812
14812
14812
14812
14812
14812
14812
14812
14812
14812
14812
14812
14812
14812
14812
14812
14812
14812
14812
14812
14812
14812
14812
14812
14812
14812
14812
14812
14812
14812
14812
14812
14812
14812
14812
14812
14812
14812
14812
14812
14812
14812
14812
14812
14812
14812
