0	Solution - 16758	615	2763	223	0	60
1	Solution - 16758	615	2763	223	0	60
2	Solution - 16758	615	2763	223	0	60
3	Solution - 16758	615	2763	223	0	60
4	Solution - 16758	615	2763	223	0	60
5	Solution - 16758	615	2763	223	0	60
6	Solution - 16758	615	2763	223	0	60
7	Solution - 16758	615	2763	223	0	60
8	Solution - 16758	615	2763	223	0	60
9	Solution - 16758	615	2763	223	0	60
10	Solution - 16758	615	2763	223	0	60
11	Solution - 16758	615	2763	223	0	60
12	Solution - 16758	615	2763	223	0	60
13	Solution - 16758	615	2763	223	0	60
14	Solution - 16758	615	2763	223	0	60
15	Solution - 16758	615	2763	223	0	60
16	Solution - 16758	615	2763	223	0	60
17	Solution - 16758	615	2763	223	0	60
18	Solution - 16758	615	2763	223	0	60
19	Solution - 16758	615	2763	223	0	60
20	Solution - 16758	615	2763	223	0	60
21	Solution - 16758	615	2763	223	0	60
22	Solution - 16758	615	2763	223	0	60
23	Solution - 16758	615	2763	223	0	60
24	Solution - 16758	615	2763	223	0	60
25	Solution - 16758	615	2763	223	0	60
26	Solution - 16758	615	2763	223	0	60
27	Solution - 16758	615	2763	223	0	60
28	Solution - 16758	615	2763	223	0	60
29	Solution - 16758	615	2763	223	0	60
30	Solution - 16752	629	2795	238	0	56
31	Solution - 16752	629	2795	238	0	56
32	Solution - 16752	629	2795	238	0	56
33	Solution - 16752	629	2795	238	0	56
34	Solution - 16752	629	2795	238	0	56
35	Solution - 16752	629	2795	238	0	56
36	Solution - 16752	629	2795	238	0	56
37	Solution - 16200	599	2676	235	0	55
38	Solution - 16200	599	2676	235	0	55
39	Solution - 16200	599	2676	235	0	55
40	Solution - 16200	599	2676	235	0	55
41	Solution - 16200	599	2676	235	0	55
42	Solution - 16200	599	2676	235	0	55
43	Solution - 16200	599	2676	235	0	55
44	Solution - 16200	599	2676	235	0	55
45	Solution - 16200	599	2676	235	0	55
46	Solution - 16200	599	2676	235	0	55
47	Solution - 16200	599	2676	235	0	55
48	Solution - 16200	599	2676	235	0	55
49	Solution - 16200	599	2676	235	0	55
50	Solution - 16200	599	2676	235	0	55
51	Solution - 16200	599	2676	235	0	55
52	Solution - 16200	599	2676	235	0	55
53	Solution - 16200	599	2676	235	0	55
54	Solution - 16200	599	2676	235	0	55
55	Solution - 16200	599	2676	235	0	55
56	Solution - 16200	599	2676	235	0	55
57	Solution - 16200	599	2676	235	0	55
58	Solution - 16200	599	2676	235	0	55
59	Solution - 16200	599	2676	235	0	55
60	Solution - 16200	599	2676	235	0	55
61	Solution - 16200	599	2676	235	0	55
62	Solution - 16200	599	2676	235	0	55
63	Solution - 16200	599	2676	235	0	55
64	Solution - 16200	599	2676	235	0	55
65	Solution - 16200	599	2676	235	0	55
66	Solution - 16200	599	2676	235	0	55
67	Solution - 16200	599	2676	235	0	55
68	Solution - 16200	599	2676	235	0	55
69	Solution - 16200	599	2676	235	0	55
70	Solution - 16200	599	2676	235	0	55
71	Solution - 16200	599	2676	235	0	55
72	Solution - 16200	599	2676	235	0	55
73	Solution - 16200	599	2676	235	0	55
74	Solution - 16200	599	2676	235	0	55
75	Solution - 16200	599	2676	235	0	55
76	Solution - 16200	599	2676	235	0	55
77	Solution - 16200	599	2676	235	0	55
78	Solution - 16200	599	2676	235	0	55
79	Solution - 16200	599	2676	235	0	55
80	Solution - 16200	599	2676	235	0	55
81	Solution - 16200	599	2676	235	0	55
82	Solution - 16200	599	2676	235	0	55
83	Solution - 16200	599	2676	235	0	55
84	Solution - 16200	599	2676	235	0	55
85	Solution - 16200	599	2676	235	0	55
86	Solution - 16200	599	2676	235	0	55
87	Solution - 16200	599	2676	235	0	55
88	Solution - 16200	599	2676	235	0	55
89	Solution - 16200	599	2676	235	0	55
90	Solution - 16200	599	2676	235	0	55
91	Solution - 16200	599	2676	235	0	55
92	Solution - 16200	599	2676	235	0	55
93	Solution - 16200	599	2676	235	0	55
94	Solution - 16200	599	2676	235	0	55
95	Solution - 16200	599	2676	235	0	55
96	Solution - 16200	599	2676	235	0	55
97	Solution - 16200	599	2676	235	0	55
98	Solution - 16200	599	2676	235	0	55
99	Solution - 16200	599	2676	235	0	55
