0	Solution - 22426	639	2879	326	0	58
1	Solution - 20118	626	2791	293	0	57
2	Solution - 18336	628	2802	257	0	58
3	Solution - 18336	628	2802	257	0	58
4	Solution - 18336	628	2802	257	0	58
5	Solution - 18336	628	2802	257	0	58
6	Solution - 16074	615	2748	223	0	57
7	Solution - 16074	615	2748	223	0	57
8	Solution - 16074	615	2748	223	0	57
9	Solution - 16074	615	2748	223	0	57
10	Solution - 16074	615	2748	223	0	57
11	Solution - 16074	615	2748	223	0	57
12	Solution - 16074	615	2748	223	0	57
13	Solution - 16074	615	2748	223	0	57
14	Solution - 16074	615	2748	223	0	57
15	Solution - 16074	615	2748	223	0	57
16	Solution - 16074	615	2748	223	0	57
17	Solution - 16074	615	2748	223	0	57
18	Solution - 16074	615	2748	223	0	57
19	Solution - 16074	615	2748	223	0	57
20	Solution - 16074	615	2748	223	0	57
21	Solution - 16074	615	2748	223	0	57
22	Solution - 16074	615	2748	223	0	57
23	Solution - 16074	615	2748	223	0	57
24	Solution - 16074	615	2748	223	0	57
25	Solution - 16074	615	2748	223	0	57
26	Solution - 16074	615	2748	223	0	57
27	Solution - 16074	615	2748	223	0	57
28	Solution - 16074	615	2748	223	0	57
29	Solution - 16074	615	2748	223	0	57
30	Solution - 16074	615	2748	223	0	57
31	Solution - 16074	615	2748	223	0	57
32	Solution - 16074	615	2748	223	0	57
33	Solution - 16074	615	2748	223	0	57
34	Solution - 16074	615	2748	223	0	57
35	Solution - 16074	615	2748	223	0	57
36	Solution - 16074	615	2748	223	0	57
37	Solution - 16074	615	2748	223	0	57
38	Solution - 16074	615	2748	223	0	57
39	Solution - 16074	615	2748	223	0	57
40	Solution - 16074	615	2748	223	0	57
41	Solution - 16074	615	2748	223	0	57
42	Solution - 16074	615	2748	223	0	57
43	Solution - 16074	615	2748	223	0	57
44	Solution - 16074	615	2748	223	0	57
45	Solution - 16074	615	2748	223	0	57
46	Solution - 16074	615	2748	223	0	57
47	Solution - 16074	615	2748	223	0	57
48	Solution - 16074	615	2748	223	0	57
49	Solution - 16074	615	2748	223	0	57
50	Solution - 16074	615	2748	223	0	57
51	Solution - 16074	615	2748	223	0	57
52	Solution - 16074	615	2748	223	0	57
53	Solution - 16074	615	2748	223	0	57
54	Solution - 16074	615	2748	223	0	57
55	Solution - 16074	615	2748	223	0	57
56	Solution - 16074	615	2748	223	0	57
57	Solution - 16074	615	2748	223	0	57
58	Solution - 16074	615	2748	223	0	57
59	Solution - 16074	615	2748	223	0	57
60	Solution - 16074	615	2748	223	0	57
61	Solution - 16074	615	2748	223	0	57
62	Solution - 16074	615	2748	223	0	57
63	Solution - 16074	615	2748	223	0	57
64	Solution - 16074	615	2748	223	0	57
65	Solution - 16074	615	2748	223	0	57
66	Solution - 16074	615	2748	223	0	57
67	Solution - 16074	615	2748	223	0	57
68	Solution - 16074	615	2748	223	0	57
69	Solution - 16074	615	2748	223	0	57
70	Solution - 16074	615	2748	223	0	57
71	Solution - 16074	615	2748	223	0	57
72	Solution - 16074	615	2748	223	0	57
73	Solution - 16074	615	2748	223	0	57
74	Solution - 16074	615	2748	223	0	57
75	Solution - 16074	615	2748	223	0	57
76	Solution - 16074	615	2748	223	0	57
77	Solution - 15900	608	2695	221	0	57
78	Solution - 15900	608	2695	221	0	57
79	Solution - 15900	608	2695	221	0	57
80	Solution - 15900	608	2695	221	0	57
81	Solution - 15900	608	2695	221	0	57
82	Solution - 15900	608	2695	221	0	57
83	Solution - 15900	608	2695	221	0	57
84	Solution - 15900	608	2695	221	0	57
85	Solution - 15900	608	2695	221	0	57
86	Solution - 15900	608	2695	221	0	57
87	Solution - 15900	608	2695	221	0	57
88	Solution - 15540	610	2732	214	0	57
89	Solution - 15540	610	2732	214	0	57
90	Solution - 15540	610	2732	214	0	57
91	Solution - 15540	610	2732	214	0	57
92	Solution - 15540	610	2732	214	0	57
93	Solution - 15540	610	2732	214	0	57
94	Solution - 15540	610	2732	214	0	57
95	Solution - 15540	610	2732	214	0	57
96	Solution - 15540	610	2732	214	0	57
97	Solution - 15540	610	2732	214	0	57
98	Solution - 15540	610	2732	214	0	57
99	Solution - 15540	610	2732	214	0	57
