21306
20123
20123
17947
17947
17947
17348
17348
17348
16027
16027
16027
16027
16027
16027
16027
16027
16027
16027
16027
16027
16027
16027
16027
16027
16027
16027
16027
16027
16027
16027
16027
16027
16027
16027
16027
16027
16027
16027
16027
16027
16027
16027
16027
16027
16027
16027
16027
16027
16027
16027
16027
16027
16027
16027
16027
16027
16027
16027
16027
16027
16027
16027
16027
16027
15194
15194
15194
15194
15194
15194
15194
15194
15194
15194
15194
15194
15194
15194
15194
15194
15194
15194
15194
15194
15194
15194
15194
15194
15194
15194
14765
14765
14765
14765
14765
14765
14765
14765
14765
