0	Solution - 21055	614	2745	316	0	56
1	Solution - 18255	627	2808	260	0	57
2	Solution - 18255	627	2808	260	0	57
3	Solution - 18255	627	2808	260	0	57
4	Solution - 18255	627	2808	260	0	57
5	Solution - 18255	627	2808	260	0	57
6	Solution - 17526	627	2798	239	0	59
7	Solution - 17526	627	2798	239	0	59
8	Solution - 17526	627	2798	239	0	59
9	Solution - 16482	616	2758	226	0	58
10	Solution - 16482	616	2758	226	0	58
11	Solution - 16482	616	2758	226	0	58
12	Solution - 16482	616	2758	226	0	58
13	Solution - 16482	616	2758	226	0	58
14	Solution - 16482	616	2758	226	0	58
15	Solution - 16482	616	2758	226	0	58
16	Solution - 16482	616	2758	226	0	58
17	Solution - 16482	616	2758	226	0	58
18	Solution - 16482	616	2758	226	0	58
19	Solution - 16482	616	2758	226	0	58
20	Solution - 16482	616	2758	226	0	58
21	Solution - 16482	616	2758	226	0	58
22	Solution - 16482	616	2758	226	0	58
23	Solution - 16482	616	2758	226	0	58
24	Solution - 16482	616	2758	226	0	58
25	Solution - 16482	616	2758	226	0	58
26	Solution - 16482	616	2758	226	0	58
27	Solution - 16482	616	2758	226	0	58
28	Solution - 16482	616	2758	226	0	58
29	Solution - 16482	616	2758	226	0	58
30	Solution - 16482	616	2758	226	0	58
31	Solution - 16482	616	2758	226	0	58
32	Solution - 16482	616	2758	226	0	58
33	Solution - 16404	609	2742	229	0	57
34	Solution - 16404	609	2742	229	0	57
35	Solution - 16404	609	2742	229	0	57
36	Solution - 16404	609	2742	229	0	57
37	Solution - 16404	609	2742	229	0	57
38	Solution - 16404	609	2742	229	0	57
39	Solution - 16404	609	2742	229	0	57
40	Solution - 16404	609	2742	229	0	57
41	Solution - 16404	609	2742	229	0	57
42	Solution - 16404	609	2742	229	0	57
43	Solution - 16404	609	2742	229	0	57
44	Solution - 16404	609	2742	229	0	57
45	Solution - 16404	609	2742	229	0	57
46	Solution - 16404	609	2742	229	0	57
47	Solution - 16404	609	2742	229	0	57
48	Solution - 16404	609	2742	229	0	57
49	Solution - 16404	609	2742	229	0	57
50	Solution - 16404	609	2742	229	0	57
51	Solution - 16404	609	2742	229	0	57
52	Solution - 16404	609	2742	229	0	57
53	Solution - 16404	609	2742	229	0	57
54	Solution - 16404	609	2742	229	0	57
55	Solution - 16404	609	2742	229	0	57
56	Solution - 16404	609	2742	229	0	57
57	Solution - 16404	609	2742	229	0	57
58	Solution - 16404	609	2742	229	0	57
59	Solution - 16404	609	2742	229	0	57
60	Solution - 16404	609	2742	229	0	57
61	Solution - 16404	609	2742	229	0	57
62	Solution - 16404	609	2742	229	0	57
63	Solution - 16404	609	2742	229	0	57
64	Solution - 16404	609	2742	229	0	57
65	Solution - 15758	620	2769	217	0	57
66	Solution - 15758	620	2769	217	0	57
67	Solution - 15758	620	2769	217	0	57
68	Solution - 15758	620	2769	217	0	57
69	Solution - 15758	620	2769	217	0	57
70	Solution - 15758	620	2769	217	0	57
71	Solution - 15758	620	2769	217	0	57
72	Solution - 15758	620	2769	217	0	57
73	Solution - 15758	620	2769	217	0	57
74	Solution - 15758	620	2769	217	0	57
75	Solution - 15758	620	2769	217	0	57
76	Solution - 15758	620	2769	217	0	57
77	Solution - 15758	620	2769	217	0	57
78	Solution - 15758	620	2769	217	0	57
79	Solution - 15758	620	2769	217	0	57
80	Solution - 15758	620	2769	217	0	57
81	Solution - 15758	620	2769	217	0	57
82	Solution - 15758	620	2769	217	0	57
83	Solution - 15758	620	2769	217	0	57
84	Solution - 15758	620	2769	217	0	57
85	Solution - 15758	620	2769	217	0	57
86	Solution - 15758	620	2769	217	0	57
87	Solution - 15758	620	2769	217	0	57
88	Solution - 15758	620	2769	217	0	57
89	Solution - 15758	620	2769	217	0	57
90	Solution - 15758	620	2769	217	0	57
91	Solution - 15758	620	2769	217	0	57
92	Solution - 15758	620	2769	217	0	57
93	Solution - 15758	620	2769	217	0	57
94	Solution - 15758	620	2769	217	0	57
95	Solution - 15758	620	2769	217	0	57
96	Solution - 15758	620	2769	217	0	57
97	Solution - 15758	620	2769	217	0	57
98	Solution - 15758	620	2769	217	0	57
99	Solution - 15758	620	2769	217	0	57
