0	Solution - 19326	622	2804	265	0	60
1	Solution - 17234	625	2803	234	0	59
2	Solution - 17234	625	2803	234	0	59
3	Solution - 17234	625	2803	234	0	59
4	Solution - 17234	625	2803	234	0	59
5	Solution - 17234	625	2803	234	0	59
6	Solution - 17234	625	2803	234	0	59
7	Solution - 17234	625	2803	234	0	59
8	Solution - 17234	625	2803	234	0	59
9	Solution - 17234	625	2803	234	0	59
10	Solution - 17234	625	2803	234	0	59
11	Solution - 17234	625	2803	234	0	59
12	Solution - 17234	625	2803	234	0	59
13	Solution - 17234	625	2803	234	0	59
14	Solution - 17234	625	2803	234	0	59
15	Solution - 17234	625	2803	234	0	59
16	Solution - 17234	625	2803	234	0	59
17	Solution - 17234	625	2803	234	0	59
18	Solution - 17234	625	2803	234	0	59
19	Solution - 17234	625	2803	234	0	59
20	Solution - 17001	636	2865	225	0	60
21	Solution - 17001	636	2865	225	0	60
22	Solution - 16504	622	2784	222	0	59
23	Solution - 15949	627	2782	228	0	55
24	Solution - 15949	627	2782	228	0	55
25	Solution - 15949	627	2782	228	0	55
26	Solution - 15949	627	2782	228	0	55
27	Solution - 15949	627	2782	228	0	55
28	Solution - 15949	627	2782	228	0	55
29	Solution - 15949	627	2782	228	0	55
30	Solution - 15949	627	2782	228	0	55
31	Solution - 15949	627	2782	228	0	55
32	Solution - 15949	627	2782	228	0	55
33	Solution - 15949	627	2782	228	0	55
34	Solution - 15949	627	2782	228	0	55
35	Solution - 15949	627	2782	228	0	55
36	Solution - 15949	627	2782	228	0	55
37	Solution - 15949	627	2782	228	0	55
38	Solution - 15949	627	2782	228	0	55
39	Solution - 15949	627	2782	228	0	55
40	Solution - 15949	627	2782	228	0	55
41	Solution - 15949	627	2782	228	0	55
42	Solution - 15949	627	2782	228	0	55
43	Solution - 15949	627	2782	228	0	55
44	Solution - 15949	627	2782	228	0	55
45	Solution - 13610	618	2744	183	0	56
46	Solution - 13610	618	2744	183	0	56
47	Solution - 13610	618	2744	183	0	56
48	Solution - 13610	618	2744	183	0	56
49	Solution - 13610	618	2744	183	0	56
50	Solution - 13610	618	2744	183	0	56
51	Solution - 13610	618	2744	183	0	56
52	Solution - 13610	618	2744	183	0	56
53	Solution - 13610	618	2744	183	0	56
54	Solution - 13610	618	2744	183	0	56
55	Solution - 13610	618	2744	183	0	56
56	Solution - 13610	618	2744	183	0	56
57	Solution - 13610	618	2744	183	0	56
58	Solution - 13610	618	2744	183	0	56
59	Solution - 13610	618	2744	183	0	56
60	Solution - 13610	618	2744	183	0	56
61	Solution - 13610	618	2744	183	0	56
62	Solution - 13610	618	2744	183	0	56
63	Solution - 13610	618	2744	183	0	56
64	Solution - 13610	618	2744	183	0	56
65	Solution - 13610	618	2744	183	0	56
66	Solution - 13610	618	2744	183	0	56
67	Solution - 13610	618	2744	183	0	56
68	Solution - 13610	618	2744	183	0	56
69	Solution - 13610	618	2744	183	0	56
70	Solution - 13610	618	2744	183	0	56
71	Solution - 13610	618	2744	183	0	56
72	Solution - 13610	618	2744	183	0	56
73	Solution - 13610	618	2744	183	0	56
74	Solution - 13610	618	2744	183	0	56
75	Solution - 13610	618	2744	183	0	56
76	Solution - 13610	618	2744	183	0	56
77	Solution - 13610	618	2744	183	0	56
78	Solution - 13610	618	2744	183	0	56
79	Solution - 13610	618	2744	183	0	56
80	Solution - 13610	618	2744	183	0	56
81	Solution - 13610	618	2744	183	0	56
82	Solution - 13610	618	2744	183	0	56
83	Solution - 13610	618	2744	183	0	56
84	Solution - 13610	618	2744	183	0	56
85	Solution - 13610	618	2744	183	0	56
86	Solution - 13610	618	2744	183	0	56
87	Solution - 13610	618	2744	183	0	56
88	Solution - 13610	618	2744	183	0	56
89	Solution - 13610	618	2744	183	0	56
90	Solution - 13610	618	2744	183	0	56
91	Solution - 13610	618	2744	183	0	56
92	Solution - 13610	618	2744	183	0	56
93	Solution - 13610	618	2744	183	0	56
94	Solution - 13610	618	2744	183	0	56
95	Solution - 13610	618	2744	183	0	56
96	Solution - 13610	618	2744	183	0	56
97	Solution - 13610	618	2744	183	0	56
98	Solution - 13610	618	2744	183	0	56
99	Solution - 13610	618	2744	183	0	56
