0	Solution - 17383	618	2787	241	0	58
1	Solution - 17383	618	2787	241	0	58
2	Solution - 17383	618	2787	241	0	58
3	Solution - 17383	618	2787	241	0	58
4	Solution - 17383	618	2787	241	0	58
5	Solution - 17383	618	2787	241	0	58
6	Solution - 17383	618	2787	241	0	58
7	Solution - 17383	618	2787	241	0	58
8	Solution - 17383	618	2787	241	0	58
9	Solution - 17383	618	2787	241	0	58
10	Solution - 17383	618	2787	241	0	58
11	Solution - 17383	618	2787	241	0	58
12	Solution - 17383	618	2787	241	0	58
13	Solution - 17383	618	2787	241	0	58
14	Solution - 17383	618	2787	241	0	58
15	Solution - 17383	618	2787	241	0	58
16	Solution - 17383	618	2787	241	0	58
17	Solution - 17383	618	2787	241	0	58
18	Solution - 17383	618	2787	241	0	58
19	Solution - 17383	618	2787	241	0	58
20	Solution - 16823	616	2751	232	0	58
21	Solution - 16823	616	2751	232	0	58
22	Solution - 16792	608	2728	232	0	58
23	Solution - 16792	608	2728	232	0	58
24	Solution - 16792	608	2728	232	0	58
25	Solution - 16792	608	2728	232	0	58
26	Solution - 16792	608	2728	232	0	58
27	Solution - 16792	608	2728	232	0	58
28	Solution - 16792	608	2728	232	0	58
29	Solution - 16792	608	2728	232	0	58
30	Solution - 16792	608	2728	232	0	58
31	Solution - 16792	608	2728	232	0	58
32	Solution - 16792	608	2728	232	0	58
33	Solution - 16792	608	2728	232	0	58
34	Solution - 16792	608	2728	232	0	58
35	Solution - 16792	608	2728	232	0	58
36	Solution - 16792	608	2728	232	0	58
37	Solution - 16792	608	2728	232	0	58
38	Solution - 16792	608	2728	232	0	58
39	Solution - 16792	608	2728	232	0	58
40	Solution - 16792	608	2728	232	0	58
41	Solution - 16792	608	2728	232	0	58
42	Solution - 16792	608	2728	232	0	58
43	Solution - 16792	608	2728	232	0	58
44	Solution - 16792	608	2728	232	0	58
45	Solution - 16792	608	2728	232	0	58
46	Solution - 16792	608	2728	232	0	58
47	Solution - 16792	608	2728	232	0	58
48	Solution - 16792	608	2728	232	0	58
49	Solution - 16792	608	2728	232	0	58
50	Solution - 16792	608	2728	232	0	58
51	Solution - 16792	608	2728	232	0	58
52	Solution - 16792	608	2728	232	0	58
53	Solution - 16792	608	2728	232	0	58
54	Solution - 16792	608	2728	232	0	58
55	Solution - 16792	608	2728	232	0	58
56	Solution - 16792	608	2728	232	0	58
57	Solution - 16792	608	2728	232	0	58
58	Solution - 16792	608	2728	232	0	58
59	Solution - 16792	608	2728	232	0	58
60	Solution - 16792	608	2728	232	0	58
61	Solution - 16792	608	2728	232	0	58
62	Solution - 16792	608	2728	232	0	58
63	Solution - 16792	608	2728	232	0	58
64	Solution - 16792	608	2728	232	0	58
65	Solution - 16792	608	2728	232	0	58
66	Solution - 16792	608	2728	232	0	58
67	Solution - 16792	608	2728	232	0	58
68	Solution - 16792	608	2728	232	0	58
69	Solution - 16792	608	2728	232	0	58
70	Solution - 16792	608	2728	232	0	58
71	Solution - 16792	608	2728	232	0	58
72	Solution - 16792	608	2728	232	0	58
73	Solution - 16792	608	2728	232	0	58
74	Solution - 16792	608	2728	232	0	58
75	Solution - 16792	608	2728	232	0	58
76	Solution - 16792	608	2728	232	0	58
77	Solution - 16792	608	2728	232	0	58
78	Solution - 16792	608	2728	232	0	58
79	Solution - 16792	608	2728	232	0	58
80	Solution - 16792	608	2728	232	0	58
81	Solution - 16792	608	2728	232	0	58
82	Solution - 16792	608	2728	232	0	58
83	Solution - 16792	608	2728	232	0	58
84	Solution - 16792	608	2728	232	0	58
85	Solution - 16792	608	2728	232	0	58
86	Solution - 16792	608	2728	232	0	58
87	Solution - 16792	608	2728	232	0	58
88	Solution - 16792	608	2728	232	0	58
89	Solution - 16792	608	2728	232	0	58
90	Solution - 16792	608	2728	232	0	58
91	Solution - 16792	608	2728	232	0	58
92	Solution - 16792	608	2728	232	0	58
93	Solution - 16792	608	2728	232	0	58
94	Solution - 16792	608	2728	232	0	58
95	Solution - 16792	608	2728	232	0	58
96	Solution - 16792	608	2728	232	0	58
97	Solution - 16792	608	2728	232	0	58
98	Solution - 16792	608	2728	232	0	58
99	Solution - 16792	608	2728	232	0	58
