0	Solution - 19224	625	2807	282	0	56
1	Solution - 17246	605	2721	240	0	58
2	Solution - 17246	605	2721	240	0	58
3	Solution - 17246	605	2721	240	0	58
4	Solution - 17246	605	2721	240	0	58
5	Solution - 17246	605	2721	240	0	58
6	Solution - 17246	605	2721	240	0	58
7	Solution - 17246	605	2721	240	0	58
8	Solution - 17246	605	2721	240	0	58
9	Solution - 17246	605	2721	240	0	58
10	Solution - 17246	605	2721	240	0	58
11	Solution - 17100	624	2796	240	0	57
12	Solution - 17100	624	2796	240	0	57
13	Solution - 15768	620	2772	221	0	56
14	Solution - 15768	620	2772	221	0	56
15	Solution - 15768	620	2772	221	0	56
16	Solution - 15768	620	2772	221	0	56
17	Solution - 15768	620	2772	221	0	56
18	Solution - 15768	620	2772	221	0	56
19	Solution - 15768	620	2772	221	0	56
20	Solution - 15768	620	2772	221	0	56
21	Solution - 15768	620	2772	221	0	56
22	Solution - 15768	620	2772	221	0	56
23	Solution - 15768	620	2772	221	0	56
24	Solution - 15768	620	2772	221	0	56
25	Solution - 15768	620	2772	221	0	56
26	Solution - 15768	620	2772	221	0	56
27	Solution - 15768	620	2772	221	0	56
28	Solution - 15768	620	2772	221	0	56
29	Solution - 15768	620	2772	221	0	56
30	Solution - 15581	604	2712	223	0	55
31	Solution - 15581	604	2712	223	0	55
32	Solution - 15581	604	2712	223	0	55
33	Solution - 15581	604	2712	223	0	55
34	Solution - 15581	604	2712	223	0	55
35	Solution - 15581	604	2712	223	0	55
36	Solution - 15581	604	2712	223	0	55
37	Solution - 15581	604	2712	223	0	55
38	Solution - 15581	604	2712	223	0	55
39	Solution - 15581	604	2712	223	0	55
40	Solution - 15581	604	2712	223	0	55
41	Solution - 15581	604	2712	223	0	55
42	Solution - 15581	604	2712	223	0	55
43	Solution - 15581	604	2712	223	0	55
44	Solution - 15581	604	2712	223	0	55
45	Solution - 15581	604	2712	223	0	55
46	Solution - 15581	604	2712	223	0	55
47	Solution - 15581	604	2712	223	0	55
48	Solution - 15581	604	2712	223	0	55
49	Solution - 15581	604	2712	223	0	55
50	Solution - 15581	604	2712	223	0	55
51	Solution - 15581	604	2712	223	0	55
52	Solution - 15581	604	2712	223	0	55
53	Solution - 15581	604	2712	223	0	55
54	Solution - 15581	604	2712	223	0	55
55	Solution - 15581	604	2712	223	0	55
56	Solution - 15581	604	2712	223	0	55
57	Solution - 15581	604	2712	223	0	55
58	Solution - 15581	604	2712	223	0	55
59	Solution - 15581	604	2712	223	0	55
60	Solution - 15581	604	2712	223	0	55
61	Solution - 15581	604	2712	223	0	55
62	Solution - 15581	604	2712	223	0	55
63	Solution - 15581	604	2712	223	0	55
64	Solution - 15581	604	2712	223	0	55
65	Solution - 15581	604	2712	223	0	55
66	Solution - 15581	604	2712	223	0	55
67	Solution - 15581	604	2712	223	0	55
68	Solution - 15581	604	2712	223	0	55
69	Solution - 15581	604	2712	223	0	55
70	Solution - 15581	604	2712	223	0	55
71	Solution - 15581	604	2712	223	0	55
72	Solution - 15581	604	2712	223	0	55
73	Solution - 15581	604	2712	223	0	55
74	Solution - 15581	604	2712	223	0	55
75	Solution - 15581	604	2712	223	0	55
76	Solution - 15581	604	2712	223	0	55
77	Solution - 15581	604	2712	223	0	55
78	Solution - 15581	604	2712	223	0	55
79	Solution - 15581	604	2712	223	0	55
80	Solution - 15581	604	2712	223	0	55
81	Solution - 15581	604	2712	223	0	55
82	Solution - 15581	604	2712	223	0	55
83	Solution - 15581	604	2712	223	0	55
84	Solution - 15581	604	2712	223	0	55
85	Solution - 15581	604	2712	223	0	55
86	Solution - 15581	604	2712	223	0	55
87	Solution - 15581	604	2712	223	0	55
88	Solution - 15581	604	2712	223	0	55
89	Solution - 15581	604	2712	223	0	55
90	Solution - 15581	604	2712	223	0	55
91	Solution - 15581	604	2712	223	0	55
92	Solution - 15581	604	2712	223	0	55
93	Solution - 15581	604	2712	223	0	55
94	Solution - 15581	604	2712	223	0	55
95	Solution - 15581	604	2712	223	0	55
96	Solution - 15581	604	2712	223	0	55
97	Solution - 15581	604	2712	223	0	55
98	Solution - 15581	604	2712	223	0	55
99	Solution - 15581	604	2712	223	0	55
