19157
19157
19157
19157
19157
18775
18775
16849
16849
16849
16849
16807
16807
16807
16807
16807
16323
16323
16323
16323
16323
15864
15864
15864
15864
15864
15864
15864
15864
15864
15864
15864
15864
15864
15864
15864
15864
15864
15864
15864
15864
15864
15864
15864
15864
15864
15864
15864
15864
15864
15864
15864
15864
15864
15864
15864
15864
15864
15864
15864
15864
15864
15864
15864
15864
15864
15864
15864
15864
15864
15864
15864
15864
15864
15864
15864
15864
15864
15864
15864
15864
15864
15864
15864
15864
15864
15864
15864
15206
15206
15206
15206
15206
15206
15206
15206
15206
15206
15206
15206
