22618
17211
17211
17211
17211
16607
16607
16607
16607
16607
16607
16607
16607
16607
16607
16607
16607
16607
16607
16607
15741
15741
15741
15741
15741
15741
15741
15741
15741
15741
15741
15741
15741
15741
15741
15741
15741
15741
15741
15741
15741
15741
15741
15741
15741
15741
15741
15741
15741
15741
15741
15741
15741
15741
15741
15741
15741
15741
15741
15741
15741
15741
15741
15741
15741
15741
15741
15741
15741
15741
15741
15741
15741
15741
15741
15741
15741
15741
15741
15741
15741
15741
14734
14734
14734
14734
14734
14734
14734
14734
14734
14734
14734
14734
14734
14734
14734
14734
14734
14734
