18689
18689
18689
18689
18689
17384
17384
17384
17384
17384
17384
17384
17384
17384
17384
17384
17384
16434
16434
16434
16434
16434
16434
16434
16434
16434
16434
16434
16434
16434
16434
16434
16434
16434
16434
16434
16434
16434
16434
16434
16434
16434
16434
16434
16434
16434
16434
16434
16434
16434
16434
16434
16434
16235
16235
16235
16235
16235
16235
16235
16235
16235
16235
16235
16235
16235
16235
16235
16235
16235
16235
16235
16235
16235
16235
16235
16235
16235
16235
16235
16235
16235
16235
16235
16235
16235
16235
16235
16235
16235
16235
16235
16235
16235
16235
16235
16235
16235
16235
16235
