20757
18415
18415
18415
18415
18415
18415
18415
18415
16460
16460
16460
16460
16460
16460
16460
16460
16460
16460
16460
16460
16460
16460
16460
16460
16460
16460
16460
16460
16460
16460
16460
16460
16460
15319
15319
15319
15319
15319
15319
15319
15319
15319
15319
15319
15319
15319
15319
15319
15319
15319
15319
15319
15319
15071
15071
15071
15071
15071
15071
15071
15071
15071
15071
15071
15071
15071
15071
15071
15071
15071
15071
15071
15071
15071
15071
15071
15071
15071
15071
15071
15071
15071
15071
15071
15071
15071
15071
15071
15071
15071
15071
15071
15071
15071
15071
15071
15071
15071
15071
