0	Solution - 19101	625	2796	280	0	56
1	Solution - 18386	616	2762	268	0	56
2	Solution - 18386	616	2762	268	0	56
3	Solution - 18386	616	2762	268	0	56
4	Solution - 17740	615	2770	261	0	55
5	Solution - 17740	615	2770	261	0	55
6	Solution - 17740	615	2770	261	0	55
7	Solution - 17740	615	2770	261	0	55
8	Solution - 17740	615	2770	261	0	55
9	Solution - 17740	615	2770	261	0	55
10	Solution - 17363	628	2827	244	0	57
11	Solution - 17363	628	2827	244	0	57
12	Solution - 17363	628	2827	244	0	57
13	Solution - 17363	628	2827	244	0	57
14	Solution - 17363	628	2827	244	0	57
15	Solution - 16649	616	2751	229	0	58
16	Solution - 16649	616	2751	229	0	58
17	Solution - 16649	616	2751	229	0	58
18	Solution - 16649	616	2751	229	0	58
19	Solution - 16649	616	2751	229	0	58
20	Solution - 16649	616	2751	229	0	58
21	Solution - 16649	616	2751	229	0	58
22	Solution - 16649	616	2751	229	0	58
23	Solution - 16649	616	2751	229	0	58
24	Solution - 16649	616	2751	229	0	58
25	Solution - 16649	616	2751	229	0	58
26	Solution - 16649	616	2751	229	0	58
27	Solution - 16649	616	2751	229	0	58
28	Solution - 16649	616	2751	229	0	58
29	Solution - 16377	615	2770	224	0	58
30	Solution - 16377	615	2770	224	0	58
31	Solution - 16377	615	2770	224	0	58
32	Solution - 16377	615	2770	224	0	58
33	Solution - 16377	615	2770	224	0	58
34	Solution - 16377	615	2770	224	0	58
35	Solution - 16377	615	2770	224	0	58
36	Solution - 16377	615	2770	224	0	58
37	Solution - 16377	615	2770	224	0	58
38	Solution - 16377	615	2770	224	0	58
39	Solution - 16377	615	2770	224	0	58
40	Solution - 16377	615	2770	224	0	58
41	Solution - 16377	615	2770	224	0	58
42	Solution - 16377	615	2770	224	0	58
43	Solution - 15643	607	2724	216	0	57
44	Solution - 15643	607	2724	216	0	57
45	Solution - 15643	607	2724	216	0	57
46	Solution - 15643	607	2724	216	0	57
47	Solution - 15643	607	2724	216	0	57
48	Solution - 15643	607	2724	216	0	57
49	Solution - 15643	607	2724	216	0	57
50	Solution - 15643	607	2724	216	0	57
51	Solution - 15643	607	2724	216	0	57
52	Solution - 15643	607	2724	216	0	57
53	Solution - 15643	607	2724	216	0	57
54	Solution - 15643	607	2724	216	0	57
55	Solution - 15643	607	2724	216	0	57
56	Solution - 15643	607	2724	216	0	57
57	Solution - 15643	607	2724	216	0	57
58	Solution - 15643	607	2724	216	0	57
59	Solution - 15643	607	2724	216	0	57
60	Solution - 15643	607	2724	216	0	57
61	Solution - 15643	607	2724	216	0	57
62	Solution - 15643	607	2724	216	0	57
63	Solution - 15643	607	2724	216	0	57
64	Solution - 15643	607	2724	216	0	57
65	Solution - 15643	607	2724	216	0	57
66	Solution - 15643	607	2724	216	0	57
67	Solution - 15643	607	2724	216	0	57
68	Solution - 15643	607	2724	216	0	57
69	Solution - 15643	607	2724	216	0	57
70	Solution - 15643	607	2724	216	0	57
71	Solution - 15643	607	2724	216	0	57
72	Solution - 15643	607	2724	216	0	57
73	Solution - 15643	607	2724	216	0	57
74	Solution - 15643	607	2724	216	0	57
75	Solution - 15643	607	2724	216	0	57
76	Solution - 15643	607	2724	216	0	57
77	Solution - 15643	607	2724	216	0	57
78	Solution - 15643	607	2724	216	0	57
79	Solution - 15643	607	2724	216	0	57
80	Solution - 15643	607	2724	216	0	57
81	Solution - 15643	607	2724	216	0	57
82	Solution - 15643	607	2724	216	0	57
83	Solution - 15643	607	2724	216	0	57
84	Solution - 15643	607	2724	216	0	57
85	Solution - 15643	607	2724	216	0	57
86	Solution - 15643	607	2724	216	0	57
87	Solution - 15643	607	2724	216	0	57
88	Solution - 15643	607	2724	216	0	57
89	Solution - 15643	607	2724	216	0	57
90	Solution - 15643	607	2724	216	0	57
91	Solution - 15643	607	2724	216	0	57
92	Solution - 15643	607	2724	216	0	57
93	Solution - 15643	607	2724	216	0	57
94	Solution - 15643	607	2724	216	0	57
95	Solution - 15643	607	2724	216	0	57
96	Solution - 15643	607	2724	216	0	57
97	Solution - 15643	607	2724	216	0	57
98	Solution - 15643	607	2724	216	0	57
99	Solution - 15643	607	2724	216	0	57
