18658
18532
18058
16328
16328
16328
16328
16328
16328
16328
16328
16328
16328
16328
16328
16328
16328
16328
16328
16328
16328
16328
16328
16328
16328
16328
16328
16328
16328
16328
16328
16328
16328
16328
16328
16328
16328
16328
16328
16328
16328
16328
16328
16328
16328
16328
16328
16328
16328
16328
16328
16328
16328
16328
16328
16328
16328
16328
16328
16328
16328
16328
16328
16328
16328
16328
16328
16328
16328
16328
16328
16328
16328
16328
16328
16328
16328
16328
16328
16328
16328
16328
16328
16328
16328
16328
16328
16328
16328
16328
16328
16328
16328
16328
16328
16328
16328
16328
16328
16328
