16758
16758
16758
16758
16758
16758
16758
16758
16758
16758
16758
16758
16758
16758
16758
16758
16758
16758
16758
16758
16758
16758
16758
16758
16758
16758
16758
16758
16758
16758
16752
16752
16752
16752
16752
16752
16752
16200
16200
16200
16200
16200
16200
16200
16200
16200
16200
16200
16200
16200
16200
16200
16200
16200
16200
16200
16200
16200
16200
16200
16200
16200
16200
16200
16200
16200
16200
16200
16200
16200
16200
16200
16200
16200
16200
16200
16200
16200
16200
16200
16200
16200
16200
16200
16200
16200
16200
16200
16200
16200
16200
16200
16200
16200
16200
16200
16200
16200
16200
16200
