18898
18898
15677
15677
15677
15677
15677
15677
15677
15677
15677
15677
15677
15677
15677
15677
15677
15677
15677
15677
15677
15677
15677
15677
15677
15677
15677
15677
15677
15677
15677
15677
15677
15677
15677
15677
15677
15677
15677
15677
15677
15677
15677
15677
15677
15677
15677
15677
15677
15677
15677
15677
15677
15677
15677
15677
15677
15677
15677
15677
15677
15677
15677
15677
15677
15677
15677
15677
15677
15677
15677
15677
15677
15677
15677
15677
15677
15677
15677
15677
15677
15677
15677
15677
15677
15677
15677
15677
15677
15677
15677
15677
15677
15677
15677
15677
15677
15677
15677
15677
