18819
18819
18623
18623
18623
18623
18623
18623
18623
18623
18623
18623
17185
17185
17185
17185
17185
17185
17185
17185
17185
17185
17185
17185
17185
17185
17185
17185
17185
17185
17185
17185
17185
17185
17185
17185
17185
17185
17185
17185
17185
17185
17185
17185
17185
17185
16927
16927
16927
16927
16927
16927
16927
16927
16927
16927
16927
16927
16927
16927
16927
16927
16927
16927
16927
16927
16927
16927
16927
16927
16927
16927
16927
16927
16927
16927
16927
16927
16927
16927
16927
16927
16927
16927
16927
16927
16927
16927
16927
16927
16927
16927
16927
16927
16927
16927
16927
16927
16927
16927
