20350
18770
16732
16732
16732
16732
16732
16732
16732
16732
16732
16732
16732
16732
16732
16732
16732
16732
16732
16732
16732
16732
16732
16732
16732
16011
16011
16011
15889
15889
15889
15889
15889
15889
15889
15889
15889
15889
15677
15677
15677
15677
15677
15677
15677
15677
15677
15677
15677
15677
15677
15677
15677
15677
15677
15677
15677
15677
15677
15677
15677
15677
15677
15677
15677
15677
15677
15677
15677
15677
15677
15677
15677
15677
15677
15677
15677
15677
15677
15677
15677
15677
15677
15677
15677
15677
15677
15677
15677
15677
15677
15677
15677
15677
15677
15677
15677
15677
15677
15677
