19708
18585
18585
18585
18585
18585
18585
18585
18494
17956
17062
17062
17062
17062
17062
16975
16975
16975
16975
16975
16975
16975
16975
16975
16975
16975
16646
16646
16646
16646
16646
15263
15263
15263
15263
15263
15263
15263
15263
15263
15263
15263
15263
15263
15263
15263
15263
15263
15263
15263
15263
15263
15263
15263
15263
15263
15263
15263
15263
15263
15263
15263
15263
15263
15263
15263
15263
15263
15263
15263
15263
15263
15263
15263
15263
15263
15263
15263
15263
15263
15263
15263
15263
15263
15263
15263
15263
15263
15263
15263
15263
15263
15263
15263
15263
15263
15263
15263
15263
15263
