18304
18304
18304
18304
18304
18304
18304
18304
18304
18304
18304
18304
16715
16715
16715
16715
16715
16715
16715
16715
16715
16715
16715
16715
16715
16715
16715
16715
16715
16298
16298
16298
16298
16298
16298
16298
16298
16298
16298
16298
16298
15431
15431
15431
15431
15431
15431
15431
15431
15431
15431
15431
15431
15431
15431
15431
15431
15431
15431
15431
15431
15431
15431
15431
15431
15431
15431
15431
15431
15431
15431
15431
15431
15431
15431
15431
15431
15431
15431
15431
15431
15431
15431
15431
15431
15431
15431
15431
15431
15431
15431
15431
15431
15431
15431
15431
15431
15431
15431
15431
