0	Solution - 19192	615	2788	277	0	57
1	Solution - 19192	615	2788	277	0	57
2	Solution - 18127	621	2766	268	0	55
3	Solution - 18127	621	2766	268	0	55
4	Solution - 18127	621	2766	268	0	55
5	Solution - 18127	621	2766	268	0	55
6	Solution - 18127	621	2766	268	0	55
7	Solution - 18127	621	2766	268	0	55
8	Solution - 18127	621	2766	268	0	55
9	Solution - 18127	621	2766	268	0	55
10	Solution - 18127	621	2766	268	0	55
11	Solution - 18127	621	2766	268	0	55
12	Solution - 18127	621	2766	268	0	55
13	Solution - 18050	610	2768	262	0	56
14	Solution - 18050	610	2768	262	0	56
15	Solution - 17618	635	2831	244	0	58
16	Solution - 17618	635	2831	244	0	58
17	Solution - 17618	635	2831	244	0	58
18	Solution - 17618	635	2831	244	0	58
19	Solution - 17618	635	2831	244	0	58
20	Solution - 17618	635	2831	244	0	58
21	Solution - 17618	635	2831	244	0	58
22	Solution - 17618	635	2831	244	0	58
23	Solution - 17081	606	2729	237	0	58
24	Solution - 17081	606	2729	237	0	58
25	Solution - 17081	606	2729	237	0	58
26	Solution - 17081	606	2729	237	0	58
27	Solution - 17081	606	2729	237	0	58
28	Solution - 15535	620	2774	213	0	57
29	Solution - 15535	620	2774	213	0	57
30	Solution - 15535	620	2774	213	0	57
31	Solution - 15535	620	2774	213	0	57
32	Solution - 15535	620	2774	213	0	57
33	Solution - 15535	620	2774	213	0	57
34	Solution - 15535	620	2774	213	0	57
35	Solution - 15535	620	2774	213	0	57
36	Solution - 15535	620	2774	213	0	57
37	Solution - 15535	620	2774	213	0	57
38	Solution - 15535	620	2774	213	0	57
39	Solution - 15535	620	2774	213	0	57
40	Solution - 15535	620	2774	213	0	57
41	Solution - 15535	620	2774	213	0	57
42	Solution - 15535	620	2774	213	0	57
43	Solution - 15535	620	2774	213	0	57
44	Solution - 15535	620	2774	213	0	57
45	Solution - 15535	620	2774	213	0	57
46	Solution - 15535	620	2774	213	0	57
47	Solution - 15535	620	2774	213	0	57
48	Solution - 15535	620	2774	213	0	57
49	Solution - 15535	620	2774	213	0	57
50	Solution - 15535	620	2774	213	0	57
51	Solution - 15535	620	2774	213	0	57
52	Solution - 15535	620	2774	213	0	57
53	Solution - 15535	620	2774	213	0	57
54	Solution - 15535	620	2774	213	0	57
55	Solution - 15535	620	2774	213	0	57
56	Solution - 15535	620	2774	213	0	57
57	Solution - 15535	620	2774	213	0	57
58	Solution - 15535	620	2774	213	0	57
59	Solution - 15535	620	2774	213	0	57
60	Solution - 15535	620	2774	213	0	57
61	Solution - 15535	620	2774	213	0	57
62	Solution - 15535	620	2774	213	0	57
63	Solution - 15535	620	2774	213	0	57
64	Solution - 14678	616	2782	188	0	60
65	Solution - 14678	616	2782	188	0	60
66	Solution - 14678	616	2782	188	0	60
67	Solution - 14678	616	2782	188	0	60
68	Solution - 14678	616	2782	188	0	60
69	Solution - 14678	616	2782	188	0	60
70	Solution - 14678	616	2782	188	0	60
71	Solution - 14678	616	2782	188	0	60
72	Solution - 14678	616	2782	188	0	60
73	Solution - 14678	616	2782	188	0	60
74	Solution - 14678	616	2782	188	0	60
75	Solution - 14678	616	2782	188	0	60
76	Solution - 14678	616	2782	188	0	60
77	Solution - 14678	616	2782	188	0	60
78	Solution - 14678	616	2782	188	0	60
79	Solution - 14678	616	2782	188	0	60
80	Solution - 14678	616	2782	188	0	60
81	Solution - 14678	616	2782	188	0	60
82	Solution - 14678	616	2782	188	0	60
83	Solution - 14678	616	2782	188	0	60
84	Solution - 14678	616	2782	188	0	60
85	Solution - 14678	616	2782	188	0	60
86	Solution - 14678	616	2782	188	0	60
87	Solution - 14678	616	2782	188	0	60
88	Solution - 14678	616	2782	188	0	60
89	Solution - 14678	616	2782	188	0	60
90	Solution - 14678	616	2782	188	0	60
91	Solution - 14678	616	2782	188	0	60
92	Solution - 14678	616	2782	188	0	60
93	Solution - 14678	616	2782	188	0	60
94	Solution - 14678	616	2782	188	0	60
95	Solution - 14678	616	2782	188	0	60
96	Solution - 14678	616	2782	188	0	60
97	Solution - 14678	616	2782	188	0	60
98	Solution - 14678	616	2782	188	0	60
99	Solution - 14678	616	2782	188	0	60
