20307
18920
18788
18159
15026
15026
15026
15026
15026
15026
15026
15026
15026
15026
15026
15026
15026
15026
15026
15026
15026
15026
15026
15026
15026
15026
15026
15026
14771
14771
14771
14771
14771
14771
14771
14771
14771
14771
14771
14771
14771
14771
14771
14771
14771
14771
14771
14771
14771
14771
14771
14771
14771
14771
14771
14771
14771
14771
14771
14771
14771
14771
14771
14771
14771
14771
14771
14771
14771
14771
14771
14771
14771
14771
14771
14771
14771
14771
14771
14771
14771
14771
14771
14771
14771
14771
14771
14771
14771
14771
14771
14771
14771
14771
14771
14771
14771
14771
14771
14771
