0	Solution - 21306	638	2850	302	0	59
1	Solution - 20123	633	2846	292	0	57
2	Solution - 20123	633	2846	292	0	57
3	Solution - 17947	606	2725	252	0	58
4	Solution - 17947	606	2725	252	0	58
5	Solution - 17947	606	2725	252	0	58
6	Solution - 17348	638	2845	235	0	59
7	Solution - 17348	638	2845	235	0	59
8	Solution - 17348	638	2845	235	0	59
9	Solution - 16027	616	2757	222	0	57
10	Solution - 16027	616	2757	222	0	57
11	Solution - 16027	616	2757	222	0	57
12	Solution - 16027	616	2757	222	0	57
13	Solution - 16027	616	2757	222	0	57
14	Solution - 16027	616	2757	222	0	57
15	Solution - 16027	616	2757	222	0	57
16	Solution - 16027	616	2757	222	0	57
17	Solution - 16027	616	2757	222	0	57
18	Solution - 16027	616	2757	222	0	57
19	Solution - 16027	616	2757	222	0	57
20	Solution - 16027	616	2757	222	0	57
21	Solution - 16027	616	2757	222	0	57
22	Solution - 16027	616	2757	222	0	57
23	Solution - 16027	616	2757	222	0	57
24	Solution - 16027	616	2757	222	0	57
25	Solution - 16027	616	2757	222	0	57
26	Solution - 16027	616	2757	222	0	57
27	Solution - 16027	616	2757	222	0	57
28	Solution - 16027	616	2757	222	0	57
29	Solution - 16027	616	2757	222	0	57
30	Solution - 16027	616	2757	222	0	57
31	Solution - 16027	616	2757	222	0	57
32	Solution - 16027	616	2757	222	0	57
33	Solution - 16027	616	2757	222	0	57
34	Solution - 16027	616	2757	222	0	57
35	Solution - 16027	616	2757	222	0	57
36	Solution - 16027	616	2757	222	0	57
37	Solution - 16027	616	2757	222	0	57
38	Solution - 16027	616	2757	222	0	57
39	Solution - 16027	616	2757	222	0	57
40	Solution - 16027	616	2757	222	0	57
41	Solution - 16027	616	2757	222	0	57
42	Solution - 16027	616	2757	222	0	57
43	Solution - 16027	616	2757	222	0	57
44	Solution - 16027	616	2757	222	0	57
45	Solution - 16027	616	2757	222	0	57
46	Solution - 16027	616	2757	222	0	57
47	Solution - 16027	616	2757	222	0	57
48	Solution - 16027	616	2757	222	0	57
49	Solution - 16027	616	2757	222	0	57
50	Solution - 16027	616	2757	222	0	57
51	Solution - 16027	616	2757	222	0	57
52	Solution - 16027	616	2757	222	0	57
53	Solution - 16027	616	2757	222	0	57
54	Solution - 16027	616	2757	222	0	57
55	Solution - 16027	616	2757	222	0	57
56	Solution - 16027	616	2757	222	0	57
57	Solution - 16027	616	2757	222	0	57
58	Solution - 16027	616	2757	222	0	57
59	Solution - 16027	616	2757	222	0	57
60	Solution - 16027	616	2757	222	0	57
61	Solution - 16027	616	2757	222	0	57
62	Solution - 16027	616	2757	222	0	57
63	Solution - 16027	616	2757	222	0	57
64	Solution - 16027	616	2757	222	0	57
65	Solution - 15194	626	2850	189	0	62
66	Solution - 15194	626	2850	189	0	62
67	Solution - 15194	626	2850	189	0	62
68	Solution - 15194	626	2850	189	0	62
69	Solution - 15194	626	2850	189	0	62
70	Solution - 15194	626	2850	189	0	62
71	Solution - 15194	626	2850	189	0	62
72	Solution - 15194	626	2850	189	0	62
73	Solution - 15194	626	2850	189	0	62
74	Solution - 15194	626	2850	189	0	62
75	Solution - 15194	626	2850	189	0	62
76	Solution - 15194	626	2850	189	0	62
77	Solution - 15194	626	2850	189	0	62
78	Solution - 15194	626	2850	189	0	62
79	Solution - 15194	626	2850	189	0	62
80	Solution - 15194	626	2850	189	0	62
81	Solution - 15194	626	2850	189	0	62
82	Solution - 15194	626	2850	189	0	62
83	Solution - 15194	626	2850	189	0	62
84	Solution - 15194	626	2850	189	0	62
85	Solution - 15194	626	2850	189	0	62
86	Solution - 15194	626	2850	189	0	62
87	Solution - 15194	626	2850	189	0	62
88	Solution - 15194	626	2850	189	0	62
89	Solution - 15194	626	2850	189	0	62
90	Solution - 15194	626	2850	189	0	62
91	Solution - 14765	635	2844	198	0	57
92	Solution - 14765	635	2844	198	0	57
93	Solution - 14765	635	2844	198	0	57
94	Solution - 14765	635	2844	198	0	57
95	Solution - 14765	635	2844	198	0	57
96	Solution - 14765	635	2844	198	0	57
97	Solution - 14765	635	2844	198	0	57
98	Solution - 14765	635	2844	198	0	57
99	Solution - 14765	635	2844	198	0	57
