19224
17246
17246
17246
17246
17246
17246
17246
17246
17246
17246
17100
17100
15768
15768
15768
15768
15768
15768
15768
15768
15768
15768
15768
15768
15768
15768
15768
15768
15768
15581
15581
15581
15581
15581
15581
15581
15581
15581
15581
15581
15581
15581
15581
15581
15581
15581
15581
15581
15581
15581
15581
15581
15581
15581
15581
15581
15581
15581
15581
15581
15581
15581
15581
15581
15581
15581
15581
15581
15581
15581
15581
15581
15581
15581
15581
15581
15581
15581
15581
15581
15581
15581
15581
15581
15581
15581
15581
15581
15581
15581
15581
15581
15581
15581
15581
15581
15581
15581
15581
