20678
20678
18510
18510
18510
18510
18510
18510
16493
16493
16493
16493
16493
16493
16493
16493
14895
14895
14895
14895
14895
14895
14895
14895
14895
14895
14895
14895
14895
14895
14895
14895
14895
14895
14895
14895
14895
14895
14895
14895
14895
14895
14895
14895
14895
14895
14895
14895
14895
14895
14895
14895
14895
14895
14895
14895
14895
14895
14895
14895
14895
14895
14895
14895
14895
14895
14895
14895
14895
14895
14895
14895
14895
14895
14895
14895
14895
14895
14895
14895
14895
14895
14895
14895
14895
14895
14895
14895
14895
14895
14895
14895
14895
14895
14895
14895
14895
14895
14895
14895
