19792
19792
19674
19674
18547
18547
18474
18201
18201
17385
16437
16437
16437
16437
16437
16437
16437
16437
16437
16437
16437
16437
16437
16437
16437
16437
16437
16437
16437
16437
16437
16437
16437
16437
16437
16437
16437
16437
16437
16437
16437
16437
16437
16437
16437
16437
16437
16437
16437
16437
16437
16437
16437
16437
16437
16437
16437
16437
16437
16437
16437
16437
16437
16437
16437
16437
16437
16437
16437
16437
16437
16437
16437
16437
16437
16437
16437
14809
14809
14809
14809
14809
14809
14809
14809
14809
14809
14809
14809
14809
14809
14809
14809
14809
14809
14809
14809
14809
14809
14809
