0	Solution - 21529	615	2788	318	0	57
1	Solution - 19919	617	2772	285	0	58
2	Solution - 19919	617	2772	285	0	58
3	Solution - 18612	621	2769	258	0	59
4	Solution - 18612	621	2769	258	0	59
5	Solution - 18612	621	2769	258	0	59
6	Solution - 16668	618	2768	229	0	58
7	Solution - 16668	618	2768	229	0	58
8	Solution - 16668	618	2768	229	0	58
9	Solution - 16668	618	2768	229	0	58
10	Solution - 16668	618	2768	229	0	58
11	Solution - 16668	618	2768	229	0	58
12	Solution - 16668	618	2768	229	0	58
13	Solution - 16668	618	2768	229	0	58
14	Solution - 16668	618	2768	229	0	58
15	Solution - 16668	618	2768	229	0	58
16	Solution - 16668	618	2768	229	0	58
17	Solution - 16668	618	2768	229	0	58
18	Solution - 16668	618	2768	229	0	58
19	Solution - 16668	618	2768	229	0	58
20	Solution - 16668	618	2768	229	0	58
21	Solution - 16668	618	2768	229	0	58
22	Solution - 16668	618	2768	229	0	58
23	Solution - 16668	618	2768	229	0	58
24	Solution - 16668	618	2768	229	0	58
25	Solution - 16668	618	2768	229	0	58
26	Solution - 16668	618	2768	229	0	58
27	Solution - 16668	618	2768	229	0	58
28	Solution - 16668	618	2768	229	0	58
29	Solution - 16668	618	2768	229	0	58
30	Solution - 16668	618	2768	229	0	58
31	Solution - 16668	618	2768	229	0	58
32	Solution - 16668	618	2768	229	0	58
33	Solution - 16668	618	2768	229	0	58
34	Solution - 16668	618	2768	229	0	58
35	Solution - 16668	618	2768	229	0	58
36	Solution - 16668	618	2768	229	0	58
37	Solution - 16668	618	2768	229	0	58
38	Solution - 16668	618	2768	229	0	58
39	Solution - 16668	618	2768	229	0	58
40	Solution - 16668	618	2768	229	0	58
41	Solution - 16668	618	2768	229	0	58
42	Solution - 16668	618	2768	229	0	58
43	Solution - 16668	618	2768	229	0	58
44	Solution - 16668	618	2768	229	0	58
45	Solution - 16668	618	2768	229	0	58
46	Solution - 16668	618	2768	229	0	58
47	Solution - 16668	618	2768	229	0	58
48	Solution - 16668	618	2768	229	0	58
49	Solution - 16668	618	2768	229	0	58
50	Solution - 16668	618	2768	229	0	58
51	Solution - 16668	618	2768	229	0	58
52	Solution - 16668	618	2768	229	0	58
53	Solution - 16668	618	2768	229	0	58
54	Solution - 16668	618	2768	229	0	58
55	Solution - 16668	618	2768	229	0	58
56	Solution - 16668	618	2768	229	0	58
57	Solution - 16668	618	2768	229	0	58
58	Solution - 16668	618	2768	229	0	58
59	Solution - 16668	618	2768	229	0	58
60	Solution - 16668	618	2768	229	0	58
61	Solution - 16668	618	2768	229	0	58
62	Solution - 16668	618	2768	229	0	58
63	Solution - 16668	618	2768	229	0	58
64	Solution - 15931	632	2816	219	0	57
65	Solution - 15931	632	2816	219	0	57
66	Solution - 15931	632	2816	219	0	57
67	Solution - 15931	632	2816	219	0	57
68	Solution - 15931	632	2816	219	0	57
69	Solution - 15931	632	2816	219	0	57
70	Solution - 15931	632	2816	219	0	57
71	Solution - 15931	632	2816	219	0	57
72	Solution - 15931	632	2816	219	0	57
73	Solution - 15931	632	2816	219	0	57
74	Solution - 15931	632	2816	219	0	57
75	Solution - 15931	632	2816	219	0	57
76	Solution - 15931	632	2816	219	0	57
77	Solution - 15931	632	2816	219	0	57
78	Solution - 15931	632	2816	219	0	57
79	Solution - 15931	632	2816	219	0	57
80	Solution - 15931	632	2816	219	0	57
81	Solution - 15931	632	2816	219	0	57
82	Solution - 15931	632	2816	219	0	57
83	Solution - 15931	632	2816	219	0	57
84	Solution - 15931	632	2816	219	0	57
85	Solution - 15931	632	2816	219	0	57
86	Solution - 15931	632	2816	219	0	57
87	Solution - 15931	632	2816	219	0	57
88	Solution - 15931	632	2816	219	0	57
89	Solution - 15931	632	2816	219	0	57
90	Solution - 15931	632	2816	219	0	57
91	Solution - 15931	632	2816	219	0	57
92	Solution - 15931	632	2816	219	0	57
93	Solution - 15931	632	2816	219	0	57
94	Solution - 15931	632	2816	219	0	57
95	Solution - 15931	632	2816	219	0	57
96	Solution - 15931	632	2816	219	0	57
97	Solution - 15931	632	2816	219	0	57
98	Solution - 15931	632	2816	219	0	57
99	Solution - 15931	632	2816	219	0	57
