19326
17234
17234
17234
17234
17234
17234
17234
17234
17234
17234
17234
17234
17234
17234
17234
17234
17234
17234
17234
17001
17001
16504
15949
15949
15949
15949
15949
15949
15949
15949
15949
15949
15949
15949
15949
15949
15949
15949
15949
15949
15949
15949
15949
15949
13610
13610
13610
13610
13610
13610
13610
13610
13610
13610
13610
13610
13610
13610
13610
13610
13610
13610
13610
13610
13610
13610
13610
13610
13610
13610
13610
13610
13610
13610
13610
13610
13610
13610
13610
13610
13610
13610
13610
13610
13610
13610
13610
13610
13610
13610
13610
13610
13610
13610
13610
13610
13610
13610
13610
