23078
23078
17998
17998
17962
17962
17417
16263
16263
16263
16263
16263
16263
16263
16263
16263
16263
16263
16263
16263
16263
16263
16263
16263
16263
15877
15877
15877
15877
15877
15877
15877
15877
15877
15877
15877
15877
15877
15877
15877
15877
15877
15877
15877
15877
15877
15877
15877
15877
15877
15877
15877
15877
15877
15877
15877
15877
15877
15877
15877
15877
15877
15877
15877
15877
15877
15877
15877
15877
15877
15877
15877
15877
15877
15877
15877
15877
15877
15877
15877
15877
15877
15877
15877
15877
15877
15877
15877
15877
15877
15877
15877
15877
15877
15877
15877
15877
15877
15877
15877
