17383
17383
17383
17383
17383
17383
17383
17383
17383
17383
17383
17383
17383
17383
17383
17383
17383
17383
17383
17383
16823
16823
16792
16792
16792
16792
16792
16792
16792
16792
16792
16792
16792
16792
16792
16792
16792
16792
16792
16792
16792
16792
16792
16792
16792
16792
16792
16792
16792
16792
16792
16792
16792
16792
16792
16792
16792
16792
16792
16792
16792
16792
16792
16792
16792
16792
16792
16792
16792
16792
16792
16792
16792
16792
16792
16792
16792
16792
16792
16792
16792
16792
16792
16792
16792
16792
16792
16792
16792
16792
16792
16792
16792
16792
16792
16792
16792
16792
16792
16792
