20599
19277
17802
17802
17802
17802
17802
17802
17802
17802
16014
15452
15452
15452
15452
15452
15452
15452
15452
15452
15452
15452
15452
15452
15452
15452
15452
15452
15452
15452
15452
15452
15452
15452
15452
15452
15452
15452
15452
15452
15452
15452
15452
15452
15452
15452
15452
15452
15452
15452
15452
15452
15452
15452
15452
15452
15452
15452
15452
15452
15452
15452
15452
15452
15452
15452
15452
15452
15452
15452
15452
15452
15452
15452
15452
15452
15452
15452
15452
15452
15452
15452
15452
15452
15452
15452
15452
15452
15452
15452
15452
15452
15452
15452
15452
15452
15452
15452
15452
15452
