0	Solution - 18689	629	2838	258	0	59
1	Solution - 18689	629	2838	258	0	59
2	Solution - 18689	629	2838	258	0	59
3	Solution - 18689	629	2838	258	0	59
4	Solution - 18689	629	2838	258	0	59
5	Solution - 17384	624	2816	249	0	56
6	Solution - 17384	624	2816	249	0	56
7	Solution - 17384	624	2816	249	0	56
8	Solution - 17384	624	2816	249	0	56
9	Solution - 17384	624	2816	249	0	56
10	Solution - 17384	624	2816	249	0	56
11	Solution - 17384	624	2816	249	0	56
12	Solution - 17384	624	2816	249	0	56
13	Solution - 17384	624	2816	249	0	56
14	Solution - 17384	624	2816	249	0	56
15	Solution - 17384	624	2816	249	0	56
16	Solution - 17384	624	2816	249	0	56
17	Solution - 16434	618	2766	225	0	58
18	Solution - 16434	618	2766	225	0	58
19	Solution - 16434	618	2766	225	0	58
20	Solution - 16434	618	2766	225	0	58
21	Solution - 16434	618	2766	225	0	58
22	Solution - 16434	618	2766	225	0	58
23	Solution - 16434	618	2766	225	0	58
24	Solution - 16434	618	2766	225	0	58
25	Solution - 16434	618	2766	225	0	58
26	Solution - 16434	618	2766	225	0	58
27	Solution - 16434	618	2766	225	0	58
28	Solution - 16434	618	2766	225	0	58
29	Solution - 16434	618	2766	225	0	58
30	Solution - 16434	618	2766	225	0	58
31	Solution - 16434	618	2766	225	0	58
32	Solution - 16434	618	2766	225	0	58
33	Solution - 16434	618	2766	225	0	58
34	Solution - 16434	618	2766	225	0	58
35	Solution - 16434	618	2766	225	0	58
36	Solution - 16434	618	2766	225	0	58
37	Solution - 16434	618	2766	225	0	58
38	Solution - 16434	618	2766	225	0	58
39	Solution - 16434	618	2766	225	0	58
40	Solution - 16434	618	2766	225	0	58
41	Solution - 16434	618	2766	225	0	58
42	Solution - 16434	618	2766	225	0	58
43	Solution - 16434	618	2766	225	0	58
44	Solution - 16434	618	2766	225	0	58
45	Solution - 16434	618	2766	225	0	58
46	Solution - 16434	618	2766	225	0	58
47	Solution - 16434	618	2766	225	0	58
48	Solution - 16434	618	2766	225	0	58
49	Solution - 16434	618	2766	225	0	58
50	Solution - 16434	618	2766	225	0	58
51	Solution - 16434	618	2766	225	0	58
52	Solution - 16434	618	2766	225	0	58
53	Solution - 16235	608	2702	235	0	55
54	Solution - 16235	608	2702	235	0	55
55	Solution - 16235	608	2702	235	0	55
56	Solution - 16235	608	2702	235	0	55
57	Solution - 16235	608	2702	235	0	55
58	Solution - 16235	608	2702	235	0	55
59	Solution - 16235	608	2702	235	0	55
60	Solution - 16235	608	2702	235	0	55
61	Solution - 16235	608	2702	235	0	55
62	Solution - 16235	608	2702	235	0	55
63	Solution - 16235	608	2702	235	0	55
64	Solution - 16235	608	2702	235	0	55
65	Solution - 16235	608	2702	235	0	55
66	Solution - 16235	608	2702	235	0	55
67	Solution - 16235	608	2702	235	0	55
68	Solution - 16235	608	2702	235	0	55
69	Solution - 16235	608	2702	235	0	55
70	Solution - 16235	608	2702	235	0	55
71	Solution - 16235	608	2702	235	0	55
72	Solution - 16235	608	2702	235	0	55
73	Solution - 16235	608	2702	235	0	55
74	Solution - 16235	608	2702	235	0	55
75	Solution - 16235	608	2702	235	0	55
76	Solution - 16235	608	2702	235	0	55
77	Solution - 16235	608	2702	235	0	55
78	Solution - 16235	608	2702	235	0	55
79	Solution - 16235	608	2702	235	0	55
80	Solution - 16235	608	2702	235	0	55
81	Solution - 16235	608	2702	235	0	55
82	Solution - 16235	608	2702	235	0	55
83	Solution - 16235	608	2702	235	0	55
84	Solution - 16235	608	2702	235	0	55
85	Solution - 16235	608	2702	235	0	55
86	Solution - 16235	608	2702	235	0	55
87	Solution - 16235	608	2702	235	0	55
88	Solution - 16235	608	2702	235	0	55
89	Solution - 16235	608	2702	235	0	55
90	Solution - 16235	608	2702	235	0	55
91	Solution - 16235	608	2702	235	0	55
92	Solution - 16235	608	2702	235	0	55
93	Solution - 16235	608	2702	235	0	55
94	Solution - 16235	608	2702	235	0	55
95	Solution - 16235	608	2702	235	0	55
96	Solution - 16235	608	2702	235	0	55
97	Solution - 16235	608	2702	235	0	55
98	Solution - 16235	608	2702	235	0	55
99	Solution - 16235	608	2702	235	0	55
