Solution - 15931	632	2816	219	0	57
Solution - 15877	618	2776	219	0	57
Solution - 16355	625	2796	223	0	58
Solution - 14678	616	2782	188	0	60
Solution - 14809	594	2665	210	0	55
Solution - 15206	604	2712	205	0	58
Solution - 15431	607	2740	212	0	57
Solution - 16792	608	2728	232	0	58
Solution - 16328	611	2721	228	0	57
Solution - 15581	604	2712	223	0	55
Solution - 15677	624	2798	215	0	57
Solution - 15540	610	2732	214	0	57
Solution - 15643	607	2724	216	0	57
Solution - 15452	609	2743	220	0	55
Solution - 16235	608	2702	235	0	55
Solution - 15071	591	2681	207	0	57
Solution - 14895	606	2739	210	0	55
Solution - 14765	635	2844	198	0	57
Solution - 15263	614	2759	205	0	58
Solution - 15677	627	2786	219	0	56
Solution - 14734	614	2735	207	0	55
Solution - 14771	618	2753	200	0	57
Solution - 16200	599	2676	235	0	55
Solution - 16927	613	2748	238	0	57
Solution - 13610	618	2744	183	0	56
Solution - 14812	609	2708	209	0	55
Solution - 15758	620	2769	217	0	57
Solution - 15049	620	2744	205	0	57
Solution - 16244	611	2751	226	0	57
Solution - 16502	609	2726	231	0	57
