0	Solution - 19157	634	2848	275	0	57
1	Solution - 19157	634	2848	275	0	57
2	Solution - 19157	634	2848	275	0	57
3	Solution - 19157	634	2848	275	0	57
4	Solution - 19157	634	2848	275	0	57
5	Solution - 18775	614	2761	275	0	56
6	Solution - 18775	614	2761	275	0	56
7	Solution - 16849	622	2775	228	0	59
8	Solution - 16849	622	2775	228	0	59
9	Solution - 16849	622	2775	228	0	59
10	Solution - 16849	622	2775	228	0	59
11	Solution - 16807	633	2836	234	0	57
12	Solution - 16807	633	2836	234	0	57
13	Solution - 16807	633	2836	234	0	57
14	Solution - 16807	633	2836	234	0	57
15	Solution - 16807	633	2836	234	0	57
16	Solution - 16323	612	2719	224	0	58
17	Solution - 16323	612	2719	224	0	58
18	Solution - 16323	612	2719	224	0	58
19	Solution - 16323	612	2719	224	0	58
20	Solution - 16323	612	2719	224	0	58
21	Solution - 15864	609	2711	224	0	56
22	Solution - 15864	609	2711	224	0	56
23	Solution - 15864	609	2711	224	0	56
24	Solution - 15864	609	2711	224	0	56
25	Solution - 15864	609	2711	224	0	56
26	Solution - 15864	609	2711	224	0	56
27	Solution - 15864	609	2711	224	0	56
28	Solution - 15864	609	2711	224	0	56
29	Solution - 15864	609	2711	224	0	56
30	Solution - 15864	609	2711	224	0	56
31	Solution - 15864	609	2711	224	0	56
32	Solution - 15864	609	2711	224	0	56
33	Solution - 15864	609	2711	224	0	56
34	Solution - 15864	609	2711	224	0	56
35	Solution - 15864	609	2711	224	0	56
36	Solution - 15864	609	2711	224	0	56
37	Solution - 15864	609	2711	224	0	56
38	Solution - 15864	609	2711	224	0	56
39	Solution - 15864	609	2711	224	0	56
40	Solution - 15864	609	2711	224	0	56
41	Solution - 15864	609	2711	224	0	56
42	Solution - 15864	609	2711	224	0	56
43	Solution - 15864	609	2711	224	0	56
44	Solution - 15864	609	2711	224	0	56
45	Solution - 15864	609	2711	224	0	56
46	Solution - 15864	609	2711	224	0	56
47	Solution - 15864	609	2711	224	0	56
48	Solution - 15864	609	2711	224	0	56
49	Solution - 15864	609	2711	224	0	56
50	Solution - 15864	609	2711	224	0	56
51	Solution - 15864	609	2711	224	0	56
52	Solution - 15864	609	2711	224	0	56
53	Solution - 15864	609	2711	224	0	56
54	Solution - 15864	609	2711	224	0	56
55	Solution - 15864	609	2711	224	0	56
56	Solution - 15864	609	2711	224	0	56
57	Solution - 15864	609	2711	224	0	56
58	Solution - 15864	609	2711	224	0	56
59	Solution - 15864	609	2711	224	0	56
60	Solution - 15864	609	2711	224	0	56
61	Solution - 15864	609	2711	224	0	56
62	Solution - 15864	609	2711	224	0	56
63	Solution - 15864	609	2711	224	0	56
64	Solution - 15864	609	2711	224	0	56
65	Solution - 15864	609	2711	224	0	56
66	Solution - 15864	609	2711	224	0	56
67	Solution - 15864	609	2711	224	0	56
68	Solution - 15864	609	2711	224	0	56
69	Solution - 15864	609	2711	224	0	56
70	Solution - 15864	609	2711	224	0	56
71	Solution - 15864	609	2711	224	0	56
72	Solution - 15864	609	2711	224	0	56
73	Solution - 15864	609	2711	224	0	56
74	Solution - 15864	609	2711	224	0	56
75	Solution - 15864	609	2711	224	0	56
76	Solution - 15864	609	2711	224	0	56
77	Solution - 15864	609	2711	224	0	56
78	Solution - 15864	609	2711	224	0	56
79	Solution - 15864	609	2711	224	0	56
80	Solution - 15864	609	2711	224	0	56
81	Solution - 15864	609	2711	224	0	56
82	Solution - 15864	609	2711	224	0	56
83	Solution - 15864	609	2711	224	0	56
84	Solution - 15864	609	2711	224	0	56
85	Solution - 15864	609	2711	224	0	56
86	Solution - 15864	609	2711	224	0	56
87	Solution - 15864	609	2711	224	0	56
88	Solution - 15206	604	2712	205	0	58
89	Solution - 15206	604	2712	205	0	58
90	Solution - 15206	604	2712	205	0	58
91	Solution - 15206	604	2712	205	0	58
92	Solution - 15206	604	2712	205	0	58
93	Solution - 15206	604	2712	205	0	58
94	Solution - 15206	604	2712	205	0	58
95	Solution - 15206	604	2712	205	0	58
96	Solution - 15206	604	2712	205	0	58
97	Solution - 15206	604	2712	205	0	58
98	Solution - 15206	604	2712	205	0	58
99	Solution - 15206	604	2712	205	0	58
