0	Solution - 20522	613	2749	312	0	55
1	Solution - 20522	613	2749	312	0	55
2	Solution - 16032	616	2762	222	0	57
3	Solution - 16032	616	2762	222	0	57
4	Solution - 16032	616	2762	222	0	57
5	Solution - 16032	616	2762	222	0	57
6	Solution - 16032	616	2762	222	0	57
7	Solution - 16032	616	2762	222	0	57
8	Solution - 16032	616	2762	222	0	57
9	Solution - 16032	616	2762	222	0	57
10	Solution - 16032	616	2762	222	0	57
11	Solution - 16032	616	2762	222	0	57
12	Solution - 16032	616	2762	222	0	57
13	Solution - 16032	616	2762	222	0	57
14	Solution - 16032	616	2762	222	0	57
15	Solution - 16032	616	2762	222	0	57
16	Solution - 16032	616	2762	222	0	57
17	Solution - 16032	616	2762	222	0	57
18	Solution - 16032	616	2762	222	0	57
19	Solution - 16032	616	2762	222	0	57
20	Solution - 16032	616	2762	222	0	57
21	Solution - 16032	616	2762	222	0	57
22	Solution - 16032	616	2762	222	0	57
23	Solution - 16032	616	2762	222	0	57
24	Solution - 16032	616	2762	222	0	57
25	Solution - 16032	616	2762	222	0	57
26	Solution - 16032	616	2762	222	0	57
27	Solution - 16032	616	2762	222	0	57
28	Solution - 14812	609	2708	209	0	55
29	Solution - 14812	609	2708	209	0	55
30	Solution - 14812	609	2708	209	0	55
31	Solution - 14812	609	2708	209	0	55
32	Solution - 14812	609	2708	209	0	55
33	Solution - 14812	609	2708	209	0	55
34	Solution - 14812	609	2708	209	0	55
35	Solution - 14812	609	2708	209	0	55
36	Solution - 14812	609	2708	209	0	55
37	Solution - 14812	609	2708	209	0	55
38	Solution - 14812	609	2708	209	0	55
39	Solution - 14812	609	2708	209	0	55
40	Solution - 14812	609	2708	209	0	55
41	Solution - 14812	609	2708	209	0	55
42	Solution - 14812	609	2708	209	0	55
43	Solution - 14812	609	2708	209	0	55
44	Solution - 14812	609	2708	209	0	55
45	Solution - 14812	609	2708	209	0	55
46	Solution - 14812	609	2708	209	0	55
47	Solution - 14812	609	2708	209	0	55
48	Solution - 14812	609	2708	209	0	55
49	Solution - 14812	609	2708	209	0	55
50	Solution - 14812	609	2708	209	0	55
51	Solution - 14812	609	2708	209	0	55
52	Solution - 14812	609	2708	209	0	55
53	Solution - 14812	609	2708	209	0	55
54	Solution - 14812	609	2708	209	0	55
55	Solution - 14812	609	2708	209	0	55
56	Solution - 14812	609	2708	209	0	55
57	Solution - 14812	609	2708	209	0	55
58	Solution - 14812	609	2708	209	0	55
59	Solution - 14812	609	2708	209	0	55
60	Solution - 14812	609	2708	209	0	55
61	Solution - 14812	609	2708	209	0	55
62	Solution - 14812	609	2708	209	0	55
63	Solution - 14812	609	2708	209	0	55
64	Solution - 14812	609	2708	209	0	55
65	Solution - 14812	609	2708	209	0	55
66	Solution - 14812	609	2708	209	0	55
67	Solution - 14812	609	2708	209	0	55
68	Solution - 14812	609	2708	209	0	55
69	Solution - 14812	609	2708	209	0	55
70	Solution - 14812	609	2708	209	0	55
71	Solution - 14812	609	2708	209	0	55
72	Solution - 14812	609	2708	209	0	55
73	Solution - 14812	609	2708	209	0	55
74	Solution - 14812	609	2708	209	0	55
75	Solution - 14812	609	2708	209	0	55
76	Solution - 14812	609	2708	209	0	55
77	Solution - 14812	609	2708	209	0	55
78	Solution - 14812	609	2708	209	0	55
79	Solution - 14812	609	2708	209	0	55
80	Solution - 14812	609	2708	209	0	55
81	Solution - 14812	609	2708	209	0	55
82	Solution - 14812	609	2708	209	0	55
83	Solution - 14812	609	2708	209	0	55
84	Solution - 14812	609	2708	209	0	55
85	Solution - 14812	609	2708	209	0	55
86	Solution - 14812	609	2708	209	0	55
87	Solution - 14812	609	2708	209	0	55
88	Solution - 14812	609	2708	209	0	55
89	Solution - 14812	609	2708	209	0	55
90	Solution - 14812	609	2708	209	0	55
91	Solution - 14812	609	2708	209	0	55
92	Solution - 14812	609	2708	209	0	55
93	Solution - 14812	609	2708	209	0	55
94	Solution - 14812	609	2708	209	0	55
95	Solution - 14812	609	2708	209	0	55
96	Solution - 14812	609	2708	209	0	55
97	Solution - 14812	609	2708	209	0	55
98	Solution - 14812	609	2708	209	0	55
99	Solution - 14812	609	2708	209	0	55
