0	Solution - 22618	656	2938	328	0	58
1	Solution - 17211	625	2782	238	0	58
2	Solution - 17211	625	2782	238	0	58
3	Solution - 17211	625	2782	238	0	58
4	Solution - 17211	625	2782	238	0	58
5	Solution - 16607	609	2717	233	0	57
6	Solution - 16607	609	2717	233	0	57
7	Solution - 16607	609	2717	233	0	57
8	Solution - 16607	609	2717	233	0	57
9	Solution - 16607	609	2717	233	0	57
10	Solution - 16607	609	2717	233	0	57
11	Solution - 16607	609	2717	233	0	57
12	Solution - 16607	609	2717	233	0	57
13	Solution - 16607	609	2717	233	0	57
14	Solution - 16607	609	2717	233	0	57
15	Solution - 16607	609	2717	233	0	57
16	Solution - 16607	609	2717	233	0	57
17	Solution - 16607	609	2717	233	0	57
18	Solution - 16607	609	2717	233	0	57
19	Solution - 16607	609	2717	233	0	57
20	Solution - 15741	621	2766	213	0	58
21	Solution - 15741	621	2766	213	0	58
22	Solution - 15741	621	2766	213	0	58
23	Solution - 15741	621	2766	213	0	58
24	Solution - 15741	621	2766	213	0	58
25	Solution - 15741	621	2766	213	0	58
26	Solution - 15741	621	2766	213	0	58
27	Solution - 15741	621	2766	213	0	58
28	Solution - 15741	621	2766	213	0	58
29	Solution - 15741	621	2766	213	0	58
30	Solution - 15741	621	2766	213	0	58
31	Solution - 15741	621	2766	213	0	58
32	Solution - 15741	621	2766	213	0	58
33	Solution - 15741	621	2766	213	0	58
34	Solution - 15741	621	2766	213	0	58
35	Solution - 15741	621	2766	213	0	58
36	Solution - 15741	621	2766	213	0	58
37	Solution - 15741	621	2766	213	0	58
38	Solution - 15741	621	2766	213	0	58
39	Solution - 15741	621	2766	213	0	58
40	Solution - 15741	621	2766	213	0	58
41	Solution - 15741	621	2766	213	0	58
42	Solution - 15741	621	2766	213	0	58
43	Solution - 15741	621	2766	213	0	58
44	Solution - 15741	621	2766	213	0	58
45	Solution - 15741	621	2766	213	0	58
46	Solution - 15741	621	2766	213	0	58
47	Solution - 15741	621	2766	213	0	58
48	Solution - 15741	621	2766	213	0	58
49	Solution - 15741	621	2766	213	0	58
50	Solution - 15741	621	2766	213	0	58
51	Solution - 15741	621	2766	213	0	58
52	Solution - 15741	621	2766	213	0	58
53	Solution - 15741	621	2766	213	0	58
54	Solution - 15741	621	2766	213	0	58
55	Solution - 15741	621	2766	213	0	58
56	Solution - 15741	621	2766	213	0	58
57	Solution - 15741	621	2766	213	0	58
58	Solution - 15741	621	2766	213	0	58
59	Solution - 15741	621	2766	213	0	58
60	Solution - 15741	621	2766	213	0	58
61	Solution - 15741	621	2766	213	0	58
62	Solution - 15741	621	2766	213	0	58
63	Solution - 15741	621	2766	213	0	58
64	Solution - 15741	621	2766	213	0	58
65	Solution - 15741	621	2766	213	0	58
66	Solution - 15741	621	2766	213	0	58
67	Solution - 15741	621	2766	213	0	58
68	Solution - 15741	621	2766	213	0	58
69	Solution - 15741	621	2766	213	0	58
70	Solution - 15741	621	2766	213	0	58
71	Solution - 15741	621	2766	213	0	58
72	Solution - 15741	621	2766	213	0	58
73	Solution - 15741	621	2766	213	0	58
74	Solution - 15741	621	2766	213	0	58
75	Solution - 15741	621	2766	213	0	58
76	Solution - 15741	621	2766	213	0	58
77	Solution - 15741	621	2766	213	0	58
78	Solution - 15741	621	2766	213	0	58
79	Solution - 15741	621	2766	213	0	58
80	Solution - 15741	621	2766	213	0	58
81	Solution - 15741	621	2766	213	0	58
82	Solution - 14734	614	2735	207	0	55
83	Solution - 14734	614	2735	207	0	55
84	Solution - 14734	614	2735	207	0	55
85	Solution - 14734	614	2735	207	0	55
86	Solution - 14734	614	2735	207	0	55
87	Solution - 14734	614	2735	207	0	55
88	Solution - 14734	614	2735	207	0	55
89	Solution - 14734	614	2735	207	0	55
90	Solution - 14734	614	2735	207	0	55
91	Solution - 14734	614	2735	207	0	55
92	Solution - 14734	614	2735	207	0	55
93	Solution - 14734	614	2735	207	0	55
94	Solution - 14734	614	2735	207	0	55
95	Solution - 14734	614	2735	207	0	55
96	Solution - 14734	614	2735	207	0	55
97	Solution - 14734	614	2735	207	0	55
98	Solution - 14734	614	2735	207	0	55
99	Solution - 14734	614	2735	207	0	55
