0	Solution - 19792	622	2762	293	0	56
1	Solution - 19792	622	2762	293	0	56
2	Solution - 19674	606	2709	287	0	57
3	Solution - 19674	606	2709	287	0	57
4	Solution - 18547	614	2771	266	0	57
5	Solution - 18547	614	2771	266	0	57
6	Solution - 18474	608	2746	270	0	56
7	Solution - 18201	619	2762	260	0	57
8	Solution - 18201	619	2762	260	0	57
9	Solution - 17385	616	2747	246	0	57
10	Solution - 16437	615	2732	238	0	55
11	Solution - 16437	615	2732	238	0	55
12	Solution - 16437	615	2732	238	0	55
13	Solution - 16437	615	2732	238	0	55
14	Solution - 16437	615	2732	238	0	55
15	Solution - 16437	615	2732	238	0	55
16	Solution - 16437	615	2732	238	0	55
17	Solution - 16437	615	2732	238	0	55
18	Solution - 16437	615	2732	238	0	55
19	Solution - 16437	615	2732	238	0	55
20	Solution - 16437	615	2732	238	0	55
21	Solution - 16437	615	2732	238	0	55
22	Solution - 16437	615	2732	238	0	55
23	Solution - 16437	615	2732	238	0	55
24	Solution - 16437	615	2732	238	0	55
25	Solution - 16437	615	2732	238	0	55
26	Solution - 16437	615	2732	238	0	55
27	Solution - 16437	615	2732	238	0	55
28	Solution - 16437	615	2732	238	0	55
29	Solution - 16437	615	2732	238	0	55
30	Solution - 16437	615	2732	238	0	55
31	Solution - 16437	615	2732	238	0	55
32	Solution - 16437	615	2732	238	0	55
33	Solution - 16437	615	2732	238	0	55
34	Solution - 16437	615	2732	238	0	55
35	Solution - 16437	615	2732	238	0	55
36	Solution - 16437	615	2732	238	0	55
37	Solution - 16437	615	2732	238	0	55
38	Solution - 16437	615	2732	238	0	55
39	Solution - 16437	615	2732	238	0	55
40	Solution - 16437	615	2732	238	0	55
41	Solution - 16437	615	2732	238	0	55
42	Solution - 16437	615	2732	238	0	55
43	Solution - 16437	615	2732	238	0	55
44	Solution - 16437	615	2732	238	0	55
45	Solution - 16437	615	2732	238	0	55
46	Solution - 16437	615	2732	238	0	55
47	Solution - 16437	615	2732	238	0	55
48	Solution - 16437	615	2732	238	0	55
49	Solution - 16437	615	2732	238	0	55
50	Solution - 16437	615	2732	238	0	55
51	Solution - 16437	615	2732	238	0	55
52	Solution - 16437	615	2732	238	0	55
53	Solution - 16437	615	2732	238	0	55
54	Solution - 16437	615	2732	238	0	55
55	Solution - 16437	615	2732	238	0	55
56	Solution - 16437	615	2732	238	0	55
57	Solution - 16437	615	2732	238	0	55
58	Solution - 16437	615	2732	238	0	55
59	Solution - 16437	615	2732	238	0	55
60	Solution - 16437	615	2732	238	0	55
61	Solution - 16437	615	2732	238	0	55
62	Solution - 16437	615	2732	238	0	55
63	Solution - 16437	615	2732	238	0	55
64	Solution - 16437	615	2732	238	0	55
65	Solution - 16437	615	2732	238	0	55
66	Solution - 16437	615	2732	238	0	55
67	Solution - 16437	615	2732	238	0	55
68	Solution - 16437	615	2732	238	0	55
69	Solution - 16437	615	2732	238	0	55
70	Solution - 16437	615	2732	238	0	55
71	Solution - 16437	615	2732	238	0	55
72	Solution - 16437	615	2732	238	0	55
73	Solution - 16437	615	2732	238	0	55
74	Solution - 16437	615	2732	238	0	55
75	Solution - 16437	615	2732	238	0	55
76	Solution - 16437	615	2732	238	0	55
77	Solution - 14809	594	2665	210	0	55
78	Solution - 14809	594	2665	210	0	55
79	Solution - 14809	594	2665	210	0	55
80	Solution - 14809	594	2665	210	0	55
81	Solution - 14809	594	2665	210	0	55
82	Solution - 14809	594	2665	210	0	55
83	Solution - 14809	594	2665	210	0	55
84	Solution - 14809	594	2665	210	0	55
85	Solution - 14809	594	2665	210	0	55
86	Solution - 14809	594	2665	210	0	55
87	Solution - 14809	594	2665	210	0	55
88	Solution - 14809	594	2665	210	0	55
89	Solution - 14809	594	2665	210	0	55
90	Solution - 14809	594	2665	210	0	55
91	Solution - 14809	594	2665	210	0	55
92	Solution - 14809	594	2665	210	0	55
93	Solution - 14809	594	2665	210	0	55
94	Solution - 14809	594	2665	210	0	55
95	Solution - 14809	594	2665	210	0	55
96	Solution - 14809	594	2665	210	0	55
97	Solution - 14809	594	2665	210	0	55
98	Solution - 14809	594	2665	210	0	55
99	Solution - 14809	594	2665	210	0	55
