0	Solution - 19708	647	2895	274	0	59
1	Solution - 18585	613	2776	262	0	58
2	Solution - 18585	613	2776	262	0	58
3	Solution - 18585	613	2776	262	0	58
4	Solution - 18585	613	2776	262	0	58
5	Solution - 18585	613	2776	262	0	58
6	Solution - 18585	613	2776	262	0	58
7	Solution - 18585	613	2776	262	0	58
8	Solution - 18494	618	2771	265	0	57
9	Solution - 17956	605	2702	257	0	57
10	Solution - 17062	625	2807	235	0	58
11	Solution - 17062	625	2807	235	0	58
12	Solution - 17062	625	2807	235	0	58
13	Solution - 17062	625	2807	235	0	58
14	Solution - 17062	625	2807	235	0	58
15	Solution - 16975	622	2787	238	0	57
16	Solution - 16975	622	2787	238	0	57
17	Solution - 16975	622	2787	238	0	57
18	Solution - 16975	622	2787	238	0	57
19	Solution - 16975	622	2787	238	0	57
20	Solution - 16975	622	2787	238	0	57
21	Solution - 16975	622	2787	238	0	57
22	Solution - 16975	622	2787	238	0	57
23	Solution - 16975	622	2787	238	0	57
24	Solution - 16975	622	2787	238	0	57
25	Solution - 16975	622	2787	238	0	57
26	Solution - 16646	629	2793	228	0	58
27	Solution - 16646	629	2793	228	0	58
28	Solution - 16646	629	2793	228	0	58
29	Solution - 16646	629	2793	228	0	58
30	Solution - 16646	629	2793	228	0	58
31	Solution - 15263	614	2759	205	0	58
32	Solution - 15263	614	2759	205	0	58
33	Solution - 15263	614	2759	205	0	58
34	Solution - 15263	614	2759	205	0	58
35	Solution - 15263	614	2759	205	0	58
36	Solution - 15263	614	2759	205	0	58
37	Solution - 15263	614	2759	205	0	58
38	Solution - 15263	614	2759	205	0	58
39	Solution - 15263	614	2759	205	0	58
40	Solution - 15263	614	2759	205	0	58
41	Solution - 15263	614	2759	205	0	58
42	Solution - 15263	614	2759	205	0	58
43	Solution - 15263	614	2759	205	0	58
44	Solution - 15263	614	2759	205	0	58
45	Solution - 15263	614	2759	205	0	58
46	Solution - 15263	614	2759	205	0	58
47	Solution - 15263	614	2759	205	0	58
48	Solution - 15263	614	2759	205	0	58
49	Solution - 15263	614	2759	205	0	58
50	Solution - 15263	614	2759	205	0	58
51	Solution - 15263	614	2759	205	0	58
52	Solution - 15263	614	2759	205	0	58
53	Solution - 15263	614	2759	205	0	58
54	Solution - 15263	614	2759	205	0	58
55	Solution - 15263	614	2759	205	0	58
56	Solution - 15263	614	2759	205	0	58
57	Solution - 15263	614	2759	205	0	58
58	Solution - 15263	614	2759	205	0	58
59	Solution - 15263	614	2759	205	0	58
60	Solution - 15263	614	2759	205	0	58
61	Solution - 15263	614	2759	205	0	58
62	Solution - 15263	614	2759	205	0	58
63	Solution - 15263	614	2759	205	0	58
64	Solution - 15263	614	2759	205	0	58
65	Solution - 15263	614	2759	205	0	58
66	Solution - 15263	614	2759	205	0	58
67	Solution - 15263	614	2759	205	0	58
68	Solution - 15263	614	2759	205	0	58
69	Solution - 15263	614	2759	205	0	58
70	Solution - 15263	614	2759	205	0	58
71	Solution - 15263	614	2759	205	0	58
72	Solution - 15263	614	2759	205	0	58
73	Solution - 15263	614	2759	205	0	58
74	Solution - 15263	614	2759	205	0	58
75	Solution - 15263	614	2759	205	0	58
76	Solution - 15263	614	2759	205	0	58
77	Solution - 15263	614	2759	205	0	58
78	Solution - 15263	614	2759	205	0	58
79	Solution - 15263	614	2759	205	0	58
80	Solution - 15263	614	2759	205	0	58
81	Solution - 15263	614	2759	205	0	58
82	Solution - 15263	614	2759	205	0	58
83	Solution - 15263	614	2759	205	0	58
84	Solution - 15263	614	2759	205	0	58
85	Solution - 15263	614	2759	205	0	58
86	Solution - 15263	614	2759	205	0	58
87	Solution - 15263	614	2759	205	0	58
88	Solution - 15263	614	2759	205	0	58
89	Solution - 15263	614	2759	205	0	58
90	Solution - 15263	614	2759	205	0	58
91	Solution - 15263	614	2759	205	0	58
92	Solution - 15263	614	2759	205	0	58
93	Solution - 15263	614	2759	205	0	58
94	Solution - 15263	614	2759	205	0	58
95	Solution - 15263	614	2759	205	0	58
96	Solution - 15263	614	2759	205	0	58
97	Solution - 15263	614	2759	205	0	58
98	Solution - 15263	614	2759	205	0	58
99	Solution - 15263	614	2759	205	0	58
