19192
19192
18127
18127
18127
18127
18127
18127
18127
18127
18127
18127
18127
18050
18050
17618
17618
17618
17618
17618
17618
17618
17618
17081
17081
17081
17081
17081
15535
15535
15535
15535
15535
15535
15535
15535
15535
15535
15535
15535
15535
15535
15535
15535
15535
15535
15535
15535
15535
15535
15535
15535
15535
15535
15535
15535
15535
15535
15535
15535
15535
15535
15535
15535
14678
14678
14678
14678
14678
14678
14678
14678
14678
14678
14678
14678
14678
14678
14678
14678
14678
14678
14678
14678
14678
14678
14678
14678
14678
14678
14678
14678
14678
14678
14678
14678
14678
14678
14678
14678
