19101
18386
18386
18386
17740
17740
17740
17740
17740
17740
17363
17363
17363
17363
17363
16649
16649
16649
16649
16649
16649
16649
16649
16649
16649
16649
16649
16649
16649
16377
16377
16377
16377
16377
16377
16377
16377
16377
16377
16377
16377
16377
16377
15643
15643
15643
15643
15643
15643
15643
15643
15643
15643
15643
15643
15643
15643
15643
15643
15643
15643
15643
15643
15643
15643
15643
15643
15643
15643
15643
15643
15643
15643
15643
15643
15643
15643
15643
15643
15643
15643
15643
15643
15643
15643
15643
15643
15643
15643
15643
15643
15643
15643
15643
15643
15643
15643
15643
15643
15643
