0	Solution - 23078	633	2841	338	0	58
1	Solution - 23078	633	2841	338	0	58
2	Solution - 17998	625	2798	265	0	55
3	Solution - 17998	625	2798	265	0	55
4	Solution - 17962	610	2736	261	0	56
5	Solution - 17962	610	2736	261	0	56
6	Solution - 17417	646	2863	244	0	57
7	Solution - 16263	615	2712	231	0	56
8	Solution - 16263	615	2712	231	0	56
9	Solution - 16263	615	2712	231	0	56
10	Solution - 16263	615	2712	231	0	56
11	Solution - 16263	615	2712	231	0	56
12	Solution - 16263	615	2712	231	0	56
13	Solution - 16263	615	2712	231	0	56
14	Solution - 16263	615	2712	231	0	56
15	Solution - 16263	615	2712	231	0	56
16	Solution - 16263	615	2712	231	0	56
17	Solution - 16263	615	2712	231	0	56
18	Solution - 16263	615	2712	231	0	56
19	Solution - 16263	615	2712	231	0	56
20	Solution - 16263	615	2712	231	0	56
21	Solution - 16263	615	2712	231	0	56
22	Solution - 16263	615	2712	231	0	56
23	Solution - 16263	615	2712	231	0	56
24	Solution - 16263	615	2712	231	0	56
25	Solution - 15877	618	2776	219	0	57
26	Solution - 15877	618	2776	219	0	57
27	Solution - 15877	618	2776	219	0	57
28	Solution - 15877	618	2776	219	0	57
29	Solution - 15877	618	2776	219	0	57
30	Solution - 15877	618	2776	219	0	57
31	Solution - 15877	618	2776	219	0	57
32	Solution - 15877	618	2776	219	0	57
33	Solution - 15877	618	2776	219	0	57
34	Solution - 15877	618	2776	219	0	57
35	Solution - 15877	618	2776	219	0	57
36	Solution - 15877	618	2776	219	0	57
37	Solution - 15877	618	2776	219	0	57
38	Solution - 15877	618	2776	219	0	57
39	Solution - 15877	618	2776	219	0	57
40	Solution - 15877	618	2776	219	0	57
41	Solution - 15877	618	2776	219	0	57
42	Solution - 15877	618	2776	219	0	57
43	Solution - 15877	618	2776	219	0	57
44	Solution - 15877	618	2776	219	0	57
45	Solution - 15877	618	2776	219	0	57
46	Solution - 15877	618	2776	219	0	57
47	Solution - 15877	618	2776	219	0	57
48	Solution - 15877	618	2776	219	0	57
49	Solution - 15877	618	2776	219	0	57
50	Solution - 15877	618	2776	219	0	57
51	Solution - 15877	618	2776	219	0	57
52	Solution - 15877	618	2776	219	0	57
53	Solution - 15877	618	2776	219	0	57
54	Solution - 15877	618	2776	219	0	57
55	Solution - 15877	618	2776	219	0	57
56	Solution - 15877	618	2776	219	0	57
57	Solution - 15877	618	2776	219	0	57
58	Solution - 15877	618	2776	219	0	57
59	Solution - 15877	618	2776	219	0	57
60	Solution - 15877	618	2776	219	0	57
61	Solution - 15877	618	2776	219	0	57
62	Solution - 15877	618	2776	219	0	57
63	Solution - 15877	618	2776	219	0	57
64	Solution - 15877	618	2776	219	0	57
65	Solution - 15877	618	2776	219	0	57
66	Solution - 15877	618	2776	219	0	57
67	Solution - 15877	618	2776	219	0	57
68	Solution - 15877	618	2776	219	0	57
69	Solution - 15877	618	2776	219	0	57
70	Solution - 15877	618	2776	219	0	57
71	Solution - 15877	618	2776	219	0	57
72	Solution - 15877	618	2776	219	0	57
73	Solution - 15877	618	2776	219	0	57
74	Solution - 15877	618	2776	219	0	57
75	Solution - 15877	618	2776	219	0	57
76	Solution - 15877	618	2776	219	0	57
77	Solution - 15877	618	2776	219	0	57
78	Solution - 15877	618	2776	219	0	57
79	Solution - 15877	618	2776	219	0	57
80	Solution - 15877	618	2776	219	0	57
81	Solution - 15877	618	2776	219	0	57
82	Solution - 15877	618	2776	219	0	57
83	Solution - 15877	618	2776	219	0	57
84	Solution - 15877	618	2776	219	0	57
85	Solution - 15877	618	2776	219	0	57
86	Solution - 15877	618	2776	219	0	57
87	Solution - 15877	618	2776	219	0	57
88	Solution - 15877	618	2776	219	0	57
89	Solution - 15877	618	2776	219	0	57
90	Solution - 15877	618	2776	219	0	57
91	Solution - 15877	618	2776	219	0	57
92	Solution - 15877	618	2776	219	0	57
93	Solution - 15877	618	2776	219	0	57
94	Solution - 15877	618	2776	219	0	57
95	Solution - 15877	618	2776	219	0	57
96	Solution - 15877	618	2776	219	0	57
97	Solution - 15877	618	2776	219	0	57
98	Solution - 15877	618	2776	219	0	57
99	Solution - 15877	618	2776	219	0	57
