22426
20118
18336
18336
18336
18336
16074
16074
16074
16074
16074
16074
16074
16074
16074
16074
16074
16074
16074
16074
16074
16074
16074
16074
16074
16074
16074
16074
16074
16074
16074
16074
16074
16074
16074
16074
16074
16074
16074
16074
16074
16074
16074
16074
16074
16074
16074
16074
16074
16074
16074
16074
16074
16074
16074
16074
16074
16074
16074
16074
16074
16074
16074
16074
16074
16074
16074
16074
16074
16074
16074
16074
16074
16074
16074
16074
16074
15900
15900
15900
15900
15900
15900
15900
15900
15900
15900
15900
15540
15540
15540
15540
15540
15540
15540
15540
15540
15540
15540
15540
