0	Solution - 18819	626	2793	275	0	56
1	Solution - 18819	626	2793	275	0	56
2	Solution - 18623	611	2736	268	0	57
3	Solution - 18623	611	2736	268	0	57
4	Solution - 18623	611	2736	268	0	57
5	Solution - 18623	611	2736	268	0	57
6	Solution - 18623	611	2736	268	0	57
7	Solution - 18623	611	2736	268	0	57
8	Solution - 18623	611	2736	268	0	57
9	Solution - 18623	611	2736	268	0	57
10	Solution - 18623	611	2736	268	0	57
11	Solution - 18623	611	2736	268	0	57
12	Solution - 17185	630	2808	233	0	59
13	Solution - 17185	630	2808	233	0	59
14	Solution - 17185	630	2808	233	0	59
15	Solution - 17185	630	2808	233	0	59
16	Solution - 17185	630	2808	233	0	59
17	Solution - 17185	630	2808	233	0	59
18	Solution - 17185	630	2808	233	0	59
19	Solution - 17185	630	2808	233	0	59
20	Solution - 17185	630	2808	233	0	59
21	Solution - 17185	630	2808	233	0	59
22	Solution - 17185	630	2808	233	0	59
23	Solution - 17185	630	2808	233	0	59
24	Solution - 17185	630	2808	233	0	59
25	Solution - 17185	630	2808	233	0	59
26	Solution - 17185	630	2808	233	0	59
27	Solution - 17185	630	2808	233	0	59
28	Solution - 17185	630	2808	233	0	59
29	Solution - 17185	630	2808	233	0	59
30	Solution - 17185	630	2808	233	0	59
31	Solution - 17185	630	2808	233	0	59
32	Solution - 17185	630	2808	233	0	59
33	Solution - 17185	630	2808	233	0	59
34	Solution - 17185	630	2808	233	0	59
35	Solution - 17185	630	2808	233	0	59
36	Solution - 17185	630	2808	233	0	59
37	Solution - 17185	630	2808	233	0	59
38	Solution - 17185	630	2808	233	0	59
39	Solution - 17185	630	2808	233	0	59
40	Solution - 17185	630	2808	233	0	59
41	Solution - 17185	630	2808	233	0	59
42	Solution - 17185	630	2808	233	0	59
43	Solution - 17185	630	2808	233	0	59
44	Solution - 17185	630	2808	233	0	59
45	Solution - 17185	630	2808	233	0	59
46	Solution - 16927	613	2748	238	0	57
47	Solution - 16927	613	2748	238	0	57
48	Solution - 16927	613	2748	238	0	57
49	Solution - 16927	613	2748	238	0	57
50	Solution - 16927	613	2748	238	0	57
51	Solution - 16927	613	2748	238	0	57
52	Solution - 16927	613	2748	238	0	57
53	Solution - 16927	613	2748	238	0	57
54	Solution - 16927	613	2748	238	0	57
55	Solution - 16927	613	2748	238	0	57
56	Solution - 16927	613	2748	238	0	57
57	Solution - 16927	613	2748	238	0	57
58	Solution - 16927	613	2748	238	0	57
59	Solution - 16927	613	2748	238	0	57
60	Solution - 16927	613	2748	238	0	57
61	Solution - 16927	613	2748	238	0	57
62	Solution - 16927	613	2748	238	0	57
63	Solution - 16927	613	2748	238	0	57
64	Solution - 16927	613	2748	238	0	57
65	Solution - 16927	613	2748	238	0	57
66	Solution - 16927	613	2748	238	0	57
67	Solution - 16927	613	2748	238	0	57
68	Solution - 16927	613	2748	238	0	57
69	Solution - 16927	613	2748	238	0	57
70	Solution - 16927	613	2748	238	0	57
71	Solution - 16927	613	2748	238	0	57
72	Solution - 16927	613	2748	238	0	57
73	Solution - 16927	613	2748	238	0	57
74	Solution - 16927	613	2748	238	0	57
75	Solution - 16927	613	2748	238	0	57
76	Solution - 16927	613	2748	238	0	57
77	Solution - 16927	613	2748	238	0	57
78	Solution - 16927	613	2748	238	0	57
79	Solution - 16927	613	2748	238	0	57
80	Solution - 16927	613	2748	238	0	57
81	Solution - 16927	613	2748	238	0	57
82	Solution - 16927	613	2748	238	0	57
83	Solution - 16927	613	2748	238	0	57
84	Solution - 16927	613	2748	238	0	57
85	Solution - 16927	613	2748	238	0	57
86	Solution - 16927	613	2748	238	0	57
87	Solution - 16927	613	2748	238	0	57
88	Solution - 16927	613	2748	238	0	57
89	Solution - 16927	613	2748	238	0	57
90	Solution - 16927	613	2748	238	0	57
91	Solution - 16927	613	2748	238	0	57
92	Solution - 16927	613	2748	238	0	57
93	Solution - 16927	613	2748	238	0	57
94	Solution - 16927	613	2748	238	0	57
95	Solution - 16927	613	2748	238	0	57
96	Solution - 16927	613	2748	238	0	57
97	Solution - 16927	613	2748	238	0	57
98	Solution - 16927	613	2748	238	0	57
99	Solution - 16927	613	2748	238	0	57
