0	Solution - 20951	629	2794	313	0	56
1	Solution - 20951	629	2794	313	0	56
2	Solution - 20379	629	2810	308	0	55
3	Solution - 20379	629	2810	308	0	55
4	Solution - 20379	629	2810	308	0	55
5	Solution - 19858	616	2778	294	0	56
6	Solution - 19858	616	2778	294	0	56
7	Solution - 19858	616	2778	294	0	56
8	Solution - 17982	632	2824	269	0	54
9	Solution - 17982	632	2824	269	0	54
10	Solution - 17982	632	2824	269	0	54
11	Solution - 17982	632	2824	269	0	54
12	Solution - 17982	632	2824	269	0	54
13	Solution - 17982	632	2824	269	0	54
14	Solution - 17982	632	2824	269	0	54
15	Solution - 17982	632	2824	269	0	54
16	Solution - 17982	632	2824	269	0	54
17	Solution - 17982	632	2824	269	0	54
18	Solution - 17588	617	2761	245	0	58
19	Solution - 17588	617	2761	245	0	58
20	Solution - 17588	617	2761	245	0	58
21	Solution - 17588	617	2761	245	0	58
22	Solution - 17588	617	2761	245	0	58
23	Solution - 17588	617	2761	245	0	58
24	Solution - 17588	617	2761	245	0	58
25	Solution - 17588	617	2761	245	0	58
26	Solution - 17588	617	2761	245	0	58
27	Solution - 17588	617	2761	245	0	58
28	Solution - 17588	617	2761	245	0	58
29	Solution - 17588	617	2761	245	0	58
30	Solution - 17588	617	2761	245	0	58
31	Solution - 17588	617	2761	245	0	58
32	Solution - 17588	617	2761	245	0	58
33	Solution - 17588	617	2761	245	0	58
34	Solution - 17472	626	2790	251	0	56
35	Solution - 17472	626	2790	251	0	56
36	Solution - 17472	626	2790	251	0	56
37	Solution - 17472	626	2790	251	0	56
38	Solution - 17472	626	2790	251	0	56
39	Solution - 17472	626	2790	251	0	56
40	Solution - 17472	626	2790	251	0	56
41	Solution - 17472	626	2790	251	0	56
42	Solution - 17472	626	2790	251	0	56
43	Solution - 17472	626	2790	251	0	56
44	Solution - 17472	626	2790	251	0	56
45	Solution - 17472	626	2790	251	0	56
46	Solution - 17472	626	2790	251	0	56
47	Solution - 17472	626	2790	251	0	56
48	Solution - 17472	626	2790	251	0	56
49	Solution - 17472	626	2790	251	0	56
50	Solution - 17472	626	2790	251	0	56
51	Solution - 17472	626	2790	251	0	56
52	Solution - 17472	626	2790	251	0	56
53	Solution - 17472	626	2790	251	0	56
54	Solution - 17472	626	2790	251	0	56
55	Solution - 17472	626	2790	251	0	56
56	Solution - 17472	626	2790	251	0	56
57	Solution - 17472	626	2790	251	0	56
58	Solution - 17472	626	2790	251	0	56
59	Solution - 17217	620	2797	230	0	60
60	Solution - 17018	620	2775	239	0	57
61	Solution - 17018	620	2775	239	0	57
62	Solution - 17018	620	2775	239	0	57
63	Solution - 17018	620	2775	239	0	57
64	Solution - 17018	620	2775	239	0	57
65	Solution - 17018	620	2775	239	0	57
66	Solution - 17018	620	2775	239	0	57
67	Solution - 17018	620	2775	239	0	57
68	Solution - 17018	620	2775	239	0	57
69	Solution - 16355	625	2796	223	0	58
70	Solution - 16355	625	2796	223	0	58
71	Solution - 16355	625	2796	223	0	58
72	Solution - 16355	625	2796	223	0	58
73	Solution - 16355	625	2796	223	0	58
74	Solution - 16355	625	2796	223	0	58
75	Solution - 16355	625	2796	223	0	58
76	Solution - 16355	625	2796	223	0	58
77	Solution - 16355	625	2796	223	0	58
78	Solution - 16355	625	2796	223	0	58
79	Solution - 16355	625	2796	223	0	58
80	Solution - 16355	625	2796	223	0	58
81	Solution - 16355	625	2796	223	0	58
82	Solution - 16355	625	2796	223	0	58
83	Solution - 16355	625	2796	223	0	58
84	Solution - 16355	625	2796	223	0	58
85	Solution - 16355	625	2796	223	0	58
86	Solution - 16355	625	2796	223	0	58
87	Solution - 16355	625	2796	223	0	58
88	Solution - 16355	625	2796	223	0	58
89	Solution - 16355	625	2796	223	0	58
90	Solution - 16355	625	2796	223	0	58
91	Solution - 16355	625	2796	223	0	58
92	Solution - 16355	625	2796	223	0	58
93	Solution - 16355	625	2796	223	0	58
94	Solution - 16355	625	2796	223	0	58
95	Solution - 16355	625	2796	223	0	58
96	Solution - 16355	625	2796	223	0	58
97	Solution - 16355	625	2796	223	0	58
98	Solution - 16355	625	2796	223	0	58
99	Solution - 16355	625	2796	223	0	58
