[0, -427, 3, -433, 4, -433, 10, -433, 3, -445, 4, -445, 10, -446, 0, -454, 0, -454, 5, -460, 5, -465, 0, -475, 0, -562, 7, -568, 8, -577, 9, -582, 7, -589, 8, -589, 9, -590, 0, -599, 0, -460, 2, -463, 1, -463, 2, -470, 1, -470, 6, -477, 6, -486, 0, -493]
[0, -427, 3, -433, 4, -433, 10, -433, 3, -445, 4, -445, 10, -446, 0, -454, 0, -454, 5, -460, 5, -465, 0, -475, 0, -562, 7, -568, 8, -577, 9, -582, 7, -589, 8, -589, 9, -590, 0, -599, 0, -460, 2, -463, 1, -463, 2, -470, 1, -470, 6, -477, 6, -486, 0, -493]
[0, -427, 3, -433, 4, -433, 10, -433, 5, -433, 3, -445, 4, -445, 1, -452, 10, -462, 2, -467, 1, -467, 2, -467, 5, -474, 6, -474, 6, -483, 0, -490, 0, -562, 7, -568, 8, -577, 9, -582, 7, -589, 8, -589, 9, -590, 0, -599]
[0, -427, 3, -433, 4, -433, 10, -433, 5, -433, 3, -445, 4, -445, 1, -452, 10, -462, 2, -467, 1, -467, 2, -467, 5, -474, 6, -474, 6, -483, 0, -490, 0, -562, 7, -568, 8, -577, 9, -582, 7, -589, 8, -589, 9, -590, 0, -599]
[0, -427, 3, -433, 4, -433, 10, -433, 5, -433, 3, -445, 4, -445, 1, -452, 10, -462, 2, -467, 1, -467, 2, -467, 5, -474, 6, -474, 6, -483, 0, -490, 0, -562, 7, -568, 8, -577, 9, -582, 7, -589, 8, -589, 9, -590, 0, -599]
[0, -427, 3, -433, 4, -433, 10, -433, 5, -433, 3, -445, 4, -445, 1, -452, 10, -462, 2, -467, 1, -467, 2, -467, 5, -474, 6, -474, 6, -483, 0, -490, 0, -562, 7, -568, 8, -577, 9, -582, 7, -589, 8, -589, 9, -590, 0, -599]
[0, -427, 3, -433, 4, -433, 10, -433, 5, -433, 3, -445, 4, -445, 1, -452, 10, -462, 2, -467, 1, -467, 2, -467, 5, -474, 6, -474, 6, -483, 0, -490, 0, -562, 7, -568, 8, -577, 9, -582, 7, -589, 8, -589, 9, -590, 0, -599]
[0, -434, 2, -437, 1, -437, 10, -443, 5, -443, 10, -452, 6, -461, 5, -466, 2, -477, 1, -477, 6, -479, 0, -486, 0, -427, 3, -433, 4, -433, 3, -445, 4, -445, 0, -455, 0, -562, 7, -568, 8, -577, 9, -582, 7, -589, 8, -589, 9, -590, 0, -599]
[0, -434, 2, -437, 1, -437, 10, -443, 5, -443, 10, -452, 6, -461, 5, -466, 2, -477, 1, -477, 6, -479, 0, -486, 0, -427, 3, -433, 4, -433, 3, -445, 4, -445, 0, -455, 0, -562, 7, -568, 8, -577, 9, -582, 7, -589, 8, -589, 9, -590, 0, -599]
[0, -434, 2, -437, 1, -437, 10, -443, 5, -443, 10, -452, 6, -461, 5, -466, 2, -477, 1, -477, 6, -479, 0, -486, 0, -427, 3, -433, 4, -433, 3, -445, 4, -445, 0, -455, 0, -562, 7, -568, 8, -577, 9, -582, 7, -589, 8, -589, 9, -590, 0, -599]
[0, -434, 2, -437, 1, -437, 10, -443, 5, -443, 10, -452, 6, -461, 5, -466, 2, -477, 1, -477, 6, -479, 0, -486, 0, -427, 3, -433, 4, -433, 3, -445, 4, -445, 0, -455, 0, -562, 7, -568, 8, -577, 9, -582, 7, -589, 8, -589, 9, -590, 0, -599]
[0, -434, 2, -437, 1, -437, 10, -443, 5, -443, 10, -452, 6, -461, 5, -466, 2, -477, 1, -477, 6, -479, 0, -486, 0, -427, 3, -433, 4, -433, 3, -445, 4, -445, 0, -455, 0, -562, 7, -568, 8, -577, 9, -582, 7, -589, 8, -589, 9, -590, 0, -599]
[0, -434, 2, -437, 1, -437, 10, -443, 5, -443, 10, -452, 6, -461, 5, -466, 2, -477, 1, -477, 6, -479, 0, -486, 0, -427, 3, -433, 4, -433, 3, -445, 4, -445, 0, -455, 0, -562, 7, -568, 8, -577, 9, -582, 7, -589, 8, -589, 9, -590, 0, -599]
[0, -434, 2, -437, 1, -437, 10, -443, 5, -443, 10, -452, 6, -461, 5, -466, 2, -477, 1, -477, 6, -479, 0, -486, 0, -427, 3, -433, 4, -433, 3, -445, 4, -445, 0, -455, 0, -562, 7, -568, 8, -577, 9, -582, 7, -589, 8, -589, 9, -590, 0, -599]
[0, -434, 2, -437, 1, -437, 10, -443, 5, -443, 10, -452, 6, -461, 5, -466, 2, -477, 1, -477, 6, -479, 0, -486, 0, -427, 3, -433, 4, -433, 3, -445, 4, -445, 0, -455, 0, -562, 7, -568, 8, -577, 9, -582, 7, -589, 8, -589, 9, -590, 0, -599]
[0, -434, 2, -437, 1, -437, 10, -443, 5, -443, 10, -452, 6, -461, 5, -466, 2, -477, 1, -477, 6, -479, 0, -486, 0, -427, 3, -433, 4, -433, 3, -445, 4, -445, 0, -455, 0, -562, 7, -568, 8, -577, 9, -582, 7, -589, 8, -589, 9, -590, 0, -599]
[0, -434, 2, -437, 1, -437, 10, -443, 5, -443, 10, -452, 6, -461, 5, -466, 2, -477, 1, -477, 6, -479, 0, -486, 0, -427, 3, -433, 4, -433, 3, -445, 4, -445, 0, -455, 0, -562, 7, -568, 8, -577, 9, -582, 7, -589, 8, -589, 9, -590, 0, -599]
[0, -434, 2, -437, 1, -437, 10, -443, 5, -443, 10, -452, 6, -461, 5, -466, 2, -477, 1, -477, 6, -479, 0, -486, 0, -427, 3, -433, 4, -433, 3, -445, 4, -445, 0, -455, 0, -562, 7, -568, 8, -577, 9, -582, 7, -589, 8, -589, 9, -590, 0, -599]
[0, -434, 2, -437, 1, -437, 10, -443, 5, -443, 10, -452, 6, -461, 5, -466, 2, -477, 1, -477, 6, -479, 0, -486, 0, -427, 3, -433, 4, -433, 3, -445, 4, -445, 0, -455, 0, -562, 7, -568, 8, -577, 9, -582, 7, -589, 8, -589, 9, -590, 0, -599]
[0, -434, 2, -437, 1, -437, 10, -443, 5, -443, 10, -452, 6, -461, 5, -466, 2, -477, 1, -477, 6, -479, 0, -486, 0, -427, 3, -433, 4, -433, 3, -445, 4, -445, 0, -455, 0, -562, 7, -568, 8, -577, 9, -582, 7, -589, 8, -589, 9, -590, 0, -599]
[0, -434, 2, -437, 1, -437, 10, -443, 5, -443, 10, -452, 6, -461, 5, -466, 2, -477, 1, -477, 6, -479, 0, -486, 0, -427, 3, -433, 4, -433, 3, -445, 4, -445, 0, -455, 0, -562, 7, -568, 8, -577, 9, -582, 7, -589, 8, -589, 9, -590, 0, -599]
[0, -434, 2, -437, 1, -437, 10, -443, 5, -443, 10, -452, 6, -461, 5, -466, 2, -477, 1, -477, 6, -479, 0, -486, 0, -427, 3, -433, 4, -433, 3, -445, 4, -445, 0, -455, 0, -562, 7, -568, 8, -577, 9, -582, 7, -589, 8, -589, 9, -590, 0, -599]
[0, -434, 2, -437, 1, -437, 10, -443, 5, -443, 10, -452, 6, -461, 5, -466, 2, -477, 1, -477, 6, -479, 0, -486, 0, -427, 3, -433, 4, -433, 3, -445, 4, -445, 0, -455, 0, -562, 7, -568, 8, -577, 9, -582, 7, -589, 8, -589, 9, -590, 0, -599]
[0, -434, 2, -437, 1, -437, 10, -443, 5, -443, 10, -452, 6, -461, 5, -466, 2, -477, 1, -477, 6, -479, 0, -486, 0, -427, 3, -433, 4, -433, 3, -445, 4, -445, 0, -455, 0, -562, 7, -568, 8, -577, 9, -582, 7, -589, 8, -589, 9, -590, 0, -599]
[0, -434, 2, -437, 1, -437, 10, -443, 5, -443, 10, -452, 6, -461, 5, -466, 2, -477, 1, -477, 6, -479, 0, -486, 0, -427, 3, -433, 4, -433, 3, -445, 4, -445, 0, -455, 0, -562, 7, -568, 8, -577, 9, -582, 7, -589, 8, -589, 9, -590, 0, -599]
[0, -434, 2, -437, 1, -437, 10, -443, 5, -443, 10, -452, 6, -461, 5, -466, 2, -477, 1, -477, 6, -479, 0, -486, 0, -427, 3, -433, 4, -433, 3, -445, 4, -445, 0, -455, 0, -562, 7, -568, 8, -577, 9, -582, 7, -589, 8, -589, 9, -590, 0, -599]
[0, -434, 2, -437, 1, -437, 10, -443, 5, -443, 10, -452, 6, -461, 5, -466, 2, -477, 1, -477, 6, -479, 0, -486, 0, -427, 3, -433, 4, -433, 3, -445, 4, -445, 0, -455, 0, -562, 7, -568, 8, -577, 9, -582, 7, -589, 8, -589, 9, -590, 0, -599]
[0, -434, 2, -437, 1, -437, 10, -443, 5, -443, 10, -452, 6, -461, 5, -466, 2, -477, 1, -477, 6, -479, 0, -486, 0, -427, 3, -433, 4, -433, 3, -445, 4, -445, 0, -455, 0, -562, 7, -568, 8, -577, 9, -582, 7, -589, 8, -589, 9, -590, 0, -599]
[0, -434, 2, -437, 1, -437, 10, -443, 5, -443, 10, -452, 6, -461, 5, -466, 2, -477, 1, -477, 6, -479, 0, -486, 0, -427, 3, -433, 4, -433, 3, -445, 4, -445, 0, -455, 0, -562, 7, -568, 8, -577, 9, -582, 7, -589, 8, -589, 9, -590, 0, -599]
[0, -434, 2, -437, 1, -437, 10, -443, 5, -443, 10, -452, 6, -461, 5, -466, 2, -477, 1, -477, 6, -479, 0, -486, 0, -427, 3, -433, 4, -433, 3, -445, 4, -445, 0, -455, 0, -562, 7, -568, 8, -577, 9, -582, 7, -589, 8, -589, 9, -590, 0, -599]
[0, -434, 2, -437, 1, -437, 10, -443, 5, -443, 10, -452, 6, -461, 5, -466, 2, -477, 1, -477, 6, -479, 0, -486, 0, -427, 3, -433, 4, -433, 3, -445, 4, -445, 0, -455, 0, -562, 7, -568, 8, -577, 9, -582, 7, -589, 8, -589, 9, -590, 0, -599]
[0, -434, 2, -437, 1, -437, 10, -443, 5, -443, 10, -452, 6, -461, 5, -466, 2, -477, 1, -477, 6, -479, 0, -486, 0, -427, 3, -433, 4, -433, 3, -445, 4, -445, 0, -455, 0, -562, 7, -568, 8, -577, 9, -582, 7, -589, 8, -589, 9, -590, 0, -599]
[0, -434, 2, -437, 1, -437, 10, -443, 5, -443, 10, -452, 6, -461, 5, -466, 2, -477, 1, -477, 6, -479, 0, -486, 0, -427, 3, -433, 4, -433, 3, -445, 4, -445, 0, -455, 0, -562, 7, -568, 8, -577, 9, -582, 7, -589, 8, -589, 9, -590, 0, -599]
[0, -434, 2, -437, 1, -437, 10, -443, 5, -443, 10, -452, 6, -461, 5, -466, 2, -477, 1, -477, 6, -479, 0, -486, 0, -427, 3, -433, 4, -433, 3, -445, 4, -445, 0, -455, 0, -562, 7, -568, 8, -577, 9, -582, 7, -589, 8, -589, 9, -590, 0, -599]
[0, -434, 2, -437, 1, -437, 10, -443, 5, -443, 10, -452, 6, -461, 5, -466, 2, -477, 1, -477, 6, -479, 0, -486, 0, -427, 3, -433, 4, -433, 3, -445, 4, -445, 0, -455, 0, -562, 7, -568, 8, -577, 9, -582, 7, -589, 8, -589, 9, -590, 0, -599]
[0, -434, 2, -437, 1, -437, 10, -443, 5, -443, 10, -452, 6, -461, 5, -466, 2, -477, 1, -477, 6, -479, 0, -486, 0, -427, 3, -433, 4, -433, 3, -445, 4, -445, 0, -455, 0, -562, 7, -568, 8, -577, 9, -582, 7, -589, 8, -589, 9, -590, 0, -599]
[0, -434, 2, -437, 1, -437, 10, -443, 5, -443, 10, -452, 6, -461, 5, -466, 2, -477, 1, -477, 6, -479, 0, -486, 0, -427, 3, -433, 4, -433, 3, -445, 4, -445, 0, -455, 0, -562, 7, -568, 8, -577, 9, -582, 7, -589, 8, -589, 9, -590, 0, -599]
[0, -434, 2, -437, 1, -437, 10, -443, 5, -443, 10, -452, 6, -461, 5, -466, 2, -477, 1, -477, 6, -479, 0, -486, 0, -427, 3, -433, 4, -433, 3, -445, 4, -445, 0, -455, 0, -562, 7, -568, 8, -577, 9, -582, 7, -589, 8, -589, 9, -590, 0, -599]
[0, -434, 2, -437, 1, -437, 10, -443, 5, -443, 10, -452, 6, -461, 5, -466, 2, -477, 1, -477, 6, -479, 0, -486, 0, -427, 3, -433, 4, -433, 3, -445, 4, -445, 0, -455, 0, -562, 7, -568, 8, -577, 9, -582, 7, -589, 8, -589, 9, -590, 0, -599]
[0, -434, 2, -437, 1, -437, 10, -443, 5, -443, 10, -452, 6, -461, 5, -466, 2, -477, 1, -477, 6, -479, 0, -486, 0, -427, 3, -433, 4, -433, 3, -445, 4, -445, 0, -455, 0, -562, 7, -568, 8, -577, 9, -582, 7, -589, 8, -589, 9, -590, 0, -599]
[0, -434, 2, -437, 1, -437, 10, -443, 5, -443, 10, -452, 6, -461, 5, -466, 2, -477, 1, -477, 6, -479, 0, -486, 0, -427, 3, -433, 4, -433, 3, -445, 4, -445, 0, -455, 0, -562, 7, -568, 8, -577, 9, -582, 7, -589, 8, -589, 9, -590, 0, -599]
[0, -434, 2, -437, 1, -437, 10, -443, 5, -443, 10, -452, 6, -461, 5, -466, 2, -477, 1, -477, 6, -479, 0, -486, 0, -427, 3, -433, 4, -433, 3, -445, 4, -445, 0, -455, 0, -562, 7, -568, 8, -577, 9, -582, 7, -589, 8, -589, 9, -590, 0, -599]
[0, -434, 2, -437, 1, -437, 10, -443, 5, -443, 10, -452, 6, -461, 5, -466, 2, -477, 1, -477, 6, -479, 0, -486, 0, -427, 3, -433, 4, -433, 3, -445, 4, -445, 0, -455, 0, -562, 7, -568, 8, -577, 9, -582, 7, -589, 8, -589, 9, -590, 0, -599]
[0, -434, 2, -437, 1, -437, 10, -443, 5, -443, 10, -452, 6, -461, 5, -466, 2, -477, 1, -477, 6, -479, 0, -486, 0, -427, 3, -433, 4, -433, 3, -445, 4, -445, 0, -455, 0, -562, 7, -568, 8, -577, 9, -582, 7, -589, 8, -589, 9, -590, 0, -599]
[0, -434, 2, -437, 1, -437, 10, -443, 5, -443, 10, -452, 6, -461, 5, -466, 2, -477, 1, -477, 6, -479, 0, -486, 0, -427, 3, -433, 4, -433, 3, -445, 4, -445, 0, -455, 0, -562, 7, -568, 8, -577, 9, -582, 7, -589, 8, -589, 9, -590, 0, -599]
[0, -434, 2, -437, 1, -437, 10, -443, 5, -443, 10, -452, 6, -461, 5, -466, 2, -477, 1, -477, 6, -479, 0, -486, 0, -427, 3, -433, 4, -433, 3, -445, 4, -445, 0, -455, 0, -562, 7, -568, 8, -577, 9, -582, 7, -589, 8, -589, 9, -590, 0, -599]
[0, -434, 2, -437, 1, -437, 10, -443, 5, -443, 10, -452, 6, -461, 5, -466, 2, -477, 1, -477, 6, -479, 0, -486, 0, -427, 3, -433, 4, -433, 3, -445, 4, -445, 0, -455, 0, -562, 7, -568, 8, -577, 9, -582, 7, -589, 8, -589, 9, -590, 0, -599]
[0, -434, 2, -437, 1, -437, 10, -443, 5, -443, 10, -452, 6, -461, 5, -466, 2, -477, 1, -477, 6, -479, 0, -486, 0, -427, 3, -433, 4, -433, 3, -445, 4, -445, 0, -455, 0, -562, 7, -568, 8, -577, 9, -582, 7, -589, 8, -589, 9, -590, 0, -599]
[0, -434, 2, -437, 1, -437, 10, -443, 5, -443, 10, -452, 6, -461, 5, -466, 2, -477, 1, -477, 6, -479, 0, -486, 0, -427, 3, -433, 4, -433, 3, -445, 4, -445, 0, -455, 0, -562, 7, -568, 8, -577, 9, -582, 7, -589, 8, -589, 9, -590, 0, -599]
[0, -434, 2, -437, 1, -437, 10, -443, 5, -443, 10, -452, 6, -461, 5, -466, 2, -477, 1, -477, 6, -479, 0, -486, 0, -427, 3, -433, 4, -433, 3, -445, 4, -445, 0, -455, 0, -562, 7, -568, 8, -577, 9, -582, 7, -589, 8, -589, 9, -590, 0, -599]
[0, -434, 2, -437, 1, -437, 10, -443, 5, -443, 10, -452, 6, -461, 5, -466, 2, -477, 1, -477, 6, -479, 0, -486, 0, -427, 3, -433, 4, -433, 3, -445, 4, -445, 0, -455, 0, -562, 7, -568, 8, -577, 9, -582, 7, -589, 8, -589, 9, -590, 0, -599]
[0, -434, 2, -437, 1, -437, 10, -443, 5, -443, 10, -452, 6, -461, 5, -466, 2, -477, 1, -477, 6, -479, 0, -486, 0, -427, 3, -433, 4, -433, 3, -445, 4, -445, 0, -455, 0, -562, 7, -568, 8, -577, 9, -582, 7, -589, 8, -589, 9, -590, 0, -599]
[0, -434, 2, -437, 1, -437, 10, -443, 5, -443, 10, -452, 6, -461, 5, -466, 2, -477, 1, -477, 6, -479, 0, -486, 0, -427, 3, -433, 4, -433, 3, -445, 4, -445, 0, -455, 0, -562, 7, -568, 8, -577, 9, -582, 7, -589, 8, -589, 9, -590, 0, -599]
[0, -434, 2, -437, 1, -437, 10, -443, 5, -443, 10, -452, 6, -461, 5, -466, 2, -477, 1, -477, 6, -479, 0, -486, 0, -427, 3, -433, 4, -433, 3, -445, 4, -445, 0, -455, 0, -562, 7, -568, 8, -577, 9, -582, 7, -589, 8, -589, 9, -590, 0, -599]
[0, -434, 2, -437, 1, -437, 10, -443, 5, -443, 10, -452, 6, -461, 5, -466, 2, -477, 1, -477, 6, -479, 0, -486, 0, -427, 3, -433, 4, -433, 3, -445, 4, -445, 0, -455, 0, -562, 7, -568, 8, -577, 9, -582, 7, -589, 8, -589, 9, -590, 0, -599]
[0, -434, 2, -437, 1, -437, 10, -443, 5, -443, 10, -452, 6, -461, 5, -466, 2, -477, 1, -477, 6, -479, 0, -486, 0, -427, 3, -433, 4, -433, 3, -445, 4, -445, 0, -455, 0, -562, 7, -568, 8, -577, 9, -582, 7, -589, 8, -589, 9, -590, 0, -599]
[0, -434, 2, -437, 1, -437, 10, -443, 5, -443, 10, -452, 6, -461, 5, -466, 2, -477, 1, -477, 6, -479, 0, -486, 0, -427, 3, -433, 4, -433, 3, -445, 4, -445, 0, -455, 0, -562, 7, -568, 8, -577, 9, -582, 7, -589, 8, -589, 9, -590, 0, -599]
[0, -434, 2, -437, 1, -437, 10, -443, 5, -443, 10, -452, 6, -461, 5, -466, 2, -477, 1, -477, 6, -479, 0, -486, 0, -427, 3, -433, 4, -433, 3, -445, 4, -445, 0, -455, 0, -562, 7, -568, 8, -577, 9, -582, 7, -589, 8, -589, 9, -590, 0, -599]
[0, -434, 2, -437, 1, -437, 10, -443, 5, -443, 10, -452, 6, -461, 5, -466, 2, -477, 1, -477, 6, -479, 0, -486, 0, -427, 3, -433, 4, -433, 3, -445, 4, -445, 0, -455, 0, -562, 7, -568, 8, -577, 9, -582, 7, -589, 8, -589, 9, -590, 0, -599]
[0, -434, 2, -437, 1, -437, 10, -443, 5, -443, 10, -452, 6, -461, 5, -466, 2, -477, 1, -477, 6, -479, 0, -486, 0, -427, 3, -433, 4, -433, 3, -445, 4, -445, 0, -455, 0, -562, 7, -568, 8, -577, 9, -582, 7, -589, 8, -589, 9, -590, 0, -599]
[0, -434, 2, -437, 1, -437, 10, -443, 5, -443, 10, -452, 6, -461, 5, -466, 2, -477, 1, -477, 6, -479, 0, -486, 0, -427, 3, -433, 4, -433, 3, -445, 4, -445, 0, -455, 0, -562, 7, -568, 8, -577, 9, -582, 7, -589, 8, -589, 9, -590, 0, -599]
[0, -434, 2, -437, 1, -437, 10, -443, 5, -443, 10, -452, 6, -461, 5, -466, 2, -477, 1, -477, 6, -479, 0, -486, 0, -427, 3, -433, 4, -433, 3, -445, 4, -445, 0, -455, 0, -562, 7, -568, 8, -577, 9, -582, 7, -589, 8, -589, 9, -590, 0, -599]
[0, -434, 2, -437, 1, -437, 10, -443, 5, -443, 10, -452, 6, -461, 5, -466, 2, -477, 1, -477, 6, -479, 0, -486, 0, -427, 3, -433, 4, -433, 3, -445, 4, -445, 0, -455, 0, -562, 7, -568, 8, -577, 9, -582, 7, -589, 8, -589, 9, -590, 0, -599]
[0, -434, 2, -437, 1, -437, 10, -443, 5, -443, 10, -452, 6, -461, 5, -466, 2, -477, 1, -477, 6, -479, 0, -486, 0, -427, 3, -433, 4, -433, 3, -445, 4, -445, 0, -455, 0, -562, 7, -568, 8, -577, 9, -582, 7, -589, 8, -589, 9, -590, 0, -599]
[0, -434, 2, -437, 1, -437, 10, -443, 5, -443, 10, -452, 6, -461, 5, -466, 2, -477, 1, -477, 6, -479, 0, -486, 0, -427, 3, -433, 4, -433, 3, -445, 4, -445, 0, -455, 0, -562, 7, -568, 8, -577, 9, -582, 7, -589, 8, -589, 9, -590, 0, -599]
[0, -434, 2, -437, 1, -437, 10, -443, 5, -443, 10, -452, 6, -461, 5, -466, 2, -477, 1, -477, 6, -479, 0, -486, 0, -427, 3, -433, 4, -433, 3, -445, 4, -445, 0, -455, 0, -562, 7, -568, 8, -577, 9, -582, 7, -589, 8, -589, 9, -590, 0, -599]
[0, -434, 2, -437, 1, -437, 10, -443, 5, -443, 10, -452, 6, -461, 5, -466, 2, -477, 1, -477, 6, -479, 0, -486, 0, -427, 3, -433, 4, -433, 3, -445, 4, -445, 0, -455, 0, -562, 7, -568, 8, -577, 9, -582, 7, -589, 8, -589, 9, -590, 0, -599]
[0, -434, 2, -437, 1, -437, 10, -443, 5, -443, 10, -452, 6, -461, 5, -466, 2, -477, 1, -477, 6, -479, 0, -486, 0, -427, 3, -433, 4, -433, 3, -445, 4, -445, 0, -455, 0, -562, 7, -568, 8, -577, 9, -582, 7, -589, 8, -589, 9, -590, 0, -599]
[0, -434, 2, -437, 1, -437, 10, -443, 5, -443, 10, -452, 6, -461, 5, -466, 2, -477, 1, -477, 6, -479, 0, -486, 0, -427, 3, -433, 4, -433, 3, -445, 4, -445, 0, -455, 0, -562, 7, -568, 8, -577, 9, -582, 7, -589, 8, -589, 9, -590, 0, -599]
[0, -434, 2, -437, 1, -437, 10, -443, 5, -443, 10, -452, 6, -461, 5, -466, 2, -477, 1, -477, 6, -479, 0, -486, 0, -427, 3, -433, 4, -433, 3, -445, 4, -445, 0, -455, 0, -562, 7, -568, 8, -577, 9, -582, 7, -589, 8, -589, 9, -590, 0, -599]
[0, -434, 2, -437, 1, -437, 10, -443, 5, -443, 10, -452, 6, -461, 5, -466, 2, -477, 1, -477, 6, -479, 0, -486, 0, -427, 3, -433, 4, -433, 3, -445, 4, -445, 0, -455, 0, -562, 7, -568, 8, -577, 9, -582, 7, -589, 8, -589, 9, -590, 0, -599]
[0, -434, 2, -437, 1, -437, 10, -443, 5, -443, 10, -452, 6, -461, 5, -466, 2, -477, 1, -477, 6, -479, 0, -486, 0, -427, 3, -433, 4, -433, 3, -445, 4, -445, 0, -455, 0, -562, 7, -568, 8, -577, 9, -582, 7, -589, 8, -589, 9, -590, 0, -599]
[0, -434, 2, -437, 1, -437, 10, -443, 5, -443, 10, -452, 6, -461, 5, -466, 2, -477, 1, -477, 6, -479, 0, -486, 0, -427, 3, -433, 4, -433, 3, -445, 4, -445, 0, -455, 0, -562, 7, -568, 8, -577, 9, -582, 7, -589, 8, -589, 9, -590, 0, -599]
[0, -434, 2, -437, 1, -437, 10, -443, 5, -443, 10, -452, 6, -461, 5, -466, 2, -477, 1, -477, 6, -479, 0, -486, 0, -427, 3, -433, 4, -433, 3, -445, 4, -445, 0, -455, 0, -562, 7, -568, 8, -577, 9, -582, 7, -589, 8, -589, 9, -590, 0, -599]
[0, -434, 2, -437, 1, -437, 10, -443, 5, -443, 10, -452, 6, -461, 5, -466, 2, -477, 1, -477, 6, -479, 0, -486, 0, -427, 3, -433, 4, -433, 3, -445, 4, -445, 0, -455, 0, -562, 7, -568, 8, -577, 9, -582, 7, -589, 8, -589, 9, -590, 0, -599]
[0, -434, 2, -437, 1, -437, 10, -443, 5, -443, 10, -452, 6, -461, 5, -466, 2, -477, 1, -477, 6, -479, 0, -486, 0, -427, 3, -433, 4, -433, 3, -445, 4, -445, 0, -455, 0, -562, 7, -568, 8, -577, 9, -582, 7, -589, 8, -589, 9, -590, 0, -599]
[0, -434, 2, -437, 1, -437, 10, -443, 5, -443, 10, -452, 6, -461, 5, -466, 2, -477, 1, -477, 6, -479, 0, -486, 0, -427, 3, -433, 4, -433, 3, -445, 4, -445, 0, -455, 0, -562, 7, -568, 8, -577, 9, -582, 7, -589, 8, -589, 9, -590, 0, -599]
[0, -434, 2, -437, 1, -437, 10, -443, 5, -443, 10, -452, 6, -461, 5, -466, 2, -477, 1, -477, 6, -479, 0, -486, 0, -427, 3, -433, 4, -433, 3, -445, 4, -445, 0, -455, 0, -562, 7, -568, 8, -577, 9, -582, 7, -589, 8, -589, 9, -590, 0, -599]
[0, -434, 2, -437, 1, -437, 10, -443, 5, -443, 10, -452, 6, -461, 5, -466, 2, -477, 1, -477, 6, -479, 0, -486, 0, -427, 3, -433, 4, -433, 3, -445, 4, -445, 0, -455, 0, -562, 7, -568, 8, -577, 9, -582, 7, -589, 8, -589, 9, -590, 0, -599]
[0, -434, 2, -437, 1, -437, 10, -443, 5, -443, 10, -452, 6, -461, 5, -466, 2, -477, 1, -477, 6, -479, 0, -486, 0, -427, 3, -433, 4, -433, 3, -445, 4, -445, 0, -455, 0, -562, 7, -568, 8, -577, 9, -582, 7, -589, 8, -589, 9, -590, 0, -599]
[0, -434, 2, -437, 1, -437, 10, -443, 5, -443, 10, -452, 6, -461, 5, -466, 2, -477, 1, -477, 6, -479, 0, -486, 0, -427, 3, -433, 4, -433, 3, -445, 4, -445, 0, -455, 0, -562, 7, -568, 8, -577, 9, -582, 7, -589, 8, -589, 9, -590, 0, -599]
[0, -434, 2, -437, 1, -437, 10, -443, 5, -443, 10, -452, 6, -461, 5, -466, 2, -477, 1, -477, 6, -479, 0, -486, 0, -427, 3, -433, 4, -433, 3, -445, 4, -445, 0, -455, 0, -562, 7, -568, 8, -577, 9, -582, 7, -589, 8, -589, 9, -590, 0, -599]
[0, -434, 2, -437, 1, -437, 10, -443, 5, -443, 10, -452, 6, -461, 5, -466, 2, -477, 1, -477, 6, -479, 0, -486, 0, -427, 3, -433, 4, -433, 3, -445, 4, -445, 0, -455, 0, -562, 7, -568, 8, -577, 9, -582, 7, -589, 8, -589, 9, -590, 0, -599]
[0, -434, 2, -437, 1, -437, 10, -443, 5, -443, 10, -452, 6, -461, 5, -466, 2, -477, 1, -477, 6, -479, 0, -486, 0, -427, 3, -433, 4, -433, 3, -445, 4, -445, 0, -455, 0, -562, 7, -568, 8, -577, 9, -582, 7, -589, 8, -589, 9, -590, 0, -599]
[0, -434, 2, -437, 1, -437, 10, -443, 5, -443, 10, -452, 6, -461, 5, -466, 2, -477, 1, -477, 6, -479, 0, -486, 0, -427, 3, -433, 4, -433, 3, -445, 4, -445, 0, -455, 0, -562, 7, -568, 8, -577, 9, -582, 7, -589, 8, -589, 9, -590, 0, -599]
[0, -434, 2, -437, 1, -437, 10, -443, 5, -443, 10, -452, 6, -461, 5, -466, 2, -477, 1, -477, 6, -479, 0, -486, 0, -427, 3, -433, 4, -433, 3, -445, 4, -445, 0, -455, 0, -562, 7, -568, 8, -577, 9, -582, 7, -589, 8, -589, 9, -590, 0, -599]
[0, -434, 2, -437, 1, -437, 10, -443, 5, -443, 10, -452, 6, -461, 5, -466, 2, -477, 1, -477, 6, -479, 0, -486, 0, -427, 3, -433, 4, -433, 3, -445, 4, -445, 0, -455, 0, -562, 7, -568, 8, -577, 9, -582, 7, -589, 8, -589, 9, -590, 0, -599]
[0, -434, 2, -437, 1, -437, 10, -443, 5, -443, 10, -452, 6, -461, 5, -466, 2, -477, 1, -477, 6, -479, 0, -486, 0, -427, 3, -433, 4, -433, 3, -445, 4, -445, 0, -455, 0, -562, 7, -568, 8, -577, 9, -582, 7, -589, 8, -589, 9, -590, 0, -599]
[0, -434, 2, -437, 1, -437, 10, -443, 5, -443, 10, -452, 6, -461, 5, -466, 2, -477, 1, -477, 6, -479, 0, -486, 0, -427, 3, -433, 4, -433, 3, -445, 4, -445, 0, -455, 0, -562, 7, -568, 8, -577, 9, -582, 7, -589, 8, -589, 9, -590, 0, -599]
[0, -434, 2, -437, 1, -437, 10, -443, 5, -443, 10, -452, 6, -461, 5, -466, 2, -477, 1, -477, 6, -479, 0, -486, 0, -427, 3, -433, 4, -433, 3, -445, 4, -445, 0, -455, 0, -562, 7, -568, 8, -577, 9, -582, 7, -589, 8, -589, 9, -590, 0, -599]
[0, -434, 2, -437, 1, -437, 10, -443, 5, -443, 10, -452, 6, -461, 5, -466, 2, -477, 1, -477, 6, -479, 0, -486, 0, -427, 3, -433, 4, -433, 3, -445, 4, -445, 0, -455, 0, -562, 7, -568, 8, -577, 9, -582, 7, -589, 8, -589, 9, -590, 0, -599]
[0, -434, 2, -437, 1, -437, 10, -443, 5, -443, 10, -452, 6, -461, 5, -466, 2, -477, 1, -477, 6, -479, 0, -486, 0, -427, 3, -433, 4, -433, 3, -445, 4, -445, 0, -455, 0, -562, 7, -568, 8, -577, 9, -582, 7, -589, 8, -589, 9, -590, 0, -599]
[0, -434, 2, -437, 1, -437, 10, -443, 5, -443, 10, -452, 6, -461, 5, -466, 2, -477, 1, -477, 6, -479, 0, -486, 0, -427, 3, -433, 4, -433, 3, -445, 4, -445, 0, -455, 0, -562, 7, -568, 8, -577, 9, -582, 7, -589, 8, -589, 9, -590, 0, -599]
[0, -434, 2, -437, 1, -437, 10, -443, 5, -443, 10, -452, 6, -461, 5, -466, 2, -477, 1, -477, 6, -479, 0, -486, 0, -427, 3, -433, 4, -433, 3, -445, 4, -445, 0, -455, 0, -562, 7, -568, 8, -577, 9, -582, 7, -589, 8, -589, 9, -590, 0, -599]
[0, -434, 2, -437, 1, -437, 10, -443, 5, -443, 10, -452, 6, -461, 5, -466, 2, -477, 1, -477, 6, -479, 0, -486, 0, -427, 3, -433, 4, -433, 3, -445, 4, -445, 0, -455, 0, -562, 7, -568, 8, -577, 9, -582, 7, -589, 8, -589, 9, -590, 0, -599]
[0, -434, 2, -437, 1, -437, 10, -443, 5, -443, 10, -452, 6, -461, 5, -466, 2, -477, 1, -477, 6, -479, 0, -486, 0, -427, 3, -433, 4, -433, 3, -445, 4, -445, 0, -455, 0, -562, 7, -568, 8, -577, 9, -582, 7, -589, 8, -589, 9, -590, 0, -599]
[0, -434, 2, -437, 1, -437, 10, -443, 5, -443, 10, -452, 6, -461, 5, -466, 2, -477, 1, -477, 6, -479, 0, -486, 0, -427, 3, -433, 4, -433, 3, -445, 4, -445, 0, -455, 0, -562, 7, -568, 8, -577, 9, -582, 7, -589, 8, -589, 9, -590, 0, -599]
[0, -434, 2, -437, 1, -437, 10, -443, 5, -443, 10, -452, 6, -461, 5, -466, 2, -477, 1, -477, 6, -479, 0, -486, 0, -427, 3, -433, 4, -433, 3, -445, 4, -445, 0, -455, 0, -562, 7, -568, 8, -577, 9, -582, 7, -589, 8, -589, 9, -590, 0, -599]
[0, -434, 2, -437, 1, -437, 10, -443, 5, -443, 10, -452, 6, -461, 5, -466, 2, -477, 1, -477, 6, -479, 0, -486, 0, -427, 3, -433, 4, -433, 3, -445, 4, -445, 0, -455, 0, -562, 7, -568, 8, -577, 9, -582, 7, -589, 8, -589, 9, -590, 0, -599]
[0, -434, 2, -437, 1, -437, 10, -443, 5, -443, 10, -452, 6, -461, 5, -466, 2, -477, 1, -477, 6, -479, 0, -486, 0, -427, 3, -433, 4, -433, 3, -445, 4, -445, 0, -455, 0, -562, 7, -568, 8, -577, 9, -582, 7, -589, 8, -589, 9, -590, 0, -599]
