[0, -562, 7, -568, 8, -577, 9, -582, 7, -589, 8, -589, 9, -590, 0, -599, 0, -427, 3, -433, 4, -433, 10, -433, 5, -433, 3, -445, 4, -445, 10, -446, 5, -455, 0, -465, 0, -458, 6, -469, 6, -478, 0, -485, 0, -460, 2, -463, 1, -463, 2, -470, 1, -470, 0, -476]
[0, -427, 3, -433, 4, -433, 10, -433, 5, -433, 3, -445, 4, -445, 10, -446, 5, -455, 0, -465, 0, -458, 6, -469, 6, -478, 0, -485, 0, -562, 7, -568, 8, -577, 9, -582, 7, -589, 8, -589, 9, -590, 0, -599, 0, -460, 2, -463, 1, -463, 2, -470, 1, -470, 0, -476]
[0, -557, 8, -562, 7, -572, 8, -580, 7, -580, 0, -586, 0, -427, 3, -433, 4, -433, 10, -433, 5, -433, 3, -445, 4, -445, 10, -446, 5, -455, 0, -465, 0, -458, 6, -469, 6, -478, 0, -485, 0, -460, 2, -463, 1, -463, 2, -470, 1, -470, 0, -476, 0, -575, 9, -585, 9, -590, 0, -599]
[0, -427, 4, -433, 3, -433, 10, -433, 5, -433, 4, -445, 3, -445, 10, -446, 5, -455, 0, -465, 0, -458, 6, -469, 6, -478, 0, -485, 0, -562, 7, -568, 8, -577, 9, -582, 7, -589, 8, -589, 9, -590, 0, -599, 0, -460, 2, -463, 1, -463, 2, -470, 1, -470, 0, -476]
[0, -449, 2, -452, 1, -452, 6, -459, 2, -470, 1, -470, 6, -472, 0, -479, 0, -427, 3, -433, 4, -433, 10, -433, 5, -433, 3, -445, 4, -445, 10, -446, 5, -455, 0, -465, 0, -562, 7, -568, 8, -577, 9, -582, 7, -589, 8, -589, 9, -590, 0, -599]
[0, -427, 3, -433, 4, -433, 10, -433, 5, -433, 3, -445, 4, -445, 10, -446, 5, -455, 0, -465, 0, -458, 6, -469, 6, -478, 0, -485, 0, -562, 7, -568, 8, -577, 9, -582, 7, -589, 8, -589, 9, -590, 0, -599, 0, -460, 1, -463, 2, -463, 1, -470, 2, -470, 0, -476]
[0, -557, 8, -562, 7, -572, 8, -580, 7, -580, 0, -586, 0, -427, 4, -433, 3, -433, 10, -433, 5, -433, 4, -445, 3, -445, 10, -446, 5, -455, 0, -465, 0, -458, 6, -469, 6, -478, 0, -485, 0, -460, 2, -463, 1, -463, 2, -470, 1, -470, 0, -476, 0, -575, 9, -585, 9, -590, 0, -599]
[0, -449, 1, -452, 2, -452, 6, -459, 1, -470, 2, -470, 6, -472, 0, -479, 0, -427, 4, -433, 3, -433, 10, -433, 5, -433, 4, -445, 3, -445, 10, -446, 5, -455, 0, -465, 0, -562, 7, -568, 8, -577, 9, -582, 7, -589, 8, -589, 9, -590, 0, -599]
[0, -427, 3, -433, 4, -433, 10, -433, 5, -433, 3, -445, 4, -445, 10, -446, 5, -455, 0, -465, 0, -458, 6, -469, 6, -478, 0, -485, 0, -562, 7, -568, 8, -577, 9, -582, 7, -589, 8, -589, 9, -590, 0, -599, 0, -460, 2, -463, 1, -463, 2, -470, 1, -470, 0, -476]
[0, -562, 7, -568, 8, -577, 9, -582, 7, -589, 8, -589, 9, -590, 0, -599, 0, -427, 4, -433, 3, -433, 10, -433, 5, -433, 4, -445, 3, -445, 10, -446, 5, -455, 0, -465, 0, -458, 6, -469, 6, -478, 0, -485, 0, -460, 1, -463, 2, -463, 1, -470, 2, -470, 0, -476]
[0, -449, 2, -452, 1, -452, 6, -459, 2, -470, 1, -470, 6, -472, 0, -479, 0, -427, 3, -433, 4, -433, 10, -433, 5, -433, 3, -445, 4, -445, 10, -446, 5, -455, 0, -465, 0, -562, 7, -568, 8, -577, 9, -582, 7, -589, 8, -589, 9, -590, 0, -599]
[0, -449, 1, -452, 2, -452, 6, -459, 1, -470, 2, -470, 6, -472, 0, -479, 0, -427, 3, -433, 4, -433, 10, -433, 5, -433, 3, -445, 4, -445, 10, -446, 5, -455, 0, -465, 0, -562, 7, -568, 8, -577, 9, -582, 7, -589, 8, -589, 9, -590, 0, -599]
[0, -430, 10, -436, 5, -436, 6, -441, 10, -452, 5, -461, 6, -470, 0, -477, 0, -427, 4, -433, 3, -433, 4, -445, 3, -445, 0, -455, 0, -562, 7, -568, 8, -577, 9, -582, 7, -589, 8, -589, 9, -590, 0, -599, 0, -460, 1, -463, 2, -463, 1, -470, 2, -470, 0, -476]
[0, -557, 8, -562, 7, -572, 8, -580, 7, -580, 0, -586, 0, -427, 3, -433, 4, -433, 10, -433, 5, -433, 3, -445, 4, -445, 10, -446, 5, -455, 0, -465, 0, -458, 6, -469, 6, -478, 0, -485, 0, -460, 2, -463, 1, -463, 2, -470, 1, -470, 0, -476, 0, -575, 9, -585, 9, -590, 0, -599]
[0, -430, 10, -436, 5, -436, 6, -441, 10, -452, 5, -461, 6, -470, 0, -477, 0, -427, 3, -433, 4, -433, 3, -445, 4, -445, 0, -455, 0, -562, 7, -568, 8, -577, 9, -582, 7, -589, 8, -589, 9, -590, 0, -599, 0, -460, 2, -463, 1, -463, 2, -470, 1, -470, 0, -476]
[0, -427, 4, -433, 3, -433, 10, -433, 5, -433, 4, -445, 3, -445, 10, -446, 5, -455, 0, -465, 0, -458, 6, -469, 6, -478, 0, -485, 0, -562, 7, -568, 8, -577, 9, -582, 7, -589, 8, -589, 9, -590, 0, -599, 0, -460, 2, -463, 1, -463, 2, -470, 1, -470, 0, -476]
[0, -562, 7, -568, 8, -577, 9, -582, 7, -589, 8, -589, 9, -590, 0, -599, 0, -427, 3, -433, 4, -433, 10, -433, 5, -433, 3, -445, 4, -445, 10, -446, 5, -455, 0, -465, 0, -458, 6, -469, 6, -478, 0, -485, 0, -460, 2, -463, 1, -463, 2, -470, 1, -470, 0, -476]
[0, -562, 7, -568, 8, -577, 9, -582, 7, -589, 8, -589, 9, -590, 0, -599, 0, -427, 4, -433, 3, -433, 10, -433, 5, -433, 4, -445, 3, -445, 10, -446, 5, -455, 0, -465, 0, -458, 6, -469, 6, -478, 0, -485, 0, -460, 2, -463, 1, -463, 2, -470, 1, -470, 0, -476]
[0, -449, 1, -452, 2, -452, 6, -459, 1, -470, 2, -470, 6, -472, 0, -479, 0, -427, 3, -433, 4, -433, 10, -433, 5, -433, 3, -445, 4, -445, 10, -446, 5, -455, 0, -465, 0, -562, 7, -568, 8, -577, 9, -582, 7, -589, 8, -589, 9, -590, 0, -599]
[0, -449, 2, -452, 1, -452, 6, -459, 2, -470, 1, -470, 6, -472, 0, -479, 0, -427, 4, -433, 3, -433, 10, -433, 5, -433, 4, -445, 3, -445, 10, -446, 5, -455, 0, -465, 0, -562, 7, -568, 8, -577, 9, -582, 7, -589, 8, -589, 9, -590, 0, -599]
[0, -458, 6, -469, 6, -478, 0, -485, 0, -427, 3, -433, 4, -433, 10, -433, 5, -433, 3, -445, 4, -445, 10, -446, 5, -455, 0, -465, 0, -562, 7, -568, 8, -577, 9, -582, 7, -589, 8, -589, 9, -590, 0, -599, 0, -460, 1, -463, 2, -463, 1, -470, 2, -470, 0, -476]
[0, -557, 8, -562, 7, -572, 8, -580, 7, -580, 0, -586, 0, -427, 4, -433, 3, -433, 10, -433, 5, -433, 4, -445, 3, -445, 10, -446, 5, -455, 0, -465, 0, -458, 6, -469, 6, -478, 0, -485, 0, -460, 1, -463, 2, -463, 1, -470, 2, -470, 0, -476, 0, -575, 9, -585, 9, -590, 0, -599]
[0, -575, 9, -585, 9, -590, 0, -599, 0, -427, 3, -433, 4, -433, 10, -433, 5, -433, 3, -445, 4, -445, 10, -446, 5, -455, 0, -465, 0, -458, 6, -469, 6, -478, 0, -485, 0, -566, 7, -572, 8, -581, 7, -589, 8, -589, 0, -595, 0, -460, 2, -463, 1, -463, 2, -470, 1, -470, 0, -476]
[0, -449, 2, -452, 1, -452, 6, -459, 2, -470, 1, -470, 6, -472, 0, -479, 0, -427, 4, -433, 3, -433, 10, -433, 5, -433, 4, -445, 3, -445, 10, -446, 5, -455, 0, -465, 0, -562, 7, -568, 8, -577, 9, -582, 7, -589, 8, -589, 9, -590, 0, -599]
[0, -557, 8, -562, 7, -572, 8, -580, 7, -580, 0, -586, 0, -427, 3, -433, 4, -433, 10, -433, 5, -433, 3, -445, 4, -445, 10, -446, 5, -455, 0, -465, 0, -458, 6, -469, 6, -478, 0, -485, 0, -460, 2, -463, 1, -463, 2, -470, 1, -470, 0, -476, 0, -575, 9, -585, 9, -590, 0, -599]
[0, -427, 4, -433, 3, -433, 10, -433, 5, -433, 4, -445, 3, -445, 10, -446, 5, -455, 0, -465, 0, -458, 6, -469, 6, -478, 0, -485, 0, -562, 7, -568, 8, -577, 9, -582, 7, -589, 8, -589, 9, -590, 0, -599, 0, -460, 1, -463, 2, -463, 1, -470, 2, -470, 0, -476]
[0, -458, 6, -469, 6, -478, 0, -485, 0, -427, 4, -433, 3, -433, 10, -433, 5, -433, 4, -445, 3, -445, 10, -446, 5, -455, 0, -465, 0, -562, 7, -568, 8, -577, 9, -582, 7, -589, 8, -589, 9, -590, 0, -599, 0, -460, 1, -463, 2, -463, 1, -470, 2, -470, 0, -476]
[0, -575, 9, -585, 9, -590, 0, -599, 0, -427, 4, -433, 3, -433, 10, -433, 5, -433, 4, -445, 3, -445, 10, -446, 5, -455, 0, -465, 0, -458, 6, -469, 6, -478, 0, -485, 0, -566, 7, -572, 8, -581, 7, -589, 8, -589, 0, -595, 0, -460, 2, -463, 1, -463, 2, -470, 1, -470, 0, -476]
[0, -458, 6, -469, 6, -478, 0, -485, 0, -427, 4, -433, 3, -433, 10, -433, 5, -433, 4, -445, 3, -445, 10, -446, 5, -455, 0, -465, 0, -562, 7, -568, 8, -577, 9, -582, 7, -589, 8, -589, 9, -590, 0, -599, 0, -460, 1, -463, 2, -463, 1, -470, 2, -470, 0, -476]
[0, -562, 7, -568, 8, -577, 9, -582, 7, -589, 8, -589, 9, -590, 0, -599, 0, -427, 3, -433, 4, -433, 10, -433, 5, -433, 3, -445, 4, -445, 10, -446, 5, -455, 0, -465, 0, -458, 6, -469, 6, -478, 0, -485, 0, -460, 2, -463, 1, -463, 2, -470, 1, -470, 0, -476]
