[0, -456, 5, -462, 6, -467, 5, -467, 6, -476, 0, -483, 0, -427, 3, -433, 4, -433, 4, -445, 3, -445, 10, -453, 10, -462, 0, -470, 0, -562, 7, -568, 8, -577, 9, -582, 7, -589, 8, -589, 9, -590, 0, -599, 0, -460, 2, -463, 1, -463, 2, -470, 1, -470, 0, -476]
[0, -439, 5, -445, 10, -445, 10, -454, 6, -463, 5, -468, 6, -477, 0, -484, 0, -427, 3, -433, 4, -433, 3, -445, 4, -445, 0, -455, 0, -562, 7, -568, 8, -577, 9, -582, 7, -589, 8, -589, 9, -590, 0, -599, 0, -460, 1, -463, 2, -463, 1, -470, 2, -470, 0, -476]
[0, -439, 5, -445, 10, -445, 10, -454, 6, -463, 5, -468, 6, -477, 0, -484, 0, -427, 3, -433, 4, -433, 3, -445, 4, -445, 0, -455, 0, -562, 7, -568, 8, -577, 9, -582, 7, -589, 8, -589, 9, -590, 0, -599, 0, -460, 1, -463, 2, -463, 1, -470, 2, -470, 0, -476]
[0, -439, 5, -445, 10, -445, 10, -454, 6, -463, 5, -468, 6, -477, 0, -484, 0, -427, 3, -433, 4, -433, 3, -445, 4, -445, 0, -455, 0, -562, 7, -568, 8, -577, 9, -582, 7, -589, 8, -589, 9, -590, 0, -599, 0, -460, 1, -463, 2, -463, 1, -470, 2, -470, 0, -476]
[0, -439, 5, -445, 10, -445, 10, -454, 6, -463, 5, -468, 6, -477, 0, -484, 0, -427, 3, -433, 4, -433, 3, -445, 4, -445, 0, -455, 0, -562, 7, -568, 8, -577, 9, -582, 7, -589, 8, -589, 9, -590, 0, -599, 0, -460, 1, -463, 2, -463, 1, -470, 2, -470, 0, -476]
[0, -439, 5, -445, 10, -445, 10, -454, 6, -463, 5, -468, 6, -477, 0, -484, 0, -427, 3, -433, 4, -433, 3, -445, 4, -445, 0, -455, 0, -562, 7, -568, 8, -577, 9, -582, 7, -589, 8, -589, 9, -590, 0, -599, 0, -460, 1, -463, 2, -463, 1, -470, 2, -470, 0, -476]
[0, -439, 5, -445, 10, -445, 10, -454, 6, -463, 5, -468, 6, -477, 0, -484, 0, -427, 3, -433, 4, -433, 3, -445, 4, -445, 0, -455, 0, -562, 7, -568, 8, -577, 9, -582, 7, -589, 8, -589, 9, -590, 0, -599, 0, -460, 1, -463, 2, -463, 1, -470, 2, -470, 0, -476]
[0, -439, 5, -445, 10, -445, 10, -454, 6, -463, 5, -468, 6, -477, 0, -484, 0, -427, 3, -433, 4, -433, 3, -445, 4, -445, 0, -455, 0, -562, 7, -568, 8, -577, 9, -582, 7, -589, 8, -589, 9, -590, 0, -599, 0, -460, 1, -463, 2, -463, 1, -470, 2, -470, 0, -476]
[0, -439, 5, -445, 10, -445, 10, -454, 6, -463, 5, -468, 6, -477, 0, -484, 0, -427, 3, -433, 4, -433, 3, -445, 4, -445, 0, -455, 0, -562, 7, -568, 8, -577, 9, -582, 7, -589, 8, -589, 9, -590, 0, -599, 0, -460, 1, -463, 2, -463, 1, -470, 2, -470, 0, -476]
[0, -439, 5, -445, 10, -445, 10, -454, 6, -463, 5, -468, 6, -477, 0, -484, 0, -427, 3, -433, 4, -433, 3, -445, 4, -445, 0, -455, 0, -562, 7, -568, 8, -577, 9, -582, 7, -589, 8, -589, 9, -590, 0, -599, 0, -460, 1, -463, 2, -463, 1, -470, 2, -470, 0, -476]
[0, -439, 5, -445, 10, -445, 10, -454, 6, -463, 5, -468, 6, -477, 0, -484, 0, -427, 3, -433, 4, -433, 3, -445, 4, -445, 0, -455, 0, -562, 7, -568, 8, -577, 9, -582, 7, -589, 8, -589, 9, -590, 0, -599, 0, -460, 1, -463, 2, -463, 1, -470, 2, -470, 0, -476]
[0, -439, 5, -445, 10, -445, 10, -454, 6, -463, 5, -468, 6, -477, 0, -484, 0, -427, 3, -433, 4, -433, 3, -445, 4, -445, 0, -455, 0, -562, 7, -568, 8, -577, 9, -582, 7, -589, 8, -589, 9, -590, 0, -599, 0, -460, 1, -463, 2, -463, 1, -470, 2, -470, 0, -476]
[0, -439, 5, -445, 10, -445, 10, -454, 6, -463, 5, -468, 6, -477, 0, -484, 0, -427, 3, -433, 4, -433, 3, -445, 4, -445, 0, -455, 0, -562, 7, -568, 8, -577, 9, -582, 7, -589, 8, -589, 9, -590, 0, -599, 0, -460, 1, -463, 2, -463, 1, -470, 2, -470, 0, -476]
[0, -439, 5, -445, 10, -445, 10, -454, 6, -463, 5, -468, 6, -477, 0, -484, 0, -427, 3, -433, 4, -433, 3, -445, 4, -445, 0, -455, 0, -562, 7, -568, 8, -577, 9, -582, 7, -589, 8, -589, 9, -590, 0, -599, 0, -460, 1, -463, 2, -463, 1, -470, 2, -470, 0, -476]
[0, -439, 5, -445, 10, -445, 10, -454, 6, -463, 5, -468, 6, -477, 0, -484, 0, -427, 3, -433, 4, -433, 3, -445, 4, -445, 0, -455, 0, -562, 7, -568, 8, -577, 9, -582, 7, -589, 8, -589, 9, -590, 0, -599, 0, -460, 1, -463, 2, -463, 1, -470, 2, -470, 0, -476]
[0, -439, 5, -445, 10, -445, 10, -454, 6, -463, 5, -468, 6, -477, 0, -484, 0, -427, 3, -433, 4, -433, 3, -445, 4, -445, 0, -455, 0, -562, 7, -568, 8, -577, 9, -582, 7, -589, 8, -589, 9, -590, 0, -599, 0, -460, 1, -463, 2, -463, 1, -470, 2, -470, 0, -476]
[0, -439, 5, -445, 10, -445, 10, -454, 6, -463, 5, -468, 6, -477, 0, -484, 0, -427, 3, -433, 4, -433, 3, -445, 4, -445, 0, -455, 0, -562, 7, -568, 8, -577, 9, -582, 7, -589, 8, -589, 9, -590, 0, -599, 0, -460, 1, -463, 2, -463, 1, -470, 2, -470, 0, -476]
[0, -439, 5, -445, 10, -445, 10, -454, 6, -463, 5, -468, 6, -477, 0, -484, 0, -427, 3, -433, 4, -433, 3, -445, 4, -445, 0, -455, 0, -562, 7, -568, 8, -577, 9, -582, 7, -589, 8, -589, 9, -590, 0, -599, 0, -460, 1, -463, 2, -463, 1, -470, 2, -470, 0, -476]
[0, -439, 5, -445, 10, -445, 10, -454, 6, -463, 5, -468, 6, -477, 0, -484, 0, -427, 3, -433, 4, -433, 3, -445, 4, -445, 0, -455, 0, -562, 7, -568, 8, -577, 9, -582, 7, -589, 8, -589, 9, -590, 0, -599, 0, -460, 1, -463, 2, -463, 1, -470, 2, -470, 0, -476]
[0, -439, 5, -445, 10, -445, 10, -454, 6, -463, 5, -468, 6, -477, 0, -484, 0, -427, 3, -433, 4, -433, 3, -445, 4, -445, 0, -455, 0, -562, 7, -568, 8, -577, 9, -582, 7, -589, 8, -589, 9, -590, 0, -599, 0, -460, 1, -463, 2, -463, 1, -470, 2, -470, 0, -476]
[0, -439, 5, -445, 10, -445, 10, -454, 6, -463, 5, -468, 6, -477, 0, -484, 0, -427, 3, -433, 4, -433, 3, -445, 4, -445, 0, -455, 0, -562, 7, -568, 8, -577, 9, -582, 7, -589, 8, -589, 9, -590, 0, -599, 0, -460, 1, -463, 2, -463, 1, -470, 2, -470, 0, -476]
[0, -439, 5, -445, 10, -445, 10, -454, 6, -463, 5, -468, 6, -477, 0, -484, 0, -427, 3, -433, 4, -433, 3, -445, 4, -445, 0, -455, 0, -562, 7, -568, 8, -577, 9, -582, 7, -589, 8, -589, 9, -590, 0, -599, 0, -460, 1, -463, 2, -463, 1, -470, 2, -470, 0, -476]
[0, -439, 5, -445, 10, -445, 10, -454, 6, -463, 5, -468, 6, -477, 0, -484, 0, -427, 3, -433, 4, -433, 3, -445, 4, -445, 0, -455, 0, -562, 7, -568, 8, -577, 9, -582, 7, -589, 8, -589, 9, -590, 0, -599, 0, -460, 1, -463, 2, -463, 1, -470, 2, -470, 0, -476]
[0, -439, 5, -445, 10, -445, 10, -454, 6, -463, 5, -468, 6, -477, 0, -484, 0, -427, 3, -433, 4, -433, 3, -445, 4, -445, 0, -455, 0, -562, 7, -568, 8, -577, 9, -582, 7, -589, 8, -589, 9, -590, 0, -599, 0, -460, 1, -463, 2, -463, 1, -470, 2, -470, 0, -476]
[0, -439, 5, -445, 10, -445, 10, -454, 6, -463, 5, -468, 6, -477, 0, -484, 0, -427, 3, -433, 4, -433, 3, -445, 4, -445, 0, -455, 0, -562, 7, -568, 8, -577, 9, -582, 7, -589, 8, -589, 9, -590, 0, -599, 0, -460, 1, -463, 2, -463, 1, -470, 2, -470, 0, -476]
[0, -439, 5, -445, 10, -445, 10, -454, 6, -463, 5, -468, 6, -477, 0, -484, 0, -427, 3, -433, 4, -433, 3, -445, 4, -445, 0, -455, 0, -562, 7, -568, 8, -577, 9, -582, 7, -589, 8, -589, 9, -590, 0, -599, 0, -460, 1, -463, 2, -463, 1, -470, 2, -470, 0, -476]
[0, -439, 5, -445, 10, -445, 10, -454, 6, -463, 5, -468, 6, -477, 0, -484, 0, -427, 3, -433, 4, -433, 3, -445, 4, -445, 0, -455, 0, -562, 7, -568, 8, -577, 9, -582, 7, -589, 8, -589, 9, -590, 0, -599, 0, -460, 1, -463, 2, -463, 1, -470, 2, -470, 0, -476]
[0, -439, 5, -445, 10, -445, 10, -454, 6, -463, 5, -468, 6, -477, 0, -484, 0, -427, 3, -433, 4, -433, 3, -445, 4, -445, 0, -455, 0, -562, 7, -568, 8, -577, 9, -582, 7, -589, 8, -589, 9, -590, 0, -599, 0, -460, 1, -463, 2, -463, 1, -470, 2, -470, 0, -476]
[0, -439, 5, -445, 10, -445, 10, -454, 6, -463, 5, -468, 6, -477, 0, -484, 0, -427, 3, -433, 4, -433, 3, -445, 4, -445, 0, -455, 0, -562, 7, -568, 8, -577, 9, -582, 7, -589, 8, -589, 9, -590, 0, -599, 0, -460, 1, -463, 2, -463, 1, -470, 2, -470, 0, -476]
[0, -439, 5, -445, 10, -445, 10, -454, 6, -463, 5, -468, 6, -477, 0, -484, 0, -427, 3, -433, 4, -433, 3, -445, 4, -445, 0, -455, 0, -562, 7, -568, 8, -577, 9, -582, 7, -589, 8, -589, 9, -590, 0, -599, 0, -460, 1, -463, 2, -463, 1, -470, 2, -470, 0, -476]
[0, -439, 5, -445, 10, -445, 10, -454, 6, -463, 5, -468, 6, -477, 0, -484, 0, -427, 3, -433, 4, -433, 3, -445, 4, -445, 0, -455, 0, -562, 7, -568, 8, -577, 9, -582, 7, -589, 8, -589, 9, -590, 0, -599, 0, -460, 1, -463, 2, -463, 1, -470, 2, -470, 0, -476]
[0, -439, 5, -445, 10, -445, 10, -454, 6, -463, 5, -468, 6, -477, 0, -484, 0, -427, 3, -433, 4, -433, 3, -445, 4, -445, 0, -455, 0, -562, 7, -568, 8, -577, 9, -582, 7, -589, 8, -589, 9, -590, 0, -599, 0, -460, 1, -463, 2, -463, 1, -470, 2, -470, 0, -476]
[0, -439, 5, -445, 10, -445, 10, -454, 6, -463, 5, -468, 6, -477, 0, -484, 0, -427, 3, -433, 4, -433, 3, -445, 4, -445, 0, -455, 0, -562, 7, -568, 8, -577, 9, -582, 7, -589, 8, -589, 9, -590, 0, -599, 0, -460, 1, -463, 2, -463, 1, -470, 2, -470, 0, -476]
[0, -439, 5, -445, 10, -445, 10, -454, 6, -463, 5, -468, 6, -477, 0, -484, 0, -427, 3, -433, 4, -433, 3, -445, 4, -445, 0, -455, 0, -562, 7, -568, 8, -577, 9, -582, 7, -589, 8, -589, 9, -590, 0, -599, 0, -460, 1, -463, 2, -463, 1, -470, 2, -470, 0, -476]
[0, -439, 5, -445, 10, -445, 10, -454, 6, -463, 5, -468, 6, -477, 0, -484, 0, -427, 3, -433, 4, -433, 3, -445, 4, -445, 0, -455, 0, -562, 7, -568, 8, -577, 9, -582, 7, -589, 8, -589, 9, -590, 0, -599, 0, -460, 1, -463, 2, -463, 1, -470, 2, -470, 0, -476]
[0, -439, 5, -445, 10, -445, 10, -454, 6, -463, 5, -468, 6, -477, 0, -484, 0, -427, 3, -433, 4, -433, 3, -445, 4, -445, 0, -455, 0, -562, 7, -568, 8, -577, 9, -582, 7, -589, 8, -589, 9, -590, 0, -599, 0, -460, 1, -463, 2, -463, 1, -470, 2, -470, 0, -476]
[0, -439, 5, -445, 10, -445, 10, -454, 6, -463, 5, -468, 6, -477, 0, -484, 0, -427, 3, -433, 4, -433, 3, -445, 4, -445, 0, -455, 0, -562, 7, -568, 8, -577, 9, -582, 7, -589, 8, -589, 9, -590, 0, -599, 0, -460, 1, -463, 2, -463, 1, -470, 2, -470, 0, -476]
[0, -439, 5, -445, 10, -445, 10, -454, 6, -463, 5, -468, 6, -477, 0, -484, 0, -427, 3, -433, 4, -433, 3, -445, 4, -445, 0, -455, 0, -562, 7, -568, 8, -577, 9, -582, 7, -589, 8, -589, 9, -590, 0, -599, 0, -460, 1, -463, 2, -463, 1, -470, 2, -470, 0, -476]
[0, -439, 5, -445, 10, -445, 10, -454, 6, -463, 5, -468, 6, -477, 0, -484, 0, -427, 3, -433, 4, -433, 3, -445, 4, -445, 0, -455, 0, -562, 7, -568, 8, -577, 9, -582, 7, -589, 8, -589, 9, -590, 0, -599, 0, -460, 1, -463, 2, -463, 1, -470, 2, -470, 0, -476]
[0, -439, 5, -445, 10, -445, 10, -454, 6, -463, 5, -468, 6, -477, 0, -484, 0, -427, 3, -433, 4, -433, 3, -445, 4, -445, 0, -455, 0, -562, 7, -568, 8, -577, 9, -582, 7, -589, 8, -589, 9, -590, 0, -599, 0, -460, 1, -463, 2, -463, 1, -470, 2, -470, 0, -476]
[0, -439, 5, -445, 10, -445, 10, -454, 6, -463, 5, -468, 6, -477, 0, -484, 0, -427, 3, -433, 4, -433, 3, -445, 4, -445, 0, -455, 0, -562, 7, -568, 8, -577, 9, -582, 7, -589, 8, -589, 9, -590, 0, -599, 0, -460, 1, -463, 2, -463, 1, -470, 2, -470, 0, -476]
[0, -439, 5, -445, 10, -445, 10, -454, 6, -463, 5, -468, 6, -477, 0, -484, 0, -427, 3, -433, 4, -433, 3, -445, 4, -445, 0, -455, 0, -562, 7, -568, 8, -577, 9, -582, 7, -589, 8, -589, 9, -590, 0, -599, 0, -460, 1, -463, 2, -463, 1, -470, 2, -470, 0, -476]
[0, -439, 5, -445, 10, -445, 10, -454, 6, -463, 5, -468, 6, -477, 0, -484, 0, -427, 3, -433, 4, -433, 3, -445, 4, -445, 0, -455, 0, -562, 7, -568, 8, -577, 9, -582, 7, -589, 8, -589, 9, -590, 0, -599, 0, -460, 1, -463, 2, -463, 1, -470, 2, -470, 0, -476]
[0, -439, 5, -445, 10, -445, 10, -454, 6, -463, 5, -468, 6, -477, 0, -484, 0, -427, 3, -433, 4, -433, 3, -445, 4, -445, 0, -455, 0, -562, 7, -568, 8, -577, 9, -582, 7, -589, 8, -589, 9, -590, 0, -599, 0, -460, 1, -463, 2, -463, 1, -470, 2, -470, 0, -476]
[0, -439, 5, -445, 10, -445, 10, -454, 6, -463, 5, -468, 6, -477, 0, -484, 0, -427, 3, -433, 4, -433, 3, -445, 4, -445, 0, -455, 0, -562, 7, -568, 8, -577, 9, -582, 7, -589, 8, -589, 9, -590, 0, -599, 0, -460, 1, -463, 2, -463, 1, -470, 2, -470, 0, -476]
[0, -439, 5, -445, 10, -445, 10, -454, 6, -463, 5, -468, 6, -477, 0, -484, 0, -427, 3, -433, 4, -433, 3, -445, 4, -445, 0, -455, 0, -562, 7, -568, 8, -577, 9, -582, 7, -589, 8, -589, 9, -590, 0, -599, 0, -460, 1, -463, 2, -463, 1, -470, 2, -470, 0, -476]
[0, -439, 5, -445, 10, -445, 10, -454, 6, -463, 5, -468, 6, -477, 0, -484, 0, -427, 3, -433, 4, -433, 3, -445, 4, -445, 0, -455, 0, -562, 7, -568, 8, -577, 9, -582, 7, -589, 8, -589, 9, -590, 0, -599, 0, -460, 1, -463, 2, -463, 1, -470, 2, -470, 0, -476]
[0, -439, 5, -445, 10, -445, 10, -454, 6, -463, 5, -468, 6, -477, 0, -484, 0, -427, 3, -433, 4, -433, 3, -445, 4, -445, 0, -455, 0, -562, 7, -568, 8, -577, 9, -582, 7, -589, 8, -589, 9, -590, 0, -599, 0, -460, 1, -463, 2, -463, 1, -470, 2, -470, 0, -476]
[0, -439, 5, -445, 10, -445, 10, -454, 6, -463, 5, -468, 6, -477, 0, -484, 0, -427, 3, -433, 4, -433, 3, -445, 4, -445, 0, -455, 0, -562, 7, -568, 8, -577, 9, -582, 7, -589, 8, -589, 9, -590, 0, -599, 0, -460, 1, -463, 2, -463, 1, -470, 2, -470, 0, -476]
[0, -439, 5, -445, 10, -445, 10, -454, 6, -463, 5, -468, 6, -477, 0, -484, 0, -427, 3, -433, 4, -433, 3, -445, 4, -445, 0, -455, 0, -562, 7, -568, 8, -577, 9, -582, 7, -589, 8, -589, 9, -590, 0, -599, 0, -460, 1, -463, 2, -463, 1, -470, 2, -470, 0, -476]
[0, -439, 5, -445, 10, -445, 10, -454, 6, -463, 5, -468, 6, -477, 0, -484, 0, -427, 3, -433, 4, -433, 3, -445, 4, -445, 0, -455, 0, -562, 7, -568, 8, -577, 9, -582, 7, -589, 8, -589, 9, -590, 0, -599, 0, -460, 1, -463, 2, -463, 1, -470, 2, -470, 0, -476]
[0, -439, 5, -445, 10, -445, 10, -454, 6, -463, 5, -468, 6, -477, 0, -484, 0, -427, 3, -433, 4, -433, 3, -445, 4, -445, 0, -455, 0, -562, 7, -568, 8, -577, 9, -582, 7, -589, 8, -589, 9, -590, 0, -599, 0, -460, 1, -463, 2, -463, 1, -470, 2, -470, 0, -476]
[0, -439, 5, -445, 10, -445, 10, -454, 6, -463, 5, -468, 6, -477, 0, -484, 0, -427, 3, -433, 4, -433, 3, -445, 4, -445, 0, -455, 0, -562, 7, -568, 8, -577, 9, -582, 7, -589, 8, -589, 9, -590, 0, -599, 0, -460, 1, -463, 2, -463, 1, -470, 2, -470, 0, -476]
[0, -439, 5, -445, 10, -445, 10, -454, 6, -463, 5, -468, 6, -477, 0, -484, 0, -427, 3, -433, 4, -433, 3, -445, 4, -445, 0, -455, 0, -562, 7, -568, 8, -577, 9, -582, 7, -589, 8, -589, 9, -590, 0, -599, 0, -460, 1, -463, 2, -463, 1, -470, 2, -470, 0, -476]
[0, -439, 5, -445, 10, -445, 10, -454, 6, -463, 5, -468, 6, -477, 0, -484, 0, -427, 3, -433, 4, -433, 3, -445, 4, -445, 0, -455, 0, -562, 7, -568, 8, -577, 9, -582, 7, -589, 8, -589, 9, -590, 0, -599, 0, -460, 1, -463, 2, -463, 1, -470, 2, -470, 0, -476]
[0, -439, 5, -445, 10, -445, 10, -454, 6, -463, 5, -468, 6, -477, 0, -484, 0, -427, 3, -433, 4, -433, 3, -445, 4, -445, 0, -455, 0, -562, 7, -568, 8, -577, 9, -582, 7, -589, 8, -589, 9, -590, 0, -599, 0, -460, 1, -463, 2, -463, 1, -470, 2, -470, 0, -476]
[0, -439, 5, -445, 10, -445, 10, -454, 6, -463, 5, -468, 6, -477, 0, -484, 0, -427, 3, -433, 4, -433, 3, -445, 4, -445, 0, -455, 0, -562, 7, -568, 8, -577, 9, -582, 7, -589, 8, -589, 9, -590, 0, -599, 0, -460, 1, -463, 2, -463, 1, -470, 2, -470, 0, -476]
[0, -439, 5, -445, 10, -445, 10, -454, 6, -463, 5, -468, 6, -477, 0, -484, 0, -427, 3, -433, 4, -433, 3, -445, 4, -445, 0, -455, 0, -562, 7, -568, 8, -577, 9, -582, 7, -589, 8, -589, 9, -590, 0, -599, 0, -460, 1, -463, 2, -463, 1, -470, 2, -470, 0, -476]
[0, -439, 5, -445, 10, -445, 10, -454, 6, -463, 5, -468, 6, -477, 0, -484, 0, -427, 3, -433, 4, -433, 3, -445, 4, -445, 0, -455, 0, -562, 7, -568, 8, -577, 9, -582, 7, -589, 8, -589, 9, -590, 0, -599, 0, -460, 1, -463, 2, -463, 1, -470, 2, -470, 0, -476]
[0, -439, 5, -445, 10, -445, 10, -454, 6, -463, 5, -468, 6, -477, 0, -484, 0, -427, 3, -433, 4, -433, 3, -445, 4, -445, 0, -455, 0, -562, 7, -568, 8, -577, 9, -582, 7, -589, 8, -589, 9, -590, 0, -599, 0, -460, 1, -463, 2, -463, 1, -470, 2, -470, 0, -476]
[0, -439, 5, -445, 10, -445, 10, -454, 6, -463, 5, -468, 6, -477, 0, -484, 0, -427, 3, -433, 4, -433, 3, -445, 4, -445, 0, -455, 0, -562, 7, -568, 8, -577, 9, -582, 7, -589, 8, -589, 9, -590, 0, -599, 0, -460, 1, -463, 2, -463, 1, -470, 2, -470, 0, -476]
[0, -439, 5, -445, 10, -445, 10, -454, 6, -463, 5, -468, 6, -477, 0, -484, 0, -427, 3, -433, 4, -433, 3, -445, 4, -445, 0, -455, 0, -562, 7, -568, 8, -577, 9, -582, 7, -589, 8, -589, 9, -590, 0, -599, 0, -460, 1, -463, 2, -463, 1, -470, 2, -470, 0, -476]
[0, -439, 5, -445, 10, -445, 10, -454, 6, -463, 5, -468, 6, -477, 0, -484, 0, -427, 3, -433, 4, -433, 3, -445, 4, -445, 0, -455, 0, -562, 7, -568, 8, -577, 9, -582, 7, -589, 8, -589, 9, -590, 0, -599, 0, -460, 1, -463, 2, -463, 1, -470, 2, -470, 0, -476]
[0, -439, 5, -445, 10, -445, 10, -454, 6, -463, 5, -468, 6, -477, 0, -484, 0, -427, 3, -433, 4, -433, 3, -445, 4, -445, 0, -455, 0, -562, 7, -568, 8, -577, 9, -582, 7, -589, 8, -589, 9, -590, 0, -599, 0, -460, 1, -463, 2, -463, 1, -470, 2, -470, 0, -476]
[0, -439, 5, -445, 10, -445, 10, -454, 6, -463, 5, -468, 6, -477, 0, -484, 0, -427, 3, -433, 4, -433, 3, -445, 4, -445, 0, -455, 0, -562, 7, -568, 8, -577, 9, -582, 7, -589, 8, -589, 9, -590, 0, -599, 0, -460, 1, -463, 2, -463, 1, -470, 2, -470, 0, -476]
[0, -439, 5, -445, 10, -445, 10, -454, 6, -463, 5, -468, 6, -477, 0, -484, 0, -427, 3, -433, 4, -433, 3, -445, 4, -445, 0, -455, 0, -562, 7, -568, 8, -577, 9, -582, 7, -589, 8, -589, 9, -590, 0, -599, 0, -460, 1, -463, 2, -463, 1, -470, 2, -470, 0, -476]
[0, -439, 5, -445, 10, -445, 10, -454, 6, -463, 5, -468, 6, -477, 0, -484, 0, -427, 3, -433, 4, -433, 3, -445, 4, -445, 0, -455, 0, -562, 7, -568, 8, -577, 9, -582, 7, -589, 8, -589, 9, -590, 0, -599, 0, -460, 1, -463, 2, -463, 1, -470, 2, -470, 0, -476]
[0, -439, 5, -445, 10, -445, 10, -454, 6, -463, 5, -468, 6, -477, 0, -484, 0, -427, 3, -433, 4, -433, 3, -445, 4, -445, 0, -455, 0, -562, 7, -568, 8, -577, 9, -582, 7, -589, 8, -589, 9, -590, 0, -599, 0, -460, 1, -463, 2, -463, 1, -470, 2, -470, 0, -476]
[0, -439, 5, -445, 10, -445, 10, -454, 6, -463, 5, -468, 6, -477, 0, -484, 0, -427, 3, -433, 4, -433, 3, -445, 4, -445, 0, -455, 0, -562, 7, -568, 8, -577, 9, -582, 7, -589, 8, -589, 9, -590, 0, -599, 0, -460, 1, -463, 2, -463, 1, -470, 2, -470, 0, -476]
[0, -439, 5, -445, 10, -445, 10, -454, 6, -463, 5, -468, 6, -477, 0, -484, 0, -427, 3, -433, 4, -433, 3, -445, 4, -445, 0, -455, 0, -562, 7, -568, 8, -577, 9, -582, 7, -589, 8, -589, 9, -590, 0, -599, 0, -460, 1, -463, 2, -463, 1, -470, 2, -470, 0, -476]
[0, -439, 5, -445, 10, -445, 10, -454, 6, -463, 5, -468, 6, -477, 0, -484, 0, -427, 3, -433, 4, -433, 3, -445, 4, -445, 0, -455, 0, -562, 7, -568, 8, -577, 9, -582, 7, -589, 8, -589, 9, -590, 0, -599, 0, -460, 1, -463, 2, -463, 1, -470, 2, -470, 0, -476]
[0, -439, 5, -445, 10, -445, 10, -454, 6, -463, 5, -468, 6, -477, 0, -484, 0, -427, 3, -433, 4, -433, 3, -445, 4, -445, 0, -455, 0, -562, 7, -568, 8, -577, 9, -582, 7, -589, 8, -589, 9, -590, 0, -599, 0, -460, 1, -463, 2, -463, 1, -470, 2, -470, 0, -476]
[0, -439, 5, -445, 10, -445, 10, -454, 6, -463, 5, -468, 6, -477, 0, -484, 0, -427, 3, -433, 4, -433, 3, -445, 4, -445, 0, -455, 0, -562, 7, -568, 8, -577, 9, -582, 7, -589, 8, -589, 9, -590, 0, -599, 0, -460, 1, -463, 2, -463, 1, -470, 2, -470, 0, -476]
[0, -439, 5, -445, 10, -445, 10, -454, 6, -463, 5, -468, 6, -477, 0, -484, 0, -427, 3, -433, 4, -433, 3, -445, 4, -445, 0, -455, 0, -562, 7, -568, 8, -577, 9, -582, 7, -589, 8, -589, 9, -590, 0, -599, 0, -460, 1, -463, 2, -463, 1, -470, 2, -470, 0, -476]
[0, -439, 5, -445, 10, -445, 10, -454, 6, -463, 5, -468, 6, -477, 0, -484, 0, -427, 3, -433, 4, -433, 3, -445, 4, -445, 0, -455, 0, -562, 7, -568, 8, -577, 9, -582, 7, -589, 8, -589, 9, -590, 0, -599, 0, -460, 1, -463, 2, -463, 1, -470, 2, -470, 0, -476]
[0, -439, 5, -445, 10, -445, 10, -454, 6, -463, 5, -468, 6, -477, 0, -484, 0, -427, 3, -433, 4, -433, 3, -445, 4, -445, 0, -455, 0, -562, 7, -568, 8, -577, 9, -582, 7, -589, 8, -589, 9, -590, 0, -599, 0, -460, 1, -463, 2, -463, 1, -470, 2, -470, 0, -476]
[0, -439, 5, -445, 10, -445, 10, -454, 6, -463, 5, -468, 6, -477, 0, -484, 0, -427, 3, -433, 4, -433, 3, -445, 4, -445, 0, -455, 0, -562, 7, -568, 8, -577, 9, -582, 7, -589, 8, -589, 9, -590, 0, -599, 0, -460, 1, -463, 2, -463, 1, -470, 2, -470, 0, -476]
[0, -439, 5, -445, 10, -445, 10, -454, 6, -463, 5, -468, 6, -477, 0, -484, 0, -427, 3, -433, 4, -433, 3, -445, 4, -445, 0, -455, 0, -562, 7, -568, 8, -577, 9, -582, 7, -589, 8, -589, 9, -590, 0, -599, 0, -460, 1, -463, 2, -463, 1, -470, 2, -470, 0, -476]
[0, -439, 5, -445, 10, -445, 10, -454, 6, -463, 5, -468, 6, -477, 0, -484, 0, -427, 3, -433, 4, -433, 3, -445, 4, -445, 0, -455, 0, -562, 7, -568, 8, -577, 9, -582, 7, -589, 8, -589, 9, -590, 0, -599, 0, -460, 1, -463, 2, -463, 1, -470, 2, -470, 0, -476]
[0, -439, 5, -445, 10, -445, 10, -454, 6, -463, 5, -468, 6, -477, 0, -484, 0, -427, 3, -433, 4, -433, 3, -445, 4, -445, 0, -455, 0, -562, 7, -568, 8, -577, 9, -582, 7, -589, 8, -589, 9, -590, 0, -599, 0, -460, 1, -463, 2, -463, 1, -470, 2, -470, 0, -476]
[0, -439, 5, -445, 10, -445, 10, -454, 6, -463, 5, -468, 6, -477, 0, -484, 0, -427, 3, -433, 4, -433, 3, -445, 4, -445, 0, -455, 0, -562, 7, -568, 8, -577, 9, -582, 7, -589, 8, -589, 9, -590, 0, -599, 0, -460, 1, -463, 2, -463, 1, -470, 2, -470, 0, -476]
[0, -439, 5, -445, 10, -445, 10, -454, 6, -463, 5, -468, 6, -477, 0, -484, 0, -427, 3, -433, 4, -433, 3, -445, 4, -445, 0, -455, 0, -562, 7, -568, 8, -577, 9, -582, 7, -589, 8, -589, 9, -590, 0, -599, 0, -460, 1, -463, 2, -463, 1, -470, 2, -470, 0, -476]
[0, -439, 5, -445, 10, -445, 10, -454, 6, -463, 5, -468, 6, -477, 0, -484, 0, -427, 3, -433, 4, -433, 3, -445, 4, -445, 0, -455, 0, -562, 7, -568, 8, -577, 9, -582, 7, -589, 8, -589, 9, -590, 0, -599, 0, -460, 1, -463, 2, -463, 1, -470, 2, -470, 0, -476]
[0, -439, 5, -445, 10, -445, 10, -454, 6, -463, 5, -468, 6, -477, 0, -484, 0, -427, 3, -433, 4, -433, 3, -445, 4, -445, 0, -455, 0, -562, 7, -568, 8, -577, 9, -582, 7, -589, 8, -589, 9, -590, 0, -599, 0, -460, 1, -463, 2, -463, 1, -470, 2, -470, 0, -476]
[0, -439, 5, -445, 10, -445, 10, -454, 6, -463, 5, -468, 6, -477, 0, -484, 0, -427, 3, -433, 4, -433, 3, -445, 4, -445, 0, -455, 0, -562, 7, -568, 8, -577, 9, -582, 7, -589, 8, -589, 9, -590, 0, -599, 0, -460, 1, -463, 2, -463, 1, -470, 2, -470, 0, -476]
[0, -439, 5, -445, 10, -445, 10, -454, 6, -463, 5, -468, 6, -477, 0, -484, 0, -427, 3, -433, 4, -433, 3, -445, 4, -445, 0, -455, 0, -562, 7, -568, 8, -577, 9, -582, 7, -589, 8, -589, 9, -590, 0, -599, 0, -460, 1, -463, 2, -463, 1, -470, 2, -470, 0, -476]
[0, -439, 5, -445, 10, -445, 10, -454, 6, -463, 5, -468, 6, -477, 0, -484, 0, -427, 3, -433, 4, -433, 3, -445, 4, -445, 0, -455, 0, -562, 7, -568, 8, -577, 9, -582, 7, -589, 8, -589, 9, -590, 0, -599, 0, -460, 1, -463, 2, -463, 1, -470, 2, -470, 0, -476]
[0, -439, 5, -445, 10, -445, 10, -454, 6, -463, 5, -468, 6, -477, 0, -484, 0, -427, 3, -433, 4, -433, 3, -445, 4, -445, 0, -455, 0, -562, 7, -568, 8, -577, 9, -582, 7, -589, 8, -589, 9, -590, 0, -599, 0, -460, 1, -463, 2, -463, 1, -470, 2, -470, 0, -476]
[0, -439, 5, -445, 10, -445, 10, -454, 6, -463, 5, -468, 6, -477, 0, -484, 0, -427, 3, -433, 4, -433, 3, -445, 4, -445, 0, -455, 0, -562, 7, -568, 8, -577, 9, -582, 7, -589, 8, -589, 9, -590, 0, -599, 0, -460, 1, -463, 2, -463, 1, -470, 2, -470, 0, -476]
[0, -439, 5, -445, 10, -445, 10, -454, 6, -463, 5, -468, 6, -477, 0, -484, 0, -427, 3, -433, 4, -433, 3, -445, 4, -445, 0, -455, 0, -562, 7, -568, 8, -577, 9, -582, 7, -589, 8, -589, 9, -590, 0, -599, 0, -460, 1, -463, 2, -463, 1, -470, 2, -470, 0, -476]
[0, -439, 5, -445, 10, -445, 10, -454, 6, -463, 5, -468, 6, -477, 0, -484, 0, -427, 3, -433, 4, -433, 3, -445, 4, -445, 0, -455, 0, -562, 7, -568, 8, -577, 9, -582, 7, -589, 8, -589, 9, -590, 0, -599, 0, -460, 1, -463, 2, -463, 1, -470, 2, -470, 0, -476]
[0, -439, 5, -445, 10, -445, 10, -454, 6, -463, 5, -468, 6, -477, 0, -484, 0, -427, 3, -433, 4, -433, 3, -445, 4, -445, 0, -455, 0, -562, 7, -568, 8, -577, 9, -582, 7, -589, 8, -589, 9, -590, 0, -599, 0, -460, 1, -463, 2, -463, 1, -470, 2, -470, 0, -476]
[0, -439, 5, -445, 10, -445, 10, -454, 6, -463, 5, -468, 6, -477, 0, -484, 0, -427, 3, -433, 4, -433, 3, -445, 4, -445, 0, -455, 0, -562, 7, -568, 8, -577, 9, -582, 7, -589, 8, -589, 9, -590, 0, -599, 0, -460, 1, -463, 2, -463, 1, -470, 2, -470, 0, -476]
[0, -439, 5, -445, 10, -445, 10, -454, 6, -463, 5, -468, 6, -477, 0, -484, 0, -427, 3, -433, 4, -433, 3, -445, 4, -445, 0, -455, 0, -562, 7, -568, 8, -577, 9, -582, 7, -589, 8, -589, 9, -590, 0, -599, 0, -460, 1, -463, 2, -463, 1, -470, 2, -470, 0, -476]
[0, -439, 5, -445, 10, -445, 10, -454, 6, -463, 5, -468, 6, -477, 0, -484, 0, -427, 3, -433, 4, -433, 3, -445, 4, -445, 0, -455, 0, -562, 7, -568, 8, -577, 9, -582, 7, -589, 8, -589, 9, -590, 0, -599, 0, -460, 1, -463, 2, -463, 1, -470, 2, -470, 0, -476]
[0, -439, 5, -445, 10, -445, 10, -454, 6, -463, 5, -468, 6, -477, 0, -484, 0, -427, 3, -433, 4, -433, 3, -445, 4, -445, 0, -455, 0, -562, 7, -568, 8, -577, 9, -582, 7, -589, 8, -589, 9, -590, 0, -599, 0, -460, 1, -463, 2, -463, 1, -470, 2, -470, 0, -476]
[0, -439, 5, -445, 10, -445, 10, -454, 6, -463, 5, -468, 6, -477, 0, -484, 0, -427, 3, -433, 4, -433, 3, -445, 4, -445, 0, -455, 0, -562, 7, -568, 8, -577, 9, -582, 7, -589, 8, -589, 9, -590, 0, -599, 0, -460, 1, -463, 2, -463, 1, -470, 2, -470, 0, -476]
[0, -439, 5, -445, 10, -445, 10, -454, 6, -463, 5, -468, 6, -477, 0, -484, 0, -427, 3, -433, 4, -433, 3, -445, 4, -445, 0, -455, 0, -562, 7, -568, 8, -577, 9, -582, 7, -589, 8, -589, 9, -590, 0, -599, 0, -460, 1, -463, 2, -463, 1, -470, 2, -470, 0, -476]
[0, -439, 5, -445, 10, -445, 10, -454, 6, -463, 5, -468, 6, -477, 0, -484, 0, -427, 3, -433, 4, -433, 3, -445, 4, -445, 0, -455, 0, -562, 7, -568, 8, -577, 9, -582, 7, -589, 8, -589, 9, -590, 0, -599, 0, -460, 1, -463, 2, -463, 1, -470, 2, -470, 0, -476]
[0, -439, 5, -445, 10, -445, 10, -454, 6, -463, 5, -468, 6, -477, 0, -484, 0, -427, 3, -433, 4, -433, 3, -445, 4, -445, 0, -455, 0, -562, 7, -568, 8, -577, 9, -582, 7, -589, 8, -589, 9, -590, 0, -599, 0, -460, 1, -463, 2, -463, 1, -470, 2, -470, 0, -476]
