[0, -427, 5, -433, 3, -433, 4, -433, 4, -445, 3, -445, 1, -452, 5, -459, 1, -470, 0, -476, 0, -564, 7, -570, 9, -582, 7, -589, 9, -590, 0, -599, 0, -567, 8, -572, 8, -580, 0, -586, 0, -458, 6, -469, 6, -478, 0, -485, 0, -437, 10, -443, 10, -452, 2, -457, 2, -464, 0, -470]
[0, -427, 5, -433, 3, -433, 4, -433, 4, -445, 3, -445, 1, -452, 5, -459, 1, -470, 0, -476, 0, -564, 7, -570, 9, -582, 7, -589, 9, -590, 0, -599, 0, -567, 8, -572, 8, -580, 0, -586, 0, -458, 6, -469, 6, -478, 0, -485, 0, -437, 10, -443, 10, -452, 2, -457, 2, -464, 0, -470]
[0, -427, 5, -433, 3, -433, 4, -433, 4, -445, 3, -445, 1, -452, 5, -459, 1, -470, 0, -476, 0, -564, 7, -570, 9, -582, 7, -589, 9, -590, 0, -599, 0, -567, 8, -572, 8, -580, 0, -586, 0, -458, 6, -469, 6, -478, 0, -485, 0, -437, 10, -443, 10, -452, 2, -457, 2, -464, 0, -470]
[0, -427, 5, -433, 3, -433, 4, -433, 4, -445, 3, -445, 1, -452, 5, -459, 1, -470, 0, -476, 0, -564, 7, -570, 9, -582, 7, -589, 9, -590, 0, -599, 0, -567, 8, -572, 8, -580, 0, -586, 0, -458, 6, -469, 6, -478, 0, -485, 0, -437, 10, -443, 10, -452, 2, -457, 2, -464, 0, -470]
[0, -427, 5, -433, 3, -433, 4, -433, 4, -445, 3, -445, 1, -452, 5, -459, 1, -470, 0, -476, 0, -564, 7, -570, 9, -582, 7, -589, 9, -590, 0, -599, 0, -567, 8, -572, 8, -580, 0, -586, 0, -458, 6, -469, 6, -478, 0, -485, 0, -437, 10, -443, 10, -452, 2, -457, 2, -464, 0, -470]
[0, -427, 5, -433, 3, -433, 4, -433, 4, -445, 3, -445, 1, -452, 5, -459, 1, -470, 0, -476, 0, -564, 7, -570, 9, -582, 7, -589, 9, -590, 0, -599, 0, -567, 8, -572, 8, -580, 0, -586, 0, -458, 6, -469, 6, -478, 0, -485, 0, -437, 10, -443, 10, -452, 2, -457, 2, -464, 0, -470]
[0, -427, 5, -433, 3, -433, 4, -433, 4, -445, 3, -445, 1, -452, 5, -459, 1, -470, 0, -476, 0, -564, 7, -570, 9, -582, 7, -589, 9, -590, 0, -599, 0, -567, 8, -572, 8, -580, 0, -586, 0, -458, 6, -469, 6, -478, 0, -485, 0, -437, 10, -443, 10, -452, 2, -457, 2, -464, 0, -470]
[0, -427, 5, -433, 3, -433, 4, -433, 4, -445, 3, -445, 1, -452, 5, -459, 1, -470, 0, -476, 0, -564, 7, -570, 9, -582, 7, -589, 9, -590, 0, -599, 0, -567, 8, -572, 8, -580, 0, -586, 0, -458, 6, -469, 6, -478, 0, -485, 0, -437, 10, -443, 10, -452, 2, -457, 2, -464, 0, -470]
[0, -427, 5, -433, 3, -433, 4, -433, 4, -445, 3, -445, 1, -452, 5, -459, 1, -470, 0, -476, 0, -564, 7, -570, 9, -582, 7, -589, 9, -590, 0, -599, 0, -567, 8, -572, 8, -580, 0, -586, 0, -458, 6, -469, 6, -478, 0, -485, 0, -437, 10, -443, 10, -452, 2, -457, 2, -464, 0, -470]
[0, -427, 5, -433, 3, -433, 4, -433, 4, -445, 3, -445, 1, -452, 5, -459, 1, -470, 0, -476, 0, -564, 7, -570, 9, -582, 7, -589, 9, -590, 0, -599, 0, -567, 8, -572, 8, -580, 0, -586, 0, -458, 6, -469, 6, -478, 0, -485, 0, -437, 10, -443, 10, -452, 2, -457, 2, -464, 0, -470]
[0, -427, 5, -433, 3, -433, 4, -433, 4, -445, 3, -445, 1, -452, 5, -459, 1, -470, 0, -476, 0, -564, 7, -570, 9, -582, 7, -589, 9, -590, 0, -599, 0, -567, 8, -572, 8, -580, 0, -586, 0, -458, 6, -469, 6, -478, 0, -485, 0, -437, 10, -443, 10, -452, 2, -457, 2, -464, 0, -470]
[0, -427, 5, -433, 3, -433, 4, -433, 4, -445, 3, -445, 1, -452, 5, -459, 1, -470, 0, -476, 0, -564, 7, -570, 9, -582, 7, -589, 9, -590, 0, -599, 0, -567, 8, -572, 8, -580, 0, -586, 0, -458, 6, -469, 6, -478, 0, -485, 0, -437, 10, -443, 10, -452, 2, -457, 2, -464, 0, -470]
[0, -427, 5, -433, 3, -433, 4, -433, 4, -445, 3, -445, 1, -452, 5, -459, 1, -470, 0, -476, 0, -564, 7, -570, 9, -582, 7, -589, 9, -590, 0, -599, 0, -567, 8, -572, 8, -580, 0, -586, 0, -458, 6, -469, 6, -478, 0, -485, 0, -437, 10, -443, 10, -452, 2, -457, 2, -464, 0, -470]
[0, -427, 5, -433, 3, -433, 4, -433, 4, -445, 3, -445, 1, -452, 5, -459, 1, -470, 0, -476, 0, -564, 7, -570, 9, -582, 7, -589, 9, -590, 0, -599, 0, -567, 8, -572, 8, -580, 0, -586, 0, -458, 6, -469, 6, -478, 0, -485, 0, -437, 10, -443, 10, -452, 2, -457, 2, -464, 0, -470]
[0, -427, 5, -433, 3, -433, 4, -433, 4, -445, 3, -445, 1, -452, 5, -459, 1, -470, 0, -476, 0, -564, 7, -570, 9, -582, 7, -589, 9, -590, 0, -599, 0, -567, 8, -572, 8, -580, 0, -586, 0, -458, 6, -469, 6, -478, 0, -485, 0, -437, 10, -443, 10, -452, 2, -457, 2, -464, 0, -470]
[0, -427, 5, -433, 3, -433, 4, -433, 4, -445, 3, -445, 1, -452, 5, -459, 1, -470, 0, -476, 0, -564, 7, -570, 9, -582, 7, -589, 9, -590, 0, -599, 0, -567, 8, -572, 8, -580, 0, -586, 0, -458, 6, -469, 6, -478, 0, -485, 0, -437, 10, -443, 10, -452, 2, -457, 2, -464, 0, -470]
[0, -427, 5, -433, 3, -433, 4, -433, 4, -445, 3, -445, 1, -452, 5, -459, 1, -470, 0, -476, 0, -564, 7, -570, 9, -582, 7, -589, 9, -590, 0, -599, 0, -567, 8, -572, 8, -580, 0, -586, 0, -458, 6, -469, 6, -478, 0, -485, 0, -437, 10, -443, 10, -452, 2, -457, 2, -464, 0, -470]
[0, -427, 5, -433, 3, -433, 4, -433, 4, -445, 3, -445, 1, -452, 5, -459, 1, -470, 0, -476, 0, -564, 7, -570, 9, -582, 7, -589, 9, -590, 0, -599, 0, -567, 8, -572, 8, -580, 0, -586, 0, -458, 6, -469, 6, -478, 0, -485, 0, -437, 10, -443, 10, -452, 2, -457, 2, -464, 0, -470]
[0, -427, 5, -433, 3, -433, 4, -433, 4, -445, 3, -445, 1, -452, 5, -459, 1, -470, 0, -476, 0, -564, 7, -570, 9, -582, 7, -589, 9, -590, 0, -599, 0, -567, 8, -572, 8, -580, 0, -586, 0, -458, 6, -469, 6, -478, 0, -485, 0, -437, 10, -443, 10, -452, 2, -457, 2, -464, 0, -470]
[0, -427, 5, -433, 3, -433, 4, -433, 4, -445, 3, -445, 1, -452, 5, -459, 1, -470, 0, -476, 0, -564, 7, -570, 9, -582, 7, -589, 9, -590, 0, -599, 0, -567, 8, -572, 8, -580, 0, -586, 0, -458, 6, -469, 6, -478, 0, -485, 0, -437, 10, -443, 10, -452, 2, -457, 2, -464, 0, -470]
[0, -427, 5, -433, 3, -433, 4, -433, 4, -445, 3, -445, 1, -452, 5, -459, 1, -470, 0, -476, 0, -564, 7, -570, 9, -582, 7, -589, 9, -590, 0, -599, 0, -567, 8, -572, 8, -580, 0, -586, 0, -458, 6, -469, 6, -478, 0, -485, 0, -437, 10, -443, 10, -452, 2, -457, 2, -464, 0, -470]
[0, -427, 5, -433, 3, -433, 4, -433, 4, -445, 3, -445, 1, -452, 5, -459, 1, -470, 0, -476, 0, -564, 7, -570, 9, -582, 7, -589, 9, -590, 0, -599, 0, -567, 8, -572, 8, -580, 0, -586, 0, -458, 6, -469, 6, -478, 0, -485, 0, -437, 10, -443, 10, -452, 2, -457, 2, -464, 0, -470]
[0, -427, 5, -433, 3, -433, 4, -433, 4, -445, 3, -445, 1, -452, 5, -459, 1, -470, 0, -476, 0, -564, 7, -570, 9, -582, 7, -589, 9, -590, 0, -599, 0, -567, 8, -572, 8, -580, 0, -586, 0, -458, 6, -469, 6, -478, 0, -485, 0, -437, 10, -443, 10, -452, 2, -457, 2, -464, 0, -470]
[0, -427, 5, -433, 3, -433, 4, -433, 4, -445, 3, -445, 1, -452, 5, -459, 1, -470, 0, -476, 0, -564, 7, -570, 9, -582, 7, -589, 9, -590, 0, -599, 0, -567, 8, -572, 8, -580, 0, -586, 0, -458, 6, -469, 6, -478, 0, -485, 0, -437, 10, -443, 10, -452, 2, -457, 2, -464, 0, -470]
[0, -427, 5, -433, 3, -433, 4, -433, 4, -445, 3, -445, 1, -452, 5, -459, 1, -470, 0, -476, 0, -564, 7, -570, 9, -582, 7, -589, 9, -590, 0, -599, 0, -567, 8, -572, 8, -580, 0, -586, 0, -458, 6, -469, 6, -478, 0, -485, 0, -437, 10, -443, 10, -452, 2, -457, 2, -464, 0, -470]
[0, -427, 5, -433, 3, -433, 4, -433, 4, -445, 3, -445, 1, -452, 5, -459, 1, -470, 0, -476, 0, -564, 7, -570, 9, -582, 7, -589, 9, -590, 0, -599, 0, -567, 8, -572, 8, -580, 0, -586, 0, -458, 6, -469, 6, -478, 0, -485, 0, -437, 10, -443, 10, -452, 2, -457, 2, -464, 0, -470]
[0, -427, 5, -433, 3, -433, 4, -433, 4, -445, 3, -445, 1, -452, 5, -459, 1, -470, 0, -476, 0, -564, 7, -570, 9, -582, 7, -589, 9, -590, 0, -599, 0, -567, 8, -572, 8, -580, 0, -586, 0, -458, 6, -469, 6, -478, 0, -485, 0, -437, 10, -443, 10, -452, 2, -457, 2, -464, 0, -470]
[0, -427, 5, -433, 3, -433, 4, -433, 4, -445, 3, -445, 1, -452, 5, -459, 1, -470, 0, -476, 0, -564, 7, -570, 9, -582, 7, -589, 9, -590, 0, -599, 0, -567, 8, -572, 8, -580, 0, -586, 0, -458, 6, -469, 6, -478, 0, -485, 0, -437, 10, -443, 10, -452, 2, -457, 2, -464, 0, -470]
[0, -427, 5, -433, 3, -433, 4, -433, 4, -445, 3, -445, 1, -452, 5, -459, 1, -470, 0, -476, 0, -564, 7, -570, 9, -582, 7, -589, 9, -590, 0, -599, 0, -567, 8, -572, 8, -580, 0, -586, 0, -458, 6, -469, 6, -478, 0, -485, 0, -437, 10, -443, 10, -452, 2, -457, 2, -464, 0, -470]
[0, -427, 5, -433, 3, -433, 4, -433, 4, -445, 3, -445, 1, -452, 5, -459, 1, -470, 0, -476, 0, -564, 7, -570, 9, -582, 7, -589, 9, -590, 0, -599, 0, -567, 8, -572, 8, -580, 0, -586, 0, -458, 6, -469, 6, -478, 0, -485, 0, -437, 10, -443, 10, -452, 2, -457, 2, -464, 0, -470]
[0, -427, 5, -433, 3, -433, 4, -433, 4, -445, 3, -445, 1, -452, 5, -459, 1, -470, 0, -476, 0, -564, 7, -570, 9, -582, 7, -589, 9, -590, 0, -599, 0, -567, 8, -572, 8, -580, 0, -586, 0, -458, 6, -469, 6, -478, 0, -485, 0, -437, 10, -443, 10, -452, 2, -457, 2, -464, 0, -470]
[0, -427, 5, -433, 3, -433, 4, -433, 4, -445, 3, -445, 1, -452, 5, -459, 1, -470, 0, -476, 0, -564, 7, -570, 9, -582, 7, -589, 9, -590, 0, -599, 0, -567, 8, -572, 8, -580, 0, -586, 0, -458, 6, -469, 6, -478, 0, -485, 0, -437, 10, -443, 10, -452, 2, -457, 2, -464, 0, -470]
[0, -427, 5, -433, 3, -433, 4, -433, 4, -445, 3, -445, 1, -452, 5, -459, 1, -470, 0, -476, 0, -564, 7, -570, 9, -582, 7, -589, 9, -590, 0, -599, 0, -567, 8, -572, 8, -580, 0, -586, 0, -458, 6, -469, 6, -478, 0, -485, 0, -437, 10, -443, 10, -452, 2, -457, 2, -464, 0, -470]
[0, -427, 5, -433, 3, -433, 4, -433, 4, -445, 3, -445, 1, -452, 5, -459, 1, -470, 0, -476, 0, -564, 7, -570, 9, -582, 7, -589, 9, -590, 0, -599, 0, -567, 8, -572, 8, -580, 0, -586, 0, -458, 6, -469, 6, -478, 0, -485, 0, -437, 10, -443, 10, -452, 2, -457, 2, -464, 0, -470]
[0, -427, 5, -433, 3, -433, 4, -433, 4, -445, 3, -445, 1, -452, 5, -459, 1, -470, 0, -476, 0, -564, 7, -570, 9, -582, 7, -589, 9, -590, 0, -599, 0, -567, 8, -572, 8, -580, 0, -586, 0, -458, 6, -469, 6, -478, 0, -485, 0, -437, 10, -443, 10, -452, 2, -457, 2, -464, 0, -470]
[0, -427, 5, -433, 3, -433, 4, -433, 4, -445, 3, -445, 1, -452, 5, -459, 1, -470, 0, -476, 0, -564, 7, -570, 9, -582, 7, -589, 9, -590, 0, -599, 0, -567, 8, -572, 8, -580, 0, -586, 0, -458, 6, -469, 6, -478, 0, -485, 0, -437, 10, -443, 10, -452, 2, -457, 2, -464, 0, -470]
[0, -427, 5, -433, 3, -433, 4, -433, 4, -445, 3, -445, 1, -452, 5, -459, 1, -470, 0, -476, 0, -564, 7, -570, 9, -582, 7, -589, 9, -590, 0, -599, 0, -567, 8, -572, 8, -580, 0, -586, 0, -458, 6, -469, 6, -478, 0, -485, 0, -437, 10, -443, 10, -452, 2, -457, 2, -464, 0, -470]
[0, -427, 5, -433, 3, -433, 4, -433, 4, -445, 3, -445, 1, -452, 5, -459, 1, -470, 0, -476, 0, -564, 7, -570, 9, -582, 7, -589, 9, -590, 0, -599, 0, -567, 8, -572, 8, -580, 0, -586, 0, -458, 6, -469, 6, -478, 0, -485, 0, -437, 10, -443, 10, -452, 2, -457, 2, -464, 0, -470]
[0, -427, 5, -433, 3, -433, 4, -433, 4, -445, 3, -445, 1, -452, 5, -459, 1, -470, 0, -476, 0, -564, 7, -570, 9, -582, 7, -589, 9, -590, 0, -599, 0, -567, 8, -572, 8, -580, 0, -586, 0, -458, 6, -469, 6, -478, 0, -485, 0, -437, 10, -443, 10, -452, 2, -457, 2, -464, 0, -470]
[0, -427, 5, -433, 3, -433, 4, -433, 4, -445, 3, -445, 1, -452, 5, -459, 1, -470, 0, -476, 0, -564, 7, -570, 9, -582, 7, -589, 9, -590, 0, -599, 0, -567, 8, -572, 8, -580, 0, -586, 0, -458, 6, -469, 6, -478, 0, -485, 0, -437, 10, -443, 10, -452, 2, -457, 2, -464, 0, -470]
[0, -427, 4, -433, 5, -433, 3, -433, 3, -445, 4, -445, 6, -455, 5, -460, 6, -469, 0, -476, 0, -460, 1, -463, 2, -463, 1, -470, 2, -470, 0, -476, 0, -437, 10, -443, 10, -452, 0, -460, 0, -575, 7, -581, 7, -589, 0, -595, 0, -567, 8, -572, 8, -580, 9, -591, 9, -596, 0, -605]
[0, -427, 4, -433, 5, -433, 3, -433, 3, -445, 4, -445, 6, -455, 5, -460, 6, -469, 0, -476, 0, -460, 1, -463, 2, -463, 1, -470, 2, -470, 0, -476, 0, -437, 10, -443, 10, -452, 0, -460, 0, -575, 7, -581, 7, -589, 0, -595, 0, -567, 8, -572, 8, -580, 9, -591, 9, -596, 0, -605]
[0, -427, 4, -433, 5, -433, 3, -433, 3, -445, 4, -445, 6, -455, 5, -460, 6, -469, 0, -476, 0, -460, 1, -463, 2, -463, 1, -470, 2, -470, 0, -476, 0, -437, 10, -443, 10, -452, 0, -460, 0, -575, 7, -581, 7, -589, 0, -595, 0, -567, 8, -572, 8, -580, 9, -591, 9, -596, 0, -605]
[0, -427, 4, -433, 5, -433, 3, -433, 3, -445, 4, -445, 6, -455, 5, -460, 6, -469, 0, -476, 0, -460, 1, -463, 2, -463, 1, -470, 2, -470, 0, -476, 0, -437, 10, -443, 10, -452, 0, -460, 0, -575, 7, -581, 7, -589, 0, -595, 0, -567, 8, -572, 8, -580, 9, -591, 9, -596, 0, -605]
