[0, -420, 3, -426, 4, -426, 5, -426, 1, -434, 3, -445, 4, -445, 5, -455, 1, -466, 0, -472, 0, -564, 7, -570, 9, -582, 7, -589, 9, -590, 0, -599, 0, -437, 10, -443, 10, -452, 0, -460, 0, -567, 8, -572, 8, -580, 0, -586, 0, -449, 2, -452, 6, -459, 2, -470, 6, -472, 0, -479]
[0, -420, 3, -426, 4, -426, 5, -426, 1, -434, 3, -445, 4, -445, 5, -455, 1, -466, 0, -472, 0, -564, 7, -570, 9, -582, 7, -589, 9, -590, 0, -599, 0, -437, 10, -443, 10, -452, 0, -460, 0, -567, 8, -572, 8, -580, 0, -586, 0, -449, 2, -452, 6, -459, 2, -470, 6, -472, 0, -479]
[0, -420, 3, -426, 4, -426, 5, -426, 1, -434, 3, -445, 4, -445, 5, -455, 1, -466, 0, -472, 0, -564, 7, -570, 9, -582, 7, -589, 9, -590, 0, -599, 0, -437, 10, -443, 10, -452, 0, -460, 0, -567, 8, -572, 8, -580, 0, -586, 0, -449, 2, -452, 6, -459, 2, -470, 6, -472, 0, -479]
[0, -420, 3, -426, 4, -426, 5, -426, 1, -434, 3, -445, 4, -445, 5, -455, 1, -466, 0, -472, 0, -564, 7, -570, 9, -582, 7, -589, 9, -590, 0, -599, 0, -437, 10, -443, 10, -452, 0, -460, 0, -567, 8, -572, 8, -580, 0, -586, 0, -449, 2, -452, 6, -459, 2, -470, 6, -472, 0, -479]
[0, -420, 3, -426, 4, -426, 5, -426, 1, -434, 3, -445, 4, -445, 5, -455, 1, -466, 0, -472, 0, -564, 7, -570, 9, -582, 7, -589, 9, -590, 0, -599, 0, -437, 10, -443, 10, -452, 0, -460, 0, -567, 8, -572, 8, -580, 0, -586, 0, -449, 2, -452, 6, -459, 2, -470, 6, -472, 0, -479]
[0, -420, 3, -426, 4, -426, 5, -426, 1, -434, 3, -445, 4, -445, 5, -455, 1, -466, 0, -472, 0, -564, 7, -570, 9, -582, 7, -589, 9, -590, 0, -599, 0, -437, 10, -443, 10, -452, 0, -460, 0, -567, 8, -572, 8, -580, 0, -586, 0, -449, 2, -452, 6, -459, 2, -470, 6, -472, 0, -479]
[0, -420, 3, -426, 4, -426, 5, -426, 1, -434, 3, -445, 4, -445, 5, -455, 1, -466, 0, -472, 0, -564, 7, -570, 9, -582, 7, -589, 9, -590, 0, -599, 0, -437, 10, -443, 10, -452, 0, -460, 0, -567, 8, -572, 8, -580, 0, -586, 0, -449, 2, -452, 6, -459, 2, -470, 6, -472, 0, -479]
[0, -420, 3, -426, 4, -426, 5, -426, 1, -434, 3, -445, 4, -445, 5, -455, 1, -466, 0, -472, 0, -564, 7, -570, 9, -582, 7, -589, 9, -590, 0, -599, 0, -437, 10, -443, 10, -452, 0, -460, 0, -567, 8, -572, 8, -580, 0, -586, 0, -449, 2, -452, 6, -459, 2, -470, 6, -472, 0, -479]
[0, -420, 3, -426, 4, -426, 5, -426, 1, -434, 3, -445, 4, -445, 5, -455, 1, -466, 0, -472, 0, -564, 7, -570, 9, -582, 7, -589, 9, -590, 0, -599, 0, -437, 10, -443, 10, -452, 0, -460, 0, -567, 8, -572, 8, -580, 0, -586, 0, -449, 2, -452, 6, -459, 2, -470, 6, -472, 0, -479]
[0, -420, 3, -426, 4, -426, 5, -426, 1, -434, 3, -445, 4, -445, 5, -455, 1, -466, 0, -472, 0, -564, 7, -570, 9, -582, 7, -589, 9, -590, 0, -599, 0, -437, 10, -443, 10, -452, 0, -460, 0, -567, 8, -572, 8, -580, 0, -586, 0, -449, 2, -452, 6, -459, 2, -470, 6, -472, 0, -479]
[0, -420, 3, -426, 4, -426, 5, -426, 1, -434, 3, -445, 4, -445, 5, -455, 1, -466, 0, -472, 0, -564, 7, -570, 9, -582, 7, -589, 9, -590, 0, -599, 0, -437, 10, -443, 10, -452, 0, -460, 0, -567, 8, -572, 8, -580, 0, -586, 0, -449, 2, -452, 6, -459, 2, -470, 6, -472, 0, -479]
[0, -420, 3, -426, 4, -426, 5, -426, 1, -434, 3, -445, 4, -445, 5, -455, 1, -466, 0, -472, 0, -564, 7, -570, 9, -582, 7, -589, 9, -590, 0, -599, 0, -437, 10, -443, 10, -452, 0, -460, 0, -567, 8, -572, 8, -580, 0, -586, 0, -449, 2, -452, 6, -459, 2, -470, 6, -472, 0, -479]
[0, -420, 3, -426, 4, -426, 5, -426, 1, -434, 3, -445, 4, -445, 5, -455, 1, -466, 0, -472, 0, -564, 7, -570, 9, -582, 7, -589, 9, -590, 0, -599, 0, -437, 10, -443, 10, -452, 0, -460, 0, -567, 8, -572, 8, -580, 0, -586, 0, -449, 2, -452, 6, -459, 2, -470, 6, -472, 0, -479]
[0, -420, 3, -426, 4, -426, 5, -426, 1, -434, 3, -445, 4, -445, 5, -455, 1, -466, 0, -472, 0, -564, 7, -570, 9, -582, 7, -589, 9, -590, 0, -599, 0, -437, 10, -443, 10, -452, 0, -460, 0, -567, 8, -572, 8, -580, 0, -586, 0, -449, 2, -452, 6, -459, 2, -470, 6, -472, 0, -479]
[0, -420, 3, -426, 4, -426, 5, -426, 1, -434, 3, -445, 4, -445, 5, -455, 1, -466, 0, -472, 0, -564, 7, -570, 9, -582, 7, -589, 9, -590, 0, -599, 0, -437, 10, -443, 10, -452, 0, -460, 0, -567, 8, -572, 8, -580, 0, -586, 0, -449, 2, -452, 6, -459, 2, -470, 6, -472, 0, -479]
[0, -420, 3, -426, 4, -426, 5, -426, 1, -434, 3, -445, 4, -445, 5, -455, 1, -466, 0, -472, 0, -564, 7, -570, 9, -582, 7, -589, 9, -590, 0, -599, 0, -437, 10, -443, 10, -452, 0, -460, 0, -567, 8, -572, 8, -580, 0, -586, 0, -449, 2, -452, 6, -459, 2, -470, 6, -472, 0, -479]
[0, -420, 3, -426, 4, -426, 5, -426, 1, -434, 3, -445, 4, -445, 5, -455, 1, -466, 0, -472, 0, -564, 7, -570, 9, -582, 7, -589, 9, -590, 0, -599, 0, -437, 10, -443, 10, -452, 0, -460, 0, -567, 8, -572, 8, -580, 0, -586, 0, -449, 2, -452, 6, -459, 2, -470, 6, -472, 0, -479]
[0, -420, 3, -426, 4, -426, 5, -426, 1, -434, 3, -445, 4, -445, 5, -455, 1, -466, 0, -472, 0, -564, 7, -570, 9, -582, 7, -589, 9, -590, 0, -599, 0, -437, 10, -443, 10, -452, 0, -460, 0, -567, 8, -572, 8, -580, 0, -586, 0, -449, 2, -452, 6, -459, 2, -470, 6, -472, 0, -479]
[0, -420, 3, -426, 4, -426, 5, -426, 1, -434, 3, -445, 4, -445, 5, -455, 1, -466, 0, -472, 0, -564, 7, -570, 9, -582, 7, -589, 9, -590, 0, -599, 0, -437, 10, -443, 10, -452, 0, -460, 0, -567, 8, -572, 8, -580, 0, -586, 0, -449, 2, -452, 6, -459, 2, -470, 6, -472, 0, -479]
[0, -420, 3, -426, 4, -426, 5, -426, 1, -434, 3, -445, 4, -445, 5, -455, 1, -466, 0, -472, 0, -564, 7, -570, 9, -582, 7, -589, 9, -590, 0, -599, 0, -437, 10, -443, 10, -452, 0, -460, 0, -567, 8, -572, 8, -580, 0, -586, 0, -449, 2, -452, 6, -459, 2, -470, 6, -472, 0, -479]
[0, -420, 3, -426, 4, -426, 5, -426, 1, -434, 3, -445, 4, -445, 5, -455, 1, -466, 0, -472, 0, -564, 7, -570, 9, -582, 7, -589, 9, -590, 0, -599, 0, -437, 10, -443, 10, -452, 0, -460, 0, -567, 8, -572, 8, -580, 0, -586, 0, -449, 2, -452, 6, -459, 2, -470, 6, -472, 0, -479]
[0, -420, 3, -426, 4, -426, 5, -426, 1, -434, 3, -445, 4, -445, 5, -455, 1, -466, 0, -472, 0, -564, 7, -570, 9, -582, 7, -589, 9, -590, 0, -599, 0, -437, 10, -443, 10, -452, 0, -460, 0, -567, 8, -572, 8, -580, 0, -586, 0, -449, 2, -452, 6, -459, 2, -470, 6, -472, 0, -479]
[0, -420, 3, -426, 4, -426, 5, -426, 1, -434, 3, -445, 4, -445, 5, -455, 1, -466, 0, -472, 0, -564, 7, -570, 9, -582, 7, -589, 9, -590, 0, -599, 0, -437, 10, -443, 10, -452, 0, -460, 0, -567, 8, -572, 8, -580, 0, -586, 0, -449, 2, -452, 6, -459, 2, -470, 6, -472, 0, -479]
[0, -420, 3, -426, 4, -426, 5, -426, 1, -434, 3, -445, 4, -445, 5, -455, 1, -466, 0, -472, 0, -564, 7, -570, 9, -582, 7, -589, 9, -590, 0, -599, 0, -437, 10, -443, 10, -452, 0, -460, 0, -567, 8, -572, 8, -580, 0, -586, 0, -449, 2, -452, 6, -459, 2, -470, 6, -472, 0, -479]
[0, -420, 3, -426, 4, -426, 5, -426, 1, -434, 3, -445, 4, -445, 5, -455, 1, -466, 0, -472, 0, -564, 7, -570, 9, -582, 7, -589, 9, -590, 0, -599, 0, -437, 10, -443, 10, -452, 0, -460, 0, -567, 8, -572, 8, -580, 0, -586, 0, -449, 2, -452, 6, -459, 2, -470, 6, -472, 0, -479]
[0, -420, 3, -426, 4, -426, 5, -426, 1, -434, 3, -445, 4, -445, 5, -455, 1, -466, 0, -472, 0, -564, 7, -570, 9, -582, 7, -589, 9, -590, 0, -599, 0, -437, 10, -443, 10, -452, 0, -460, 0, -567, 8, -572, 8, -580, 0, -586, 0, -449, 2, -452, 6, -459, 2, -470, 6, -472, 0, -479]
[0, -427, 3, -433, 4, -433, 4, -445, 3, -445, 6, -455, 1, -463, 1, -470, 6, -472, 0, -479, 0, -437, 10, -443, 10, -452, 5, -459, 5, -464, 0, -474, 0, -569, 8, -574, 8, -582, 0, -588, 0, -459, 2, -462, 2, -469, 0, -475, 0, -569, 7, -575, 9, -587, 7, -594, 9, -595, 0, -604]
[0, -427, 3, -433, 4, -433, 4, -445, 3, -445, 6, -455, 1, -463, 1, -470, 6, -472, 0, -479, 0, -437, 10, -443, 10, -452, 5, -459, 5, -464, 0, -474, 0, -569, 8, -574, 8, -582, 0, -588, 0, -459, 2, -462, 2, -469, 0, -475, 0, -569, 7, -575, 9, -587, 7, -594, 9, -595, 0, -604]
[0, -427, 3, -433, 4, -433, 4, -445, 3, -445, 6, -455, 1, -463, 1, -470, 6, -472, 0, -479, 0, -437, 10, -443, 10, -452, 5, -459, 5, -464, 0, -474, 0, -569, 8, -574, 8, -582, 0, -588, 0, -459, 2, -462, 2, -469, 0, -475, 0, -569, 7, -575, 9, -587, 7, -594, 9, -595, 0, -604]
[0, -427, 3, -433, 4, -433, 4, -445, 3, -445, 6, -455, 1, -463, 1, -470, 6, -472, 0, -479, 0, -437, 10, -443, 10, -452, 5, -459, 5, -464, 0, -474, 0, -569, 8, -574, 8, -582, 0, -588, 0, -459, 2, -462, 2, -469, 0, -475, 0, -569, 7, -575, 9, -587, 7, -594, 9, -595, 0, -604]
[0, -427, 3, -433, 4, -433, 4, -445, 3, -445, 6, -455, 1, -463, 1, -470, 6, -472, 0, -479, 0, -437, 10, -443, 10, -452, 5, -459, 5, -464, 0, -474, 0, -569, 8, -574, 8, -582, 0, -588, 0, -459, 2, -462, 2, -469, 0, -475, 0, -569, 7, -575, 9, -587, 7, -594, 9, -595, 0, -604]
[0, -427, 3, -433, 4, -433, 4, -445, 3, -445, 6, -455, 1, -463, 1, -470, 6, -472, 0, -479, 0, -437, 10, -443, 10, -452, 5, -459, 5, -464, 0, -474, 0, -569, 8, -574, 8, -582, 0, -588, 0, -459, 2, -462, 2, -469, 0, -475, 0, -569, 7, -575, 9, -587, 7, -594, 9, -595, 0, -604]
[0, -427, 3, -433, 4, -433, 4, -445, 3, -445, 6, -455, 1, -463, 1, -470, 6, -472, 0, -479, 0, -437, 10, -443, 10, -452, 5, -459, 5, -464, 0, -474, 0, -569, 8, -574, 8, -582, 0, -588, 0, -459, 2, -462, 2, -469, 0, -475, 0, -569, 7, -575, 9, -587, 7, -594, 9, -595, 0, -604]
[0, -427, 3, -433, 4, -433, 4, -445, 3, -445, 6, -455, 1, -463, 1, -470, 6, -472, 0, -479, 0, -437, 10, -443, 10, -452, 5, -459, 5, -464, 0, -474, 0, -569, 8, -574, 8, -582, 0, -588, 0, -459, 2, -462, 2, -469, 0, -475, 0, -569, 7, -575, 9, -587, 7, -594, 9, -595, 0, -604]
[0, -427, 3, -433, 4, -433, 4, -445, 3, -445, 6, -455, 1, -463, 1, -470, 6, -472, 0, -479, 0, -437, 10, -443, 10, -452, 5, -459, 5, -464, 0, -474, 0, -569, 8, -574, 8, -582, 0, -588, 0, -459, 2, -462, 2, -469, 0, -475, 0, -569, 7, -575, 9, -587, 7, -594, 9, -595, 0, -604]
[0, -427, 3, -433, 4, -433, 4, -445, 3, -445, 6, -455, 1, -463, 1, -470, 6, -472, 0, -479, 0, -437, 10, -443, 10, -452, 5, -459, 5, -464, 0, -474, 0, -569, 8, -574, 8, -582, 0, -588, 0, -459, 2, -462, 2, -469, 0, -475, 0, -569, 7, -575, 9, -587, 7, -594, 9, -595, 0, -604]
[0, -427, 3, -433, 4, -433, 4, -445, 3, -445, 6, -455, 1, -463, 1, -470, 6, -472, 0, -479, 0, -437, 10, -443, 10, -452, 5, -459, 5, -464, 0, -474, 0, -569, 8, -574, 8, -582, 0, -588, 0, -459, 2, -462, 2, -469, 0, -475, 0, -569, 7, -575, 9, -587, 7, -594, 9, -595, 0, -604]
[0, -427, 3, -433, 4, -433, 4, -445, 3, -445, 6, -455, 1, -463, 1, -470, 6, -472, 0, -479, 0, -437, 10, -443, 10, -452, 5, -459, 5, -464, 0, -474, 0, -569, 8, -574, 8, -582, 0, -588, 0, -459, 2, -462, 2, -469, 0, -475, 0, -569, 7, -575, 9, -587, 7, -594, 9, -595, 0, -604]
[0, -427, 3, -433, 4, -433, 4, -445, 3, -445, 6, -455, 1, -463, 1, -470, 6, -472, 0, -479, 0, -437, 10, -443, 10, -452, 5, -459, 5, -464, 0, -474, 0, -569, 8, -574, 8, -582, 0, -588, 0, -459, 2, -462, 2, -469, 0, -475, 0, -569, 7, -575, 9, -587, 7, -594, 9, -595, 0, -604]
[0, -427, 3, -433, 4, -433, 4, -445, 3, -445, 6, -455, 1, -463, 1, -470, 6, -472, 0, -479, 0, -437, 10, -443, 10, -452, 5, -459, 5, -464, 0, -474, 0, -569, 8, -574, 8, -582, 0, -588, 0, -459, 2, -462, 2, -469, 0, -475, 0, -569, 7, -575, 9, -587, 7, -594, 9, -595, 0, -604]
[0, -427, 4, -433, 3, -433, 3, -445, 4, -445, 6, -455, 2, -463, 2, -470, 6, -472, 0, -479, 0, -437, 10, -443, 10, -452, 5, -459, 5, -464, 0, -474, 0, -460, 1, -463, 1, -470, 0, -476, 0, -575, 9, -585, 9, -590, 0, -599, 0, -567, 8, -572, 8, -580, 7, -586, 7, -594, 0, -600]
[0, -427, 4, -433, 3, -433, 3, -445, 4, -445, 6, -455, 2, -463, 2, -470, 6, -472, 0, -479, 0, -437, 10, -443, 10, -452, 5, -459, 5, -464, 0, -474, 0, -460, 1, -463, 1, -470, 0, -476, 0, -575, 9, -585, 9, -590, 0, -599, 0, -567, 8, -572, 8, -580, 7, -586, 7, -594, 0, -600]
[0, -430, 3, -436, 4, -436, 4, -448, 3, -448, 1, -455, 2, -462, 2, -469, 1, -469, 0, -475, 0, -454, 5, -460, 6, -465, 5, -465, 6, -474, 0, -481, 0, -579, 7, -585, 7, -593, 0, -599, 0, -437, 10, -443, 10, -452, 0, -460, 0, -567, 8, -572, 8, -580, 9, -591, 9, -596, 0, -605]
[0, -430, 3, -436, 4, -436, 4, -448, 3, -448, 1, -455, 2, -462, 2, -469, 1, -469, 0, -475, 0, -454, 5, -460, 6, -465, 5, -465, 6, -474, 0, -481, 0, -579, 7, -585, 7, -593, 0, -599, 0, -437, 10, -443, 10, -452, 0, -460, 0, -567, 8, -572, 8, -580, 9, -591, 9, -596, 0, -605]
