[0, -427, 3, -433, 5, -433, 3, -445, 2, -452, 6, -459, 5, -464, 2, -475, 6, -477, 0, -484, 0, -564, 7, -570, 9, -582, 7, -589, 9, -590, 0, -599, 0, -567, 8, -572, 8, -580, 0, -586, 0, -427, 4, -433, 4, -445, 0, -455, 0, -437, 10, -443, 10, -452, 1, -457, 1, -464, 0, -470]
[0, -427, 3, -433, 5, -433, 3, -445, 2, -452, 6, -459, 5, -464, 2, -475, 6, -477, 0, -484, 0, -564, 7, -570, 9, -582, 7, -589, 9, -590, 0, -599, 0, -567, 8, -572, 8, -580, 0, -586, 0, -427, 4, -433, 4, -445, 0, -455, 0, -437, 10, -443, 10, -452, 1, -457, 1, -464, 0, -470]
[0, -427, 4, -433, 4, -445, 2, -452, 1, -459, 6, -466, 1, -471, 2, -471, 6, -473, 0, -480, 0, -567, 8, -572, 8, -580, 7, -586, 7, -594, 0, -600, 0, -575, 9, -585, 9, -590, 0, -599, 0, -427, 3, -433, 3, -445, 0, -455, 0, -437, 10, -443, 10, -452, 5, -459, 5, -464, 0, -474]
[0, -427, 4, -433, 4, -445, 2, -452, 1, -459, 6, -466, 1, -471, 2, -471, 6, -473, 0, -480, 0, -567, 8, -572, 8, -580, 7, -586, 7, -594, 0, -600, 0, -575, 9, -585, 9, -590, 0, -599, 0, -427, 3, -433, 3, -445, 0, -455, 0, -437, 10, -443, 10, -452, 5, -459, 5, -464, 0, -474]
[0, -427, 4, -433, 4, -445, 2, -452, 1, -459, 6, -466, 1, -471, 2, -471, 6, -473, 0, -480, 0, -567, 8, -572, 8, -580, 7, -586, 7, -594, 0, -600, 0, -575, 9, -585, 9, -590, 0, -599, 0, -427, 3, -433, 3, -445, 0, -455, 0, -437, 10, -443, 10, -452, 5, -459, 5, -464, 0, -474]
[0, -427, 4, -433, 4, -445, 2, -452, 1, -459, 6, -466, 1, -471, 2, -471, 6, -473, 0, -480, 0, -567, 8, -572, 8, -580, 7, -586, 7, -594, 0, -600, 0, -575, 9, -585, 9, -590, 0, -599, 0, -427, 3, -433, 3, -445, 0, -455, 0, -437, 10, -443, 10, -452, 5, -459, 5, -464, 0, -474]
[0, -427, 4, -433, 4, -445, 2, -452, 1, -459, 6, -466, 1, -471, 2, -471, 6, -473, 0, -480, 0, -567, 8, -572, 8, -580, 7, -586, 7, -594, 0, -600, 0, -575, 9, -585, 9, -590, 0, -599, 0, -427, 3, -433, 3, -445, 0, -455, 0, -437, 10, -443, 10, -452, 5, -459, 5, -464, 0, -474]
[0, -427, 4, -433, 4, -445, 2, -452, 1, -459, 6, -466, 1, -471, 2, -471, 6, -473, 0, -480, 0, -567, 8, -572, 8, -580, 7, -586, 7, -594, 0, -600, 0, -575, 9, -585, 9, -590, 0, -599, 0, -427, 3, -433, 3, -445, 0, -455, 0, -437, 10, -443, 10, -452, 5, -459, 5, -464, 0, -474]
[0, -427, 4, -433, 4, -445, 2, -452, 1, -459, 6, -466, 1, -471, 2, -471, 6, -473, 0, -480, 0, -567, 8, -572, 8, -580, 7, -586, 7, -594, 0, -600, 0, -575, 9, -585, 9, -590, 0, -599, 0, -427, 3, -433, 3, -445, 0, -455, 0, -437, 10, -443, 10, -452, 5, -459, 5, -464, 0, -474]
[0, -427, 4, -433, 4, -445, 2, -452, 1, -459, 6, -466, 1, -471, 2, -471, 6, -473, 0, -480, 0, -567, 8, -572, 8, -580, 7, -586, 7, -594, 0, -600, 0, -575, 9, -585, 9, -590, 0, -599, 0, -427, 3, -433, 3, -445, 0, -455, 0, -437, 10, -443, 10, -452, 5, -459, 5, -464, 0, -474]
[0, -427, 4, -433, 4, -445, 2, -452, 1, -459, 6, -466, 1, -471, 2, -471, 6, -473, 0, -480, 0, -567, 8, -572, 8, -580, 7, -586, 7, -594, 0, -600, 0, -575, 9, -585, 9, -590, 0, -599, 0, -427, 3, -433, 3, -445, 0, -455, 0, -437, 10, -443, 10, -452, 5, -459, 5, -464, 0, -474]
[0, -427, 4, -433, 4, -445, 2, -452, 1, -459, 6, -466, 1, -471, 2, -471, 6, -473, 0, -480, 0, -567, 8, -572, 8, -580, 7, -586, 7, -594, 0, -600, 0, -575, 9, -585, 9, -590, 0, -599, 0, -427, 3, -433, 3, -445, 0, -455, 0, -437, 10, -443, 10, -452, 5, -459, 5, -464, 0, -474]
[0, -427, 4, -433, 4, -445, 2, -452, 1, -459, 6, -466, 1, -471, 2, -471, 6, -473, 0, -480, 0, -567, 8, -572, 8, -580, 7, -586, 7, -594, 0, -600, 0, -575, 9, -585, 9, -590, 0, -599, 0, -427, 3, -433, 3, -445, 0, -455, 0, -437, 10, -443, 10, -452, 5, -459, 5, -464, 0, -474]
[0, -427, 4, -433, 4, -445, 2, -452, 1, -459, 6, -466, 1, -471, 2, -471, 6, -473, 0, -480, 0, -567, 8, -572, 8, -580, 7, -586, 7, -594, 0, -600, 0, -575, 9, -585, 9, -590, 0, -599, 0, -427, 3, -433, 3, -445, 0, -455, 0, -437, 10, -443, 10, -452, 5, -459, 5, -464, 0, -474]
[0, -427, 4, -433, 4, -445, 2, -452, 1, -459, 6, -466, 1, -471, 2, -471, 6, -473, 0, -480, 0, -567, 8, -572, 8, -580, 7, -586, 7, -594, 0, -600, 0, -575, 9, -585, 9, -590, 0, -599, 0, -427, 3, -433, 3, -445, 0, -455, 0, -437, 10, -443, 10, -452, 5, -459, 5, -464, 0, -474]
[0, -427, 4, -433, 4, -445, 2, -452, 1, -459, 6, -466, 1, -471, 2, -471, 6, -473, 0, -480, 0, -567, 8, -572, 8, -580, 7, -586, 7, -594, 0, -600, 0, -575, 9, -585, 9, -590, 0, -599, 0, -427, 3, -433, 3, -445, 0, -455, 0, -437, 10, -443, 10, -452, 5, -459, 5, -464, 0, -474]
[0, -427, 4, -433, 4, -445, 2, -452, 1, -459, 6, -466, 1, -471, 2, -471, 6, -473, 0, -480, 0, -567, 8, -572, 8, -580, 7, -586, 7, -594, 0, -600, 0, -575, 9, -585, 9, -590, 0, -599, 0, -427, 3, -433, 3, -445, 0, -455, 0, -437, 10, -443, 10, -452, 5, -459, 5, -464, 0, -474]
[0, -427, 4, -433, 3, -433, 3, -445, 4, -445, 6, -455, 1, -463, 1, -470, 6, -472, 0, -479, 0, -564, 7, -570, 9, -582, 7, -589, 9, -590, 0, -599, 0, -567, 8, -572, 8, -580, 0, -586, 0, -455, 5, -461, 5, -466, 0, -476, 0, -442, 10, -448, 10, -457, 2, -462, 2, -469, 0, -475]
[0, -427, 4, -433, 3, -433, 3, -445, 4, -445, 6, -455, 1, -463, 1, -470, 6, -472, 0, -479, 0, -564, 7, -570, 9, -582, 7, -589, 9, -590, 0, -599, 0, -567, 8, -572, 8, -580, 0, -586, 0, -455, 5, -461, 5, -466, 0, -476, 0, -442, 10, -448, 10, -457, 2, -462, 2, -469, 0, -475]
[0, -427, 4, -433, 3, -433, 3, -445, 4, -445, 6, -455, 1, -463, 1, -470, 6, -472, 0, -479, 0, -564, 7, -570, 9, -582, 7, -589, 9, -590, 0, -599, 0, -567, 8, -572, 8, -580, 0, -586, 0, -455, 5, -461, 5, -466, 0, -476, 0, -442, 10, -448, 10, -457, 2, -462, 2, -469, 0, -475]
[0, -427, 4, -433, 3, -433, 3, -445, 4, -445, 6, -455, 1, -463, 1, -470, 6, -472, 0, -479, 0, -564, 7, -570, 9, -582, 7, -589, 9, -590, 0, -599, 0, -567, 8, -572, 8, -580, 0, -586, 0, -455, 5, -461, 5, -466, 0, -476, 0, -442, 10, -448, 10, -457, 2, -462, 2, -469, 0, -475]
[0, -427, 4, -433, 3, -433, 3, -445, 4, -445, 6, -455, 1, -463, 1, -470, 6, -472, 0, -479, 0, -564, 7, -570, 9, -582, 7, -589, 9, -590, 0, -599, 0, -567, 8, -572, 8, -580, 0, -586, 0, -455, 5, -461, 5, -466, 0, -476, 0, -442, 10, -448, 10, -457, 2, -462, 2, -469, 0, -475]
[0, -427, 4, -433, 3, -433, 3, -445, 4, -445, 6, -455, 1, -463, 1, -470, 6, -472, 0, -479, 0, -564, 7, -570, 9, -582, 7, -589, 9, -590, 0, -599, 0, -567, 8, -572, 8, -580, 0, -586, 0, -455, 5, -461, 5, -466, 0, -476, 0, -442, 10, -448, 10, -457, 2, -462, 2, -469, 0, -475]
[0, -427, 4, -433, 3, -433, 3, -445, 4, -445, 6, -455, 1, -463, 1, -470, 6, -472, 0, -479, 0, -564, 7, -570, 9, -582, 7, -589, 9, -590, 0, -599, 0, -567, 8, -572, 8, -580, 0, -586, 0, -455, 5, -461, 5, -466, 0, -476, 0, -442, 10, -448, 10, -457, 2, -462, 2, -469, 0, -475]
[0, -427, 4, -433, 3, -433, 3, -445, 4, -445, 6, -455, 1, -463, 1, -470, 6, -472, 0, -479, 0, -564, 7, -570, 9, -582, 7, -589, 9, -590, 0, -599, 0, -567, 8, -572, 8, -580, 0, -586, 0, -455, 5, -461, 5, -466, 0, -476, 0, -442, 10, -448, 10, -457, 2, -462, 2, -469, 0, -475]
[0, -427, 4, -433, 3, -433, 3, -445, 4, -445, 6, -455, 1, -463, 1, -470, 6, -472, 0, -479, 0, -564, 7, -570, 9, -582, 7, -589, 9, -590, 0, -599, 0, -567, 8, -572, 8, -580, 0, -586, 0, -455, 5, -461, 5, -466, 0, -476, 0, -442, 10, -448, 10, -457, 2, -462, 2, -469, 0, -475]
[0, -427, 4, -433, 3, -433, 3, -445, 4, -445, 6, -455, 1, -463, 1, -470, 6, -472, 0, -479, 0, -564, 7, -570, 9, -582, 7, -589, 9, -590, 0, -599, 0, -567, 8, -572, 8, -580, 0, -586, 0, -455, 5, -461, 5, -466, 0, -476, 0, -442, 10, -448, 10, -457, 2, -462, 2, -469, 0, -475]
[0, -427, 4, -433, 3, -433, 3, -445, 4, -445, 6, -455, 1, -463, 1, -470, 6, -472, 0, -479, 0, -564, 7, -570, 9, -582, 7, -589, 9, -590, 0, -599, 0, -567, 8, -572, 8, -580, 0, -586, 0, -455, 5, -461, 5, -466, 0, -476, 0, -442, 10, -448, 10, -457, 2, -462, 2, -469, 0, -475]
[0, -427, 4, -433, 3, -433, 3, -445, 4, -445, 6, -455, 1, -463, 1, -470, 6, -472, 0, -479, 0, -564, 7, -570, 9, -582, 7, -589, 9, -590, 0, -599, 0, -567, 8, -572, 8, -580, 0, -586, 0, -455, 5, -461, 5, -466, 0, -476, 0, -442, 10, -448, 10, -457, 2, -462, 2, -469, 0, -475]
[0, -427, 4, -433, 3, -433, 3, -445, 4, -445, 6, -455, 1, -463, 1, -470, 6, -472, 0, -479, 0, -564, 7, -570, 9, -582, 7, -589, 9, -590, 0, -599, 0, -567, 8, -572, 8, -580, 0, -586, 0, -455, 5, -461, 5, -466, 0, -476, 0, -442, 10, -448, 10, -457, 2, -462, 2, -469, 0, -475]
[0, -427, 4, -433, 3, -433, 3, -445, 4, -445, 6, -455, 1, -463, 1, -470, 6, -472, 0, -479, 0, -564, 7, -570, 9, -582, 7, -589, 9, -590, 0, -599, 0, -567, 8, -572, 8, -580, 0, -586, 0, -455, 5, -461, 5, -466, 0, -476, 0, -442, 10, -448, 10, -457, 2, -462, 2, -469, 0, -475]
[0, -427, 4, -433, 3, -433, 3, -445, 4, -445, 6, -455, 1, -463, 1, -470, 6, -472, 0, -479, 0, -564, 7, -570, 9, -582, 7, -589, 9, -590, 0, -599, 0, -567, 8, -572, 8, -580, 0, -586, 0, -455, 5, -461, 5, -466, 0, -476, 0, -442, 10, -448, 10, -457, 2, -462, 2, -469, 0, -475]
[0, -427, 4, -433, 3, -433, 3, -445, 4, -445, 6, -455, 1, -463, 1, -470, 6, -472, 0, -479, 0, -564, 7, -570, 9, -582, 7, -589, 9, -590, 0, -599, 0, -567, 8, -572, 8, -580, 0, -586, 0, -455, 5, -461, 5, -466, 0, -476, 0, -442, 10, -448, 10, -457, 2, -462, 2, -469, 0, -475]
[0, -427, 4, -433, 3, -433, 3, -445, 4, -445, 6, -455, 1, -463, 1, -470, 6, -472, 0, -479, 0, -564, 7, -570, 9, -582, 7, -589, 9, -590, 0, -599, 0, -567, 8, -572, 8, -580, 0, -586, 0, -455, 5, -461, 5, -466, 0, -476, 0, -442, 10, -448, 10, -457, 2, -462, 2, -469, 0, -475]
[0, -427, 4, -433, 3, -433, 3, -445, 4, -445, 6, -455, 1, -463, 1, -470, 6, -472, 0, -479, 0, -564, 7, -570, 9, -582, 7, -589, 9, -590, 0, -599, 0, -567, 8, -572, 8, -580, 0, -586, 0, -455, 5, -461, 5, -466, 0, -476, 0, -442, 10, -448, 10, -457, 2, -462, 2, -469, 0, -475]
[0, -427, 4, -433, 3, -433, 3, -445, 4, -445, 6, -455, 1, -463, 1, -470, 6, -472, 0, -479, 0, -564, 7, -570, 9, -582, 7, -589, 9, -590, 0, -599, 0, -567, 8, -572, 8, -580, 0, -586, 0, -455, 5, -461, 5, -466, 0, -476, 0, -442, 10, -448, 10, -457, 2, -462, 2, -469, 0, -475]
[0, -427, 4, -433, 3, -433, 3, -445, 4, -445, 6, -455, 1, -463, 1, -470, 6, -472, 0, -479, 0, -564, 7, -570, 9, -582, 7, -589, 9, -590, 0, -599, 0, -567, 8, -572, 8, -580, 0, -586, 0, -455, 5, -461, 5, -466, 0, -476, 0, -442, 10, -448, 10, -457, 2, -462, 2, -469, 0, -475]
[0, -427, 4, -433, 3, -433, 3, -445, 4, -445, 6, -455, 1, -463, 1, -470, 6, -472, 0, -479, 0, -564, 7, -570, 9, -582, 7, -589, 9, -590, 0, -599, 0, -567, 8, -572, 8, -580, 0, -586, 0, -455, 5, -461, 5, -466, 0, -476, 0, -442, 10, -448, 10, -457, 2, -462, 2, -469, 0, -475]
[0, -427, 4, -433, 3, -433, 3, -445, 4, -445, 6, -455, 1, -463, 1, -470, 6, -472, 0, -479, 0, -564, 7, -570, 9, -582, 7, -589, 9, -590, 0, -599, 0, -567, 8, -572, 8, -580, 0, -586, 0, -455, 5, -461, 5, -466, 0, -476, 0, -442, 10, -448, 10, -457, 2, -462, 2, -469, 0, -475]
[0, -451, 2, -454, 5, -460, 6, -465, 5, -465, 1, -475, 2, -475, 1, -475, 6, -477, 0, -484, 0, -427, 10, -433, 3, -433, 3, -445, 10, -446, 0, -454, 0, -430, 4, -436, 4, -448, 0, -458, 0, -575, 7, -581, 7, -589, 0, -595, 0, -567, 8, -572, 8, -580, 9, -591, 9, -596, 0, -605]
[0, -451, 2, -454, 5, -460, 6, -465, 5, -465, 1, -475, 2, -475, 1, -475, 6, -477, 0, -484, 0, -427, 10, -433, 3, -433, 3, -445, 10, -446, 0, -454, 0, -430, 4, -436, 4, -448, 0, -458, 0, -575, 7, -581, 7, -589, 0, -595, 0, -567, 8, -572, 8, -580, 9, -591, 9, -596, 0, -605]
[0, -451, 2, -454, 5, -460, 6, -465, 5, -465, 1, -475, 2, -475, 1, -475, 6, -477, 0, -484, 0, -427, 10, -433, 3, -433, 3, -445, 10, -446, 0, -454, 0, -430, 4, -436, 4, -448, 0, -458, 0, -575, 7, -581, 7, -589, 0, -595, 0, -567, 8, -572, 8, -580, 9, -591, 9, -596, 0, -605]
[0, -451, 2, -454, 5, -460, 6, -465, 5, -465, 1, -475, 2, -475, 1, -475, 6, -477, 0, -484, 0, -427, 10, -433, 3, -433, 3, -445, 10, -446, 0, -454, 0, -430, 4, -436, 4, -448, 0, -458, 0, -575, 7, -581, 7, -589, 0, -595, 0, -567, 8, -572, 8, -580, 9, -591, 9, -596, 0, -605]
[0, -451, 2, -454, 5, -460, 6, -465, 5, -465, 1, -475, 2, -475, 1, -475, 6, -477, 0, -484, 0, -427, 10, -433, 3, -433, 3, -445, 10, -446, 0, -454, 0, -430, 4, -436, 4, -448, 0, -458, 0, -575, 7, -581, 7, -589, 0, -595, 0, -567, 8, -572, 8, -580, 9, -591, 9, -596, 0, -605]
