0	Solution - 27510	645	2925	420	0	57
1	Solution - 26266	669	2992	411	0	55
2	Solution - 26266	669	2992	411	0	55
3	Solution - 26266	669	2992	411	0	55
4	Solution - 26266	669	2992	411	0	55
5	Solution - 26266	669	2992	411	0	55
6	Solution - 26266	669	2992	411	0	55
7	Solution - 25462	684	3061	381	0	57
8	Solution - 24643	661	2986	362	0	58
9	Solution - 24643	661	2986	362	0	58
10	Solution - 24383	638	2900	379	0	55
11	Solution - 24383	638	2900	379	0	55
12	Solution - 24383	638	2900	379	0	55
13	Solution - 24383	638	2900	379	0	55
14	Solution - 24383	638	2900	379	0	55
15	Solution - 24383	638	2900	379	0	55
16	Solution - 24383	638	2900	379	0	55
17	Solution - 24383	638	2900	379	0	55
18	Solution - 21173	677	3024	312	0	56
19	Solution - 21173	677	3024	312	0	56
20	Solution - 21173	677	3024	312	0	56
21	Solution - 21173	677	3024	312	0	56
22	Solution - 21173	677	3024	312	0	56
23	Solution - 21173	677	3024	312	0	56
24	Solution - 21173	677	3024	312	0	56
25	Solution - 21173	677	3024	312	0	56
26	Solution - 21173	677	3024	312	0	56
27	Solution - 21173	677	3024	312	0	56
28	Solution - 21173	677	3024	312	0	56
29	Solution - 21173	677	3024	312	0	56
30	Solution - 21173	677	3024	312	0	56
31	Solution - 21173	677	3024	312	0	56
32	Solution - 21173	677	3024	312	0	56
33	Solution - 21173	677	3024	312	0	56
34	Solution - 21173	677	3024	312	0	56
35	Solution - 21173	677	3024	312	0	56
36	Solution - 21173	677	3024	312	0	56
37	Solution - 21173	677	3024	312	0	56
38	Solution - 21173	677	3024	312	0	56
39	Solution - 21173	677	3024	312	0	56
40	Solution - 21173	677	3024	312	0	56
41	Solution - 21173	677	3024	312	0	56
42	Solution - 21173	677	3024	312	0	56
43	Solution - 21173	677	3024	312	0	56
44	Solution - 21173	677	3024	312	0	56
45	Solution - 21173	677	3024	312	0	56
46	Solution - 21173	677	3024	312	0	56
47	Solution - 21173	677	3024	312	0	56
48	Solution - 21173	677	3024	312	0	56
49	Solution - 21173	677	3024	312	0	56
50	Solution - 21173	677	3024	312	0	56
51	Solution - 21173	677	3024	312	0	56
52	Solution - 21173	677	3024	312	0	56
53	Solution - 21173	677	3024	312	0	56
54	Solution - 21173	677	3024	312	0	56
55	Solution - 21173	677	3024	312	0	56
56	Solution - 21173	677	3024	312	0	56
57	Solution - 21173	677	3024	312	0	56
58	Solution - 21173	677	3024	312	0	56
59	Solution - 21173	677	3024	312	0	56
60	Solution - 21173	677	3024	312	0	56
61	Solution - 21173	677	3024	312	0	56
62	Solution - 21173	677	3024	312	0	56
63	Solution - 21173	677	3024	312	0	56
64	Solution - 21173	677	3024	312	0	56
65	Solution - 21173	677	3024	312	0	56
66	Solution - 21173	677	3024	312	0	56
67	Solution - 21173	677	3024	312	0	56
68	Solution - 21173	677	3024	312	0	56
69	Solution - 21173	677	3024	312	0	56
70	Solution - 21173	677	3024	312	0	56
71	Solution - 21173	677	3024	312	0	56
72	Solution - 21173	677	3024	312	0	56
73	Solution - 21173	677	3024	312	0	56
74	Solution - 21173	677	3024	312	0	56
75	Solution - 21173	677	3024	312	0	56
76	Solution - 21173	677	3024	312	0	56
77	Solution - 21173	677	3024	312	0	56
78	Solution - 21173	677	3024	312	0	56
79	Solution - 21173	677	3024	312	0	56
80	Solution - 21173	677	3024	312	0	56
81	Solution - 21173	677	3024	312	0	56
82	Solution - 21173	677	3024	312	0	56
83	Solution - 21173	677	3024	312	0	56
84	Solution - 21173	677	3024	312	0	56
85	Solution - 21173	677	3024	312	0	56
86	Solution - 21173	677	3024	312	0	56
87	Solution - 21173	677	3024	312	0	56
88	Solution - 21173	677	3024	312	0	56
89	Solution - 21173	677	3024	312	0	56
90	Solution - 21173	677	3024	312	0	56
91	Solution - 21173	677	3024	312	0	56
92	Solution - 21173	677	3024	312	0	56
93	Solution - 21173	677	3024	312	0	56
94	Solution - 21173	677	3024	312	0	56
95	Solution - 21173	677	3024	312	0	56
96	Solution - 21173	677	3024	312	0	56
97	Solution - 21173	677	3024	312	0	56
98	Solution - 21173	677	3024	312	0	56
99	Solution - 21173	677	3024	312	0	56
