30376
27874
26458
26458
26458
26458
26290
26290
26290
26290
26290
26290
26290
26290
26290
25083
25083
25083
25083
24591
24591
24591
24591
24591
24591
24591
24591
24591
23971
23616
23616
23616
23616
23616
23616
23616
23616
23616
23616
23616
23616
23616
23616
23616
23616
23616
23616
23616
23616
23616
23616
23616
23616
23616
23616
23616
23616
23616
23616
23616
23616
23616
23616
23616
23616
23616
23616
23616
23616
23616
23616
23616
23616
23616
23616
23616
23616
23616
23616
23616
23616
23616
23616
23616
23616
23616
23616
23616
23616
23616
23616
23616
23616
23616
23616
23616
23616
23616
23616
23616
