0	Solution - 28167	639	2888	448	0	55
1	Solution - 28167	639	2888	448	0	55
2	Solution - 26322	645	2885	407	0	56
3	Solution - 26322	645	2885	407	0	56
4	Solution - 26322	645	2885	407	0	56
5	Solution - 26322	645	2885	407	0	56
6	Solution - 26322	645	2885	407	0	56
7	Solution - 25896	636	2899	379	0	59
8	Solution - 25896	636	2899	379	0	59
9	Solution - 24904	655	2963	367	0	58
10	Solution - 24904	655	2963	367	0	58
11	Solution - 24904	655	2963	367	0	58
12	Solution - 24904	655	2963	367	0	58
13	Solution - 24904	655	2963	367	0	58
14	Solution - 22915	651	2941	339	0	57
15	Solution - 22915	651	2941	339	0	57
16	Solution - 22915	651	2941	339	0	57
17	Solution - 22915	651	2941	339	0	57
18	Solution - 22915	651	2941	339	0	57
19	Solution - 22915	651	2941	339	0	57
20	Solution - 22915	651	2941	339	0	57
21	Solution - 22915	651	2941	339	0	57
22	Solution - 22915	651	2941	339	0	57
23	Solution - 22915	651	2941	339	0	57
24	Solution - 22915	651	2941	339	0	57
25	Solution - 22915	651	2941	339	0	57
26	Solution - 22915	651	2941	339	0	57
27	Solution - 22915	651	2941	339	0	57
28	Solution - 22915	651	2941	339	0	57
29	Solution - 22915	651	2941	339	0	57
30	Solution - 22915	651	2941	339	0	57
31	Solution - 22915	651	2941	339	0	57
32	Solution - 22915	651	2941	339	0	57
33	Solution - 22915	651	2941	339	0	57
34	Solution - 22915	651	2941	339	0	57
35	Solution - 22915	651	2941	339	0	57
36	Solution - 22915	651	2941	339	0	57
37	Solution - 22915	651	2941	339	0	57
38	Solution - 22915	651	2941	339	0	57
39	Solution - 22915	651	2941	339	0	57
40	Solution - 22915	651	2941	339	0	57
41	Solution - 22915	651	2941	339	0	57
42	Solution - 22915	651	2941	339	0	57
43	Solution - 22915	651	2941	339	0	57
44	Solution - 22915	651	2941	339	0	57
45	Solution - 22915	651	2941	339	0	57
46	Solution - 22915	651	2941	339	0	57
47	Solution - 22915	651	2941	339	0	57
48	Solution - 22915	651	2941	339	0	57
49	Solution - 22915	651	2941	339	0	57
50	Solution - 22915	651	2941	339	0	57
51	Solution - 22915	651	2941	339	0	57
52	Solution - 22915	651	2941	339	0	57
53	Solution - 22915	651	2941	339	0	57
54	Solution - 22915	651	2941	339	0	57
55	Solution - 22915	651	2941	339	0	57
56	Solution - 22915	651	2941	339	0	57
57	Solution - 22915	651	2941	339	0	57
58	Solution - 22915	651	2941	339	0	57
59	Solution - 22915	651	2941	339	0	57
60	Solution - 22915	651	2941	339	0	57
61	Solution - 22915	651	2941	339	0	57
62	Solution - 22915	651	2941	339	0	57
63	Solution - 22915	651	2941	339	0	57
64	Solution - 22915	651	2941	339	0	57
65	Solution - 22096	660	2956	330	0	56
66	Solution - 22096	660	2956	330	0	56
67	Solution - 22096	660	2956	330	0	56
68	Solution - 22096	660	2956	330	0	56
69	Solution - 22096	660	2956	330	0	56
70	Solution - 22096	660	2956	330	0	56
71	Solution - 22096	660	2956	330	0	56
72	Solution - 22096	660	2956	330	0	56
73	Solution - 22096	660	2956	330	0	56
74	Solution - 22096	660	2956	330	0	56
75	Solution - 22096	660	2956	330	0	56
76	Solution - 22096	660	2956	330	0	56
77	Solution - 22096	660	2956	330	0	56
78	Solution - 22096	660	2956	330	0	56
79	Solution - 22096	660	2956	330	0	56
80	Solution - 22096	660	2956	330	0	56
81	Solution - 22096	660	2956	330	0	56
82	Solution - 22096	660	2956	330	0	56
83	Solution - 22096	660	2956	330	0	56
84	Solution - 22096	660	2956	330	0	56
85	Solution - 22096	660	2956	330	0	56
86	Solution - 22096	660	2956	330	0	56
87	Solution - 22096	660	2956	330	0	56
88	Solution - 22096	660	2956	330	0	56
89	Solution - 22096	660	2956	330	0	56
90	Solution - 22096	660	2956	330	0	56
91	Solution - 22096	660	2956	330	0	56
92	Solution - 22096	660	2956	330	0	56
93	Solution - 22096	660	2956	330	0	56
94	Solution - 22096	660	2956	330	0	56
95	Solution - 22096	660	2956	330	0	56
96	Solution - 22096	660	2956	330	0	56
97	Solution - 22096	660	2956	330	0	56
98	Solution - 22096	660	2956	330	0	56
99	Solution - 22096	660	2956	330	0	56
