0	Solution - 31164	665	3005	466	0	59
1	Solution - 26201	659	2974	403	0	56
2	Solution - 26201	659	2974	403	0	56
3	Solution - 26201	659	2974	403	0	56
4	Solution - 26201	659	2974	403	0	56
5	Solution - 26201	659	2974	403	0	56
6	Solution - 26201	659	2974	403	0	56
7	Solution - 26089	657	2974	394	0	57
8	Solution - 25917	664	2981	384	0	58
9	Solution - 25917	664	2981	384	0	58
10	Solution - 23584	644	2933	351	0	57
11	Solution - 23584	644	2933	351	0	57
12	Solution - 23584	644	2933	351	0	57
13	Solution - 23584	644	2933	351	0	57
14	Solution - 23584	644	2933	351	0	57
15	Solution - 23584	644	2933	351	0	57
16	Solution - 23584	644	2933	351	0	57
17	Solution - 23584	644	2933	351	0	57
18	Solution - 23584	644	2933	351	0	57
19	Solution - 23584	644	2933	351	0	57
20	Solution - 23584	644	2933	351	0	57
21	Solution - 23584	644	2933	351	0	57
22	Solution - 23584	644	2933	351	0	57
23	Solution - 23584	644	2933	351	0	57
24	Solution - 23584	644	2933	351	0	57
25	Solution - 23584	644	2933	351	0	57
26	Solution - 23584	644	2933	351	0	57
27	Solution - 23584	644	2933	351	0	57
28	Solution - 22508	630	2854	328	0	58
29	Solution - 22508	630	2854	328	0	58
30	Solution - 22508	630	2854	328	0	58
31	Solution - 22508	630	2854	328	0	58
32	Solution - 22508	630	2854	328	0	58
33	Solution - 22508	630	2854	328	0	58
34	Solution - 22508	630	2854	328	0	58
35	Solution - 22508	630	2854	328	0	58
36	Solution - 22508	630	2854	328	0	58
37	Solution - 22508	630	2854	328	0	58
38	Solution - 22508	630	2854	328	0	58
39	Solution - 22508	630	2854	328	0	58
40	Solution - 22508	630	2854	328	0	58
41	Solution - 22508	630	2854	328	0	58
42	Solution - 22508	630	2854	328	0	58
43	Solution - 22508	630	2854	328	0	58
44	Solution - 22508	630	2854	328	0	58
45	Solution - 22508	630	2854	328	0	58
46	Solution - 22508	630	2854	328	0	58
47	Solution - 22508	630	2854	328	0	58
48	Solution - 22508	630	2854	328	0	58
49	Solution - 22508	630	2854	328	0	58
50	Solution - 22508	630	2854	328	0	58
51	Solution - 22508	630	2854	328	0	58
52	Solution - 22508	630	2854	328	0	58
53	Solution - 22508	630	2854	328	0	58
54	Solution - 22508	630	2854	328	0	58
55	Solution - 22508	630	2854	328	0	58
56	Solution - 22508	630	2854	328	0	58
57	Solution - 22508	630	2854	328	0	58
58	Solution - 22508	630	2854	328	0	58
59	Solution - 22508	630	2854	328	0	58
60	Solution - 22508	630	2854	328	0	58
61	Solution - 22508	630	2854	328	0	58
62	Solution - 22508	630	2854	328	0	58
63	Solution - 22508	630	2854	328	0	58
64	Solution - 22508	630	2854	328	0	58
65	Solution - 22508	630	2854	328	0	58
66	Solution - 22508	630	2854	328	0	58
67	Solution - 22508	630	2854	328	0	58
68	Solution - 22508	630	2854	328	0	58
69	Solution - 22508	630	2854	328	0	58
70	Solution - 22508	630	2854	328	0	58
71	Solution - 22508	630	2854	328	0	58
72	Solution - 22508	630	2854	328	0	58
73	Solution - 22508	630	2854	328	0	58
74	Solution - 22508	630	2854	328	0	58
75	Solution - 22508	630	2854	328	0	58
76	Solution - 22508	630	2854	328	0	58
77	Solution - 22508	630	2854	328	0	58
78	Solution - 22508	630	2854	328	0	58
79	Solution - 22508	630	2854	328	0	58
80	Solution - 22508	630	2854	328	0	58
81	Solution - 22508	630	2854	328	0	58
82	Solution - 22508	630	2854	328	0	58
83	Solution - 22508	630	2854	328	0	58
84	Solution - 22508	630	2854	328	0	58
85	Solution - 22508	630	2854	328	0	58
86	Solution - 22508	630	2854	328	0	58
87	Solution - 22508	630	2854	328	0	58
88	Solution - 22508	630	2854	328	0	58
89	Solution - 22508	630	2854	328	0	58
90	Solution - 22508	630	2854	328	0	58
91	Solution - 22508	630	2854	328	0	58
92	Solution - 22508	630	2854	328	0	58
93	Solution - 22508	630	2854	328	0	58
94	Solution - 22508	630	2854	328	0	58
95	Solution - 22508	630	2854	328	0	58
96	Solution - 22508	630	2854	328	0	58
97	Solution - 22425	660	2955	342	0	55
98	Solution - 22425	660	2955	342	0	55
99	Solution - 22425	660	2955	342	0	55
