0	Solution - 26950	677	3015	401	0	58
1	Solution - 26950	677	3015	401	0	58
2	Solution - 26950	677	3015	401	0	58
3	Solution - 26950	677	3015	401	0	58
4	Solution - 26612	660	3002	425	0	54
5	Solution - 26612	660	3002	425	0	54
6	Solution - 26445	683	3026	406	0	56
7	Solution - 26445	683	3026	406	0	56
8	Solution - 26445	683	3026	406	0	56
9	Solution - 26445	683	3026	406	0	56
10	Solution - 26445	683	3026	406	0	56
11	Solution - 26194	650	2924	390	0	58
12	Solution - 24135	670	3002	359	0	57
13	Solution - 24135	670	3002	359	0	57
14	Solution - 24135	670	3002	359	0	57
15	Solution - 24135	670	3002	359	0	57
16	Solution - 24135	670	3002	359	0	57
17	Solution - 24135	670	3002	359	0	57
18	Solution - 24135	670	3002	359	0	57
19	Solution - 24135	670	3002	359	0	57
20	Solution - 24135	670	3002	359	0	57
21	Solution - 24135	670	3002	359	0	57
22	Solution - 24135	670	3002	359	0	57
23	Solution - 24135	670	3002	359	0	57
24	Solution - 24135	670	3002	359	0	57
25	Solution - 24135	670	3002	359	0	57
26	Solution - 24135	670	3002	359	0	57
27	Solution - 24135	670	3002	359	0	57
28	Solution - 24135	670	3002	359	0	57
29	Solution - 24135	670	3002	359	0	57
30	Solution - 24135	670	3002	359	0	57
31	Solution - 24135	670	3002	359	0	57
32	Solution - 24135	670	3002	359	0	57
33	Solution - 24135	670	3002	359	0	57
34	Solution - 24135	670	3002	359	0	57
35	Solution - 24135	670	3002	359	0	57
36	Solution - 24135	670	3002	359	0	57
37	Solution - 24135	670	3002	359	0	57
38	Solution - 24135	670	3002	359	0	57
39	Solution - 24135	670	3002	359	0	57
40	Solution - 24135	670	3002	359	0	57
41	Solution - 24135	670	3002	359	0	57
42	Solution - 22542	661	2957	332	0	57
43	Solution - 22542	661	2957	332	0	57
44	Solution - 20896	666	3016	302	1	57
45	Solution - 20896	666	3016	302	1	57
46	Solution - 20896	666	3016	302	1	57
47	Solution - 20896	666	3016	302	1	57
48	Solution - 20896	666	3016	302	1	57
49	Solution - 20896	666	3016	302	1	57
50	Solution - 20896	666	3016	302	1	57
51	Solution - 20896	666	3016	302	1	57
52	Solution - 20896	666	3016	302	1	57
53	Solution - 20896	666	3016	302	1	57
54	Solution - 20896	666	3016	302	1	57
55	Solution - 20896	666	3016	302	1	57
56	Solution - 20896	666	3016	302	1	57
57	Solution - 20896	666	3016	302	1	57
58	Solution - 20896	666	3016	302	1	57
59	Solution - 20896	666	3016	302	1	57
60	Solution - 20896	666	3016	302	1	57
61	Solution - 20896	666	3016	302	1	57
62	Solution - 20896	666	3016	302	1	57
63	Solution - 20896	666	3016	302	1	57
64	Solution - 20896	666	3016	302	1	57
65	Solution - 20896	666	3016	302	1	57
66	Solution - 20896	666	3016	302	1	57
67	Solution - 20896	666	3016	302	1	57
68	Solution - 20896	666	3016	302	1	57
69	Solution - 20896	666	3016	302	1	57
70	Solution - 20896	666	3016	302	1	57
71	Solution - 20896	666	3016	302	1	57
72	Solution - 20896	666	3016	302	1	57
73	Solution - 20896	666	3016	302	1	57
74	Solution - 20896	666	3016	302	1	57
75	Solution - 20896	666	3016	302	1	57
76	Solution - 20896	666	3016	302	1	57
77	Solution - 20896	666	3016	302	1	57
78	Solution - 20896	666	3016	302	1	57
79	Solution - 20896	666	3016	302	1	57
80	Solution - 20896	666	3016	302	1	57
81	Solution - 20896	666	3016	302	1	57
82	Solution - 20896	666	3016	302	1	57
83	Solution - 20896	666	3016	302	1	57
84	Solution - 20896	666	3016	302	1	57
85	Solution - 20896	666	3016	302	1	57
86	Solution - 20896	666	3016	302	1	57
87	Solution - 20896	666	3016	302	1	57
88	Solution - 20896	666	3016	302	1	57
89	Solution - 20896	666	3016	302	1	57
90	Solution - 20896	666	3016	302	1	57
91	Solution - 20896	666	3016	302	1	57
92	Solution - 20896	666	3016	302	1	57
93	Solution - 20896	666	3016	302	1	57
94	Solution - 20896	666	3016	302	1	57
95	Solution - 20896	666	3016	302	1	57
96	Solution - 20896	666	3016	302	1	57
97	Solution - 20896	666	3016	302	1	57
98	Solution - 20896	666	3016	302	1	57
99	Solution - 20896	666	3016	302	1	57
