0	Solution - 30162	663	2979	442	0	60
1	Solution - 26464	673	3021	414	0	55
2	Solution - 26464	673	3021	414	0	55
3	Solution - 26464	673	3021	414	0	55
4	Solution - 24685	639	2878	378	0	56
5	Solution - 24685	639	2878	378	0	56
6	Solution - 24685	639	2878	378	0	56
7	Solution - 24685	639	2878	378	0	56
8	Solution - 24685	639	2878	378	0	56
9	Solution - 24685	639	2878	378	0	56
10	Solution - 24520	659	2981	360	0	58
11	Solution - 24520	659	2981	360	0	58
12	Solution - 22864	667	3002	349	0	55
13	Solution - 22864	667	3002	349	0	55
14	Solution - 22864	667	3002	349	0	55
15	Solution - 22864	667	3002	349	0	55
16	Solution - 22864	667	3002	349	0	55
17	Solution - 22864	667	3002	349	0	55
18	Solution - 22864	667	3002	349	0	55
19	Solution - 22864	667	3002	349	0	55
20	Solution - 22864	667	3002	349	0	55
21	Solution - 22864	667	3002	349	0	55
22	Solution - 22864	667	3002	349	0	55
23	Solution - 22864	667	3002	349	0	55
24	Solution - 22864	667	3002	349	0	55
25	Solution - 22864	667	3002	349	0	55
26	Solution - 22864	667	3002	349	0	55
27	Solution - 22864	667	3002	349	0	55
28	Solution - 22864	667	3002	349	0	55
29	Solution - 22864	667	3002	349	0	55
30	Solution - 22864	667	3002	349	0	55
31	Solution - 22864	667	3002	349	0	55
32	Solution - 22864	667	3002	349	0	55
33	Solution - 22864	667	3002	349	0	55
34	Solution - 22864	667	3002	349	0	55
35	Solution - 22864	667	3002	349	0	55
36	Solution - 22864	667	3002	349	0	55
37	Solution - 22864	667	3002	349	0	55
38	Solution - 22864	667	3002	349	0	55
39	Solution - 22864	667	3002	349	0	55
40	Solution - 22864	667	3002	349	0	55
41	Solution - 22864	667	3002	349	0	55
42	Solution - 22864	667	3002	349	0	55
43	Solution - 22864	667	3002	349	0	55
44	Solution - 22864	667	3002	349	0	55
45	Solution - 22864	667	3002	349	0	55
46	Solution - 22864	667	3002	349	0	55
47	Solution - 22864	667	3002	349	0	55
48	Solution - 22864	667	3002	349	0	55
49	Solution - 22864	667	3002	349	0	55
50	Solution - 22864	667	3002	349	0	55
51	Solution - 22864	667	3002	349	0	55
52	Solution - 22864	667	3002	349	0	55
53	Solution - 22864	667	3002	349	0	55
54	Solution - 22864	667	3002	349	0	55
55	Solution - 22864	667	3002	349	0	55
56	Solution - 22864	667	3002	349	0	55
57	Solution - 22864	667	3002	349	0	55
58	Solution - 22864	667	3002	349	0	55
59	Solution - 22864	667	3002	349	0	55
60	Solution - 22864	667	3002	349	0	55
61	Solution - 22864	667	3002	349	0	55
62	Solution - 22864	667	3002	349	0	55
63	Solution - 22864	667	3002	349	0	55
64	Solution - 22864	667	3002	349	0	55
65	Solution - 22864	667	3002	349	0	55
66	Solution - 22864	667	3002	349	0	55
67	Solution - 22864	667	3002	349	0	55
68	Solution - 22864	667	3002	349	0	55
69	Solution - 22864	667	3002	349	0	55
70	Solution - 22864	667	3002	349	0	55
71	Solution - 22864	667	3002	349	0	55
72	Solution - 22864	667	3002	349	0	55
73	Solution - 22864	667	3002	349	0	55
74	Solution - 22864	667	3002	349	0	55
75	Solution - 22864	667	3002	349	0	55
76	Solution - 22864	667	3002	349	0	55
77	Solution - 22864	667	3002	349	0	55
78	Solution - 22864	667	3002	349	0	55
79	Solution - 22864	667	3002	349	0	55
80	Solution - 22864	667	3002	349	0	55
81	Solution - 22864	667	3002	349	0	55
82	Solution - 22864	667	3002	349	0	55
83	Solution - 22864	667	3002	349	0	55
84	Solution - 22864	667	3002	349	0	55
85	Solution - 22864	667	3002	349	0	55
86	Solution - 22864	667	3002	349	0	55
87	Solution - 22864	667	3002	349	0	55
88	Solution - 22864	667	3002	349	0	55
89	Solution - 22864	667	3002	349	0	55
90	Solution - 22864	667	3002	349	0	55
91	Solution - 22864	667	3002	349	0	55
92	Solution - 22864	667	3002	349	0	55
93	Solution - 22864	667	3002	349	0	55
94	Solution - 22864	667	3002	349	0	55
95	Solution - 22864	667	3002	349	0	55
96	Solution - 22864	667	3002	349	0	55
97	Solution - 22864	667	3002	349	0	55
98	Solution - 22864	667	3002	349	0	55
99	Solution - 22864	667	3002	349	0	55
