27060
27060
27060
27060
26946
26946
25117
25117
25117
25117
25117
25117
25117
25117
25117
25117
25117
25117
25117
25117
25117
25117
25117
25117
23591
23591
23591
23591
23591
23591
23591
23591
23591
23591
23591
23591
23591
23591
23591
23591
23591
23591
23591
22379
22379
22379
22379
22379
22379
22379
22379
22379
22379
22379
22379
22379
22379
22379
22379
22379
22379
22379
22379
22379
22379
22379
22379
22379
22379
22379
22379
22379
22379
22379
22379
22379
22379
22379
22379
22379
22379
22379
22379
22379
22379
22379
22379
22379
22379
22379
22379
22379
22379
22379
22379
22379
22379
22379
22379
22379
