23870
23870
23870
23870
23870
23870
23870
23870
23870
23870
23870
23870
23870
23870
23870
23870
23870
23870
23870
23870
23772
23772
23772
23772
23772
23772
23772
23709
23709
23709
23709
23709
23709
23709
22139
22139
22139
22139
22139
22139
22139
22139
22139
22139
22139
22139
22139
22139
22139
22139
22139
22139
22139
22139
22139
22139
22139
22139
22139
22139
22139
22139
22139
22139
22139
22139
22139
22139
22139
22139
22139
22139
22139
22139
22139
22139
22139
22139
22139
22139
22139
22139
22139
22139
22139
22139
22139
22139
22139
22139
22139
22139
22139
22139
22139
22139
22139
22139
22139
22139
