23780
23780
23780
23780
23780
23780
23780
23534
23534
23534
23534
23534
23534
23534
23534
23534
23534
23534
23534
23534
23534
23534
23534
23534
23534
23534
23534
23534
23293
23293
23293
23293
23293
23293
23293
23293
23293
23293
23293
23293
23293
23293
23293
23293
23293
23293
23293
23293
23293
23293
23293
23293
23293
23293
23293
23293
23293
23293
23293
23293
23293
23293
23293
23293
23293
23293
23293
23293
23293
23293
23293
23293
23293
23293
23293
23293
23293
23293
23293
23293
22842
22842
22842
22842
22842
22842
22842
22842
22842
22842
22842
22842
22842
22842
22842
22842
22091
22091
22091
22091
