29733
29733
28233
28233
24605
24605
24605
24605
24605
24605
24605
24605
24605
24605
24605
24605
24605
23285
23285
23285
23285
23285
23285
23285
23285
23285
23285
23285
23285
23285
23285
23285
23285
23285
23285
23285
23285
23285
23285
22575
22575
22575
22575
22575
22575
22575
22575
22575
22575
22575
22575
22575
22575
22575
22575
22575
22575
22575
22575
22575
22575
22575
22575
22575
22575
22575
22575
22575
22575
22575
22575
22575
22575
22575
22575
22575
22575
22575
22575
22575
22575
22575
22575
22575
22575
22575
22575
22575
22575
22575
22575
22575
22575
22575
22575
22575
22575
22575
22575
22575
