0	Solution - 29467	649	2940	454	0	57
1	Solution - 24220	681	3066	347	0	59
2	Solution - 24220	681	3066	347	0	59
3	Solution - 24220	681	3066	347	0	59
4	Solution - 24220	681	3066	347	0	59
5	Solution - 24220	681	3066	347	0	59
6	Solution - 24220	681	3066	347	0	59
7	Solution - 24220	681	3066	347	0	59
8	Solution - 24220	681	3066	347	0	59
9	Solution - 24220	681	3066	347	0	59
10	Solution - 24220	681	3066	347	0	59
11	Solution - 24220	681	3066	347	0	59
12	Solution - 24220	681	3066	347	0	59
13	Solution - 24220	681	3066	347	0	59
14	Solution - 24220	681	3066	347	0	59
15	Solution - 24220	681	3066	347	0	59
16	Solution - 24220	681	3066	347	0	59
17	Solution - 24220	681	3066	347	0	59
18	Solution - 24220	681	3066	347	0	59
19	Solution - 24220	681	3066	347	0	59
20	Solution - 24220	681	3066	347	0	59
21	Solution - 24220	681	3066	347	0	59
22	Solution - 24220	681	3066	347	0	59
23	Solution - 24220	681	3066	347	0	59
24	Solution - 24220	681	3066	347	0	59
25	Solution - 24220	681	3066	347	0	59
26	Solution - 24220	681	3066	347	0	59
27	Solution - 24220	681	3066	347	0	59
28	Solution - 24220	681	3066	347	0	59
29	Solution - 24220	681	3066	347	0	59
30	Solution - 24220	681	3066	347	0	59
31	Solution - 24220	681	3066	347	0	59
32	Solution - 24220	681	3066	347	0	59
33	Solution - 24220	681	3066	347	0	59
34	Solution - 24220	681	3066	347	0	59
35	Solution - 24220	681	3066	347	0	59
36	Solution - 24220	681	3066	347	0	59
37	Solution - 24220	681	3066	347	0	59
38	Solution - 24220	681	3066	347	0	59
39	Solution - 24220	681	3066	347	0	59
40	Solution - 24220	681	3066	347	0	59
41	Solution - 24220	681	3066	347	0	59
42	Solution - 24220	681	3066	347	0	59
43	Solution - 24220	681	3066	347	0	59
44	Solution - 24220	681	3066	347	0	59
45	Solution - 24220	681	3066	347	0	59
46	Solution - 24220	681	3066	347	0	59
47	Solution - 24220	681	3066	347	0	59
48	Solution - 24220	681	3066	347	0	59
49	Solution - 24220	681	3066	347	0	59
50	Solution - 24220	681	3066	347	0	59
51	Solution - 24220	681	3066	347	0	59
52	Solution - 24220	681	3066	347	0	59
53	Solution - 24220	681	3066	347	0	59
54	Solution - 24220	681	3066	347	0	59
55	Solution - 24220	681	3066	347	0	59
56	Solution - 24220	681	3066	347	0	59
57	Solution - 24220	681	3066	347	0	59
58	Solution - 24220	681	3066	347	0	59
59	Solution - 24220	681	3066	347	0	59
60	Solution - 24220	681	3066	347	0	59
61	Solution - 24220	681	3066	347	0	59
62	Solution - 24220	681	3066	347	0	59
63	Solution - 23341	664	2955	346	0	57
64	Solution - 23341	664	2955	346	0	57
65	Solution - 23341	664	2955	346	0	57
66	Solution - 23341	664	2955	346	0	57
67	Solution - 23341	664	2955	346	0	57
68	Solution - 23341	664	2955	346	0	57
69	Solution - 23341	664	2955	346	0	57
70	Solution - 23341	664	2955	346	0	57
71	Solution - 23341	664	2955	346	0	57
72	Solution - 23341	664	2955	346	0	57
73	Solution - 23341	664	2955	346	0	57
74	Solution - 23341	664	2955	346	0	57
75	Solution - 23341	664	2955	346	0	57
76	Solution - 23341	664	2955	346	0	57
77	Solution - 23341	664	2955	346	0	57
78	Solution - 23341	664	2955	346	0	57
79	Solution - 23341	664	2955	346	0	57
80	Solution - 23341	664	2955	346	0	57
81	Solution - 23341	664	2955	346	0	57
82	Solution - 23341	664	2955	346	0	57
83	Solution - 23341	664	2955	346	0	57
84	Solution - 23341	664	2955	346	0	57
85	Solution - 23341	664	2955	346	0	57
86	Solution - 23341	664	2955	346	0	57
87	Solution - 23341	664	2955	346	0	57
88	Solution - 23341	664	2955	346	0	57
89	Solution - 23341	664	2955	346	0	57
90	Solution - 23341	664	2955	346	0	57
91	Solution - 23341	664	2955	346	0	57
92	Solution - 23341	664	2955	346	0	57
93	Solution - 23341	664	2955	346	0	57
94	Solution - 23341	664	2955	346	0	57
95	Solution - 23341	664	2955	346	0	57
96	Solution - 23341	664	2955	346	0	57
97	Solution - 23341	664	2955	346	0	57
98	Solution - 23341	664	2955	346	0	57
99	Solution - 23341	664	2955	346	0	57
