26196
25476
25476
25476
25476
25476
25476
25476
25476
25476
25476
25476
25476
25476
25476
25476
25476
23762
23762
23762
23762
23762
23762
23762
23762
23762
23762
23762
23762
23762
23762
23762
23762
23350
23350
23350
23350
23350
23350
23350
23350
23350
23350
23350
23350
23350
23350
23350
23350
23350
23350
23350
23350
23350
23350
23350
23350
23350
23350
23350
23350
23350
23350
23350
23350
23350
23350
23350
23350
23350
23350
23350
23350
23350
23350
23350
23350
23350
23350
23350
23350
23350
23350
22875
22875
22875
22875
22875
22875
22875
22875
22875
22875
22875
22875
22875
22875
22875
22875
22875
