26226
25745
25745
25745
25745
25356
25356
25356
25052
25052
25052
25052
23762
23762
23530
23530
23530
23530
23530
23530
23530
23530
23530
23530
22799
22799
22799
22799
22799
22799
22799
22799
22799
22799
22799
22799
22799
22799
22799
22799
22799
22799
22799
22799
22799
22799
22799
22799
22799
22799
22799
22799
22799
22799
22799
22799
22799
22799
22799
22799
22799
22799
22799
22799
22799
22799
22799
22799
22799
22799
22799
22799
22799
22799
22799
22799
22799
22799
22799
22799
22799
22799
22799
22799
22799
22799
22799
22799
22799
22799
22799
22799
22799
22799
22799
22799
22799
22799
22799
22799
