0	Solution - 29594	681	3035	454	0	57
1	Solution - 26783	671	3027	405	0	57
2	Solution - 24944	636	2860	383	0	56
3	Solution - 24944	636	2860	383	0	56
4	Solution - 24944	636	2860	383	0	56
5	Solution - 24944	636	2860	383	0	56
6	Solution - 24944	636	2860	383	0	56
7	Solution - 24944	636	2860	383	0	56
8	Solution - 24944	636	2860	383	0	56
9	Solution - 24944	636	2860	383	0	56
10	Solution - 24056	634	2870	367	0	56
11	Solution - 24056	634	2870	367	0	56
12	Solution - 24056	634	2870	367	0	56
13	Solution - 24056	634	2870	367	0	56
14	Solution - 24056	634	2870	367	0	56
15	Solution - 24056	634	2870	367	0	56
16	Solution - 24056	634	2870	367	0	56
17	Solution - 24056	634	2870	367	0	56
18	Solution - 24056	634	2870	367	0	56
19	Solution - 24056	634	2870	367	0	56
20	Solution - 24056	634	2870	367	0	56
21	Solution - 24056	634	2870	367	0	56
22	Solution - 24056	634	2870	367	0	56
23	Solution - 24056	634	2870	367	0	56
24	Solution - 24056	634	2870	367	0	56
25	Solution - 24056	634	2870	367	0	56
26	Solution - 24056	634	2870	367	0	56
27	Solution - 24056	634	2870	367	0	56
28	Solution - 24056	634	2870	367	0	56
29	Solution - 23181	663	2974	349	0	56
30	Solution - 23181	663	2974	349	0	56
31	Solution - 23181	663	2974	349	0	56
32	Solution - 23181	663	2974	349	0	56
33	Solution - 23181	663	2974	349	0	56
34	Solution - 23181	663	2974	349	0	56
35	Solution - 23181	663	2974	349	0	56
36	Solution - 23181	663	2974	349	0	56
37	Solution - 23181	663	2974	349	0	56
38	Solution - 23181	663	2974	349	0	56
39	Solution - 23181	663	2974	349	0	56
40	Solution - 23181	663	2974	349	0	56
41	Solution - 23181	663	2974	349	0	56
42	Solution - 23181	663	2974	349	0	56
43	Solution - 23181	663	2974	349	0	56
44	Solution - 23181	663	2974	349	0	56
45	Solution - 23181	663	2974	349	0	56
46	Solution - 23181	663	2974	349	0	56
47	Solution - 23181	663	2974	349	0	56
48	Solution - 23181	663	2974	349	0	56
49	Solution - 23181	663	2974	349	0	56
50	Solution - 23181	663	2974	349	0	56
51	Solution - 23181	663	2974	349	0	56
52	Solution - 23181	663	2974	349	0	56
53	Solution - 23181	663	2974	349	0	56
54	Solution - 23181	663	2974	349	0	56
55	Solution - 23181	663	2974	349	0	56
56	Solution - 23181	663	2974	349	0	56
57	Solution - 23181	663	2974	349	0	56
58	Solution - 23181	663	2974	349	0	56
59	Solution - 23181	663	2974	349	0	56
60	Solution - 23181	663	2974	349	0	56
61	Solution - 23181	663	2974	349	0	56
62	Solution - 23181	663	2974	349	0	56
63	Solution - 23181	663	2974	349	0	56
64	Solution - 23181	663	2974	349	0	56
65	Solution - 23181	663	2974	349	0	56
66	Solution - 23181	663	2974	349	0	56
67	Solution - 23181	663	2974	349	0	56
68	Solution - 23181	663	2974	349	0	56
69	Solution - 23181	663	2974	349	0	56
70	Solution - 23181	663	2974	349	0	56
71	Solution - 23181	663	2974	349	0	56
72	Solution - 23181	663	2974	349	0	56
73	Solution - 23181	663	2974	349	0	56
74	Solution - 23181	663	2974	349	0	56
75	Solution - 23181	663	2974	349	0	56
76	Solution - 23181	663	2974	349	0	56
77	Solution - 23181	663	2974	349	0	56
78	Solution - 23181	663	2974	349	0	56
79	Solution - 23181	663	2974	349	0	56
80	Solution - 23181	663	2974	349	0	56
81	Solution - 23181	663	2974	349	0	56
82	Solution - 23181	663	2974	349	0	56
83	Solution - 23181	663	2974	349	0	56
84	Solution - 22962	643	2904	353	0	55
85	Solution - 22962	643	2904	353	0	55
86	Solution - 22962	643	2904	353	0	55
87	Solution - 22962	643	2904	353	0	55
88	Solution - 22962	643	2904	353	0	55
89	Solution - 22962	643	2904	353	0	55
90	Solution - 22962	643	2904	353	0	55
91	Solution - 22962	643	2904	353	0	55
92	Solution - 22962	643	2904	353	0	55
93	Solution - 22962	643	2904	353	0	55
94	Solution - 22962	643	2904	353	0	55
95	Solution - 22962	643	2904	353	0	55
96	Solution - 22962	643	2904	353	0	55
97	Solution - 22962	643	2904	353	0	55
98	Solution - 22962	643	2904	353	0	55
99	Solution - 22962	643	2904	353	0	55
