30162
26464
26464
26464
24685
24685
24685
24685
24685
24685
24520
24520
22864
22864
22864
22864
22864
22864
22864
22864
22864
22864
22864
22864
22864
22864
22864
22864
22864
22864
22864
22864
22864
22864
22864
22864
22864
22864
22864
22864
22864
22864
22864
22864
22864
22864
22864
22864
22864
22864
22864
22864
22864
22864
22864
22864
22864
22864
22864
22864
22864
22864
22864
22864
22864
22864
22864
22864
22864
22864
22864
22864
22864
22864
22864
22864
22864
22864
22864
22864
22864
22864
22864
22864
22864
22864
22864
22864
22864
22864
22864
22864
22864
22864
22864
22864
22864
22864
22864
22864
