0	Solution - 26185	663	3010	402	0	56
1	Solution - 26185	663	3010	402	0	56
2	Solution - 26185	663	3010	402	0	56
3	Solution - 26185	663	3010	402	0	56
4	Solution - 26185	663	3010	402	0	56
5	Solution - 26185	663	3010	402	0	56
6	Solution - 26185	663	3010	402	0	56
7	Solution - 26185	663	3010	402	0	56
8	Solution - 26185	663	3010	402	0	56
9	Solution - 26015	665	3006	392	0	57
10	Solution - 26015	665	3006	392	0	57
11	Solution - 26015	665	3006	392	0	57
12	Solution - 26015	665	3006	392	0	57
13	Solution - 26015	665	3006	392	0	57
14	Solution - 26015	665	3006	392	0	57
15	Solution - 26015	665	3006	392	0	57
16	Solution - 26015	665	3006	392	0	57
17	Solution - 26015	665	3006	392	0	57
18	Solution - 26015	665	3006	392	0	57
19	Solution - 26015	665	3006	392	0	57
20	Solution - 26015	665	3006	392	0	57
21	Solution - 26015	665	3006	392	0	57
22	Solution - 26015	665	3006	392	0	57
23	Solution - 23990	657	2949	364	0	56
24	Solution - 23990	657	2949	364	0	56
25	Solution - 23990	657	2949	364	0	56
26	Solution - 23990	657	2949	364	0	56
27	Solution - 23990	657	2949	364	0	56
28	Solution - 23990	657	2949	364	0	56
29	Solution - 23990	657	2949	364	0	56
30	Solution - 23408	657	2972	347	0	57
31	Solution - 23408	657	2972	347	0	57
32	Solution - 23408	657	2972	347	0	57
33	Solution - 23408	657	2972	347	0	57
34	Solution - 23408	657	2972	347	0	57
35	Solution - 23408	657	2972	347	0	57
36	Solution - 23408	657	2972	347	0	57
37	Solution - 23408	657	2972	347	0	57
38	Solution - 23408	657	2972	347	0	57
39	Solution - 23408	657	2972	347	0	57
40	Solution - 23408	657	2972	347	0	57
41	Solution - 23408	657	2972	347	0	57
42	Solution - 23408	657	2972	347	0	57
43	Solution - 23408	657	2972	347	0	57
44	Solution - 23408	657	2972	347	0	57
45	Solution - 23408	657	2972	347	0	57
46	Solution - 23408	657	2972	347	0	57
47	Solution - 23408	657	2972	347	0	57
48	Solution - 23408	657	2972	347	0	57
49	Solution - 23408	657	2972	347	0	57
50	Solution - 23408	657	2972	347	0	57
51	Solution - 23408	657	2972	347	0	57
52	Solution - 23408	657	2972	347	0	57
53	Solution - 23408	657	2972	347	0	57
54	Solution - 23408	657	2972	347	0	57
55	Solution - 23408	657	2972	347	0	57
56	Solution - 23408	657	2972	347	0	57
57	Solution - 23408	657	2972	347	0	57
58	Solution - 23245	670	3031	349	0	56
59	Solution - 23245	670	3031	349	0	56
60	Solution - 23245	670	3031	349	0	56
61	Solution - 23245	670	3031	349	0	56
62	Solution - 23245	670	3031	349	0	56
63	Solution - 23245	670	3031	349	0	56
64	Solution - 23245	670	3031	349	0	56
65	Solution - 23245	670	3031	349	0	56
66	Solution - 23245	670	3031	349	0	56
67	Solution - 23245	670	3031	349	0	56
68	Solution - 23245	670	3031	349	0	56
69	Solution - 22767	656	2959	342	0	56
70	Solution - 22767	656	2959	342	0	56
71	Solution - 22767	656	2959	342	0	56
72	Solution - 22767	656	2959	342	0	56
73	Solution - 22767	656	2959	342	0	56
74	Solution - 22767	656	2959	342	0	56
75	Solution - 22767	656	2959	342	0	56
76	Solution - 22767	656	2959	342	0	56
77	Solution - 22767	656	2959	342	0	56
78	Solution - 22767	656	2959	342	0	56
79	Solution - 22767	656	2959	342	0	56
80	Solution - 22767	656	2959	342	0	56
81	Solution - 22767	656	2959	342	0	56
82	Solution - 22767	656	2959	342	0	56
83	Solution - 22767	656	2959	342	0	56
84	Solution - 22767	656	2959	342	0	56
85	Solution - 22767	656	2959	342	0	56
86	Solution - 22767	656	2959	342	0	56
87	Solution - 22767	656	2959	342	0	56
88	Solution - 22767	656	2959	342	0	56
89	Solution - 22767	656	2959	342	0	56
90	Solution - 22767	656	2959	342	0	56
91	Solution - 22767	656	2959	342	0	56
92	Solution - 22767	656	2959	342	0	56
93	Solution - 22767	656	2959	342	0	56
94	Solution - 22767	656	2959	342	0	56
95	Solution - 22767	656	2959	342	0	56
96	Solution - 22767	656	2959	342	0	56
97	Solution - 22767	656	2959	342	0	56
98	Solution - 22767	656	2959	342	0	56
99	Solution - 22767	656	2959	342	0	56
