28080
27583
27583
26861
26861
26861
26751
26543
26543
26077
26077
26077
26077
26077
26077
26077
25348
25348
25348
25348
25348
24562
24562
21520
21520
21520
21520
21520
21520
21520
21520
21520
21520
21520
21520
21520
21520
21520
21520
21520
21520
21520
21520
21520
21520
21520
21520
21520
21520
21520
21520
21520
21520
21520
21520
21520
21520
21520
21520
21520
21520
21520
21520
21520
21520
21520
21520
21520
21520
21520
21520
21520
21520
21520
21520
21520
21520
21520
21520
21520
21520
21520
21520
21520
21520
21520
21520
21520
21520
21520
21520
21520
21520
21520
21520
21520
21520
21520
21520
21520
