0	Solution - 23870	648	2930	356	0	57
1	Solution - 23870	648	2930	356	0	57
2	Solution - 23870	648	2930	356	0	57
3	Solution - 23870	648	2930	356	0	57
4	Solution - 23870	648	2930	356	0	57
5	Solution - 23870	648	2930	356	0	57
6	Solution - 23870	648	2930	356	0	57
7	Solution - 23870	648	2930	356	0	57
8	Solution - 23870	648	2930	356	0	57
9	Solution - 23870	648	2930	356	0	57
10	Solution - 23870	648	2930	356	0	57
11	Solution - 23870	648	2930	356	0	57
12	Solution - 23870	648	2930	356	0	57
13	Solution - 23870	648	2930	356	0	57
14	Solution - 23870	648	2930	356	0	57
15	Solution - 23870	648	2930	356	0	57
16	Solution - 23870	648	2930	356	0	57
17	Solution - 23870	648	2930	356	0	57
18	Solution - 23870	648	2930	356	0	57
19	Solution - 23870	648	2930	356	0	57
20	Solution - 23772	659	2935	354	0	57
21	Solution - 23772	659	2935	354	0	57
22	Solution - 23772	659	2935	354	0	57
23	Solution - 23772	659	2935	354	0	57
24	Solution - 23772	659	2935	354	0	57
25	Solution - 23772	659	2935	354	0	57
26	Solution - 23772	659	2935	354	0	57
27	Solution - 23709	645	2886	342	0	59
28	Solution - 23709	645	2886	342	0	59
29	Solution - 23709	645	2886	342	0	59
30	Solution - 23709	645	2886	342	0	59
31	Solution - 23709	645	2886	342	0	59
32	Solution - 23709	645	2886	342	0	59
33	Solution - 23709	645	2886	342	0	59
34	Solution - 22139	646	2901	332	0	56
35	Solution - 22139	646	2901	332	0	56
36	Solution - 22139	646	2901	332	0	56
37	Solution - 22139	646	2901	332	0	56
38	Solution - 22139	646	2901	332	0	56
39	Solution - 22139	646	2901	332	0	56
40	Solution - 22139	646	2901	332	0	56
41	Solution - 22139	646	2901	332	0	56
42	Solution - 22139	646	2901	332	0	56
43	Solution - 22139	646	2901	332	0	56
44	Solution - 22139	646	2901	332	0	56
45	Solution - 22139	646	2901	332	0	56
46	Solution - 22139	646	2901	332	0	56
47	Solution - 22139	646	2901	332	0	56
48	Solution - 22139	646	2901	332	0	56
49	Solution - 22139	646	2901	332	0	56
50	Solution - 22139	646	2901	332	0	56
51	Solution - 22139	646	2901	332	0	56
52	Solution - 22139	646	2901	332	0	56
53	Solution - 22139	646	2901	332	0	56
54	Solution - 22139	646	2901	332	0	56
55	Solution - 22139	646	2901	332	0	56
56	Solution - 22139	646	2901	332	0	56
57	Solution - 22139	646	2901	332	0	56
58	Solution - 22139	646	2901	332	0	56
59	Solution - 22139	646	2901	332	0	56
60	Solution - 22139	646	2901	332	0	56
61	Solution - 22139	646	2901	332	0	56
62	Solution - 22139	646	2901	332	0	56
63	Solution - 22139	646	2901	332	0	56
64	Solution - 22139	646	2901	332	0	56
65	Solution - 22139	646	2901	332	0	56
66	Solution - 22139	646	2901	332	0	56
67	Solution - 22139	646	2901	332	0	56
68	Solution - 22139	646	2901	332	0	56
69	Solution - 22139	646	2901	332	0	56
70	Solution - 22139	646	2901	332	0	56
71	Solution - 22139	646	2901	332	0	56
72	Solution - 22139	646	2901	332	0	56
73	Solution - 22139	646	2901	332	0	56
74	Solution - 22139	646	2901	332	0	56
75	Solution - 22139	646	2901	332	0	56
76	Solution - 22139	646	2901	332	0	56
77	Solution - 22139	646	2901	332	0	56
78	Solution - 22139	646	2901	332	0	56
79	Solution - 22139	646	2901	332	0	56
80	Solution - 22139	646	2901	332	0	56
81	Solution - 22139	646	2901	332	0	56
82	Solution - 22139	646	2901	332	0	56
83	Solution - 22139	646	2901	332	0	56
84	Solution - 22139	646	2901	332	0	56
85	Solution - 22139	646	2901	332	0	56
86	Solution - 22139	646	2901	332	0	56
87	Solution - 22139	646	2901	332	0	56
88	Solution - 22139	646	2901	332	0	56
89	Solution - 22139	646	2901	332	0	56
90	Solution - 22139	646	2901	332	0	56
91	Solution - 22139	646	2901	332	0	56
92	Solution - 22139	646	2901	332	0	56
93	Solution - 22139	646	2901	332	0	56
94	Solution - 22139	646	2901	332	0	56
95	Solution - 22139	646	2901	332	0	56
96	Solution - 22139	646	2901	332	0	56
97	Solution - 22139	646	2901	332	0	56
98	Solution - 22139	646	2901	332	0	56
99	Solution - 22139	646	2901	332	0	56
