25453
25453
25453
25453
25453
25453
25453
25453
24461
24461
23491
23491
23491
23491
23491
23491
23491
23491
23491
23491
23491
23491
23491
23491
23491
22782
22782
22782
22782
22782
22782
22782
22782
22782
22782
22782
22782
22782
22782
22782
22782
22782
22782
22782
22782
22782
22782
22782
22782
22782
22782
22782
22782
22782
22782
22782
22782
22782
22782
22782
22782
22782
22782
22782
22782
22782
22782
22782
22782
22782
22782
22782
22782
22782
22782
22782
22782
22782
22782
22782
22782
22782
22782
22782
22782
22782
22782
22782
22782
22782
22782
22782
22782
22782
22782
22782
22782
22782
22782
22782
