28730
28140
27125
25466
25466
25466
25466
25466
25466
25466
25466
25466
25466
25466
25466
24997
24997
24997
24997
24997
24997
24997
24997
24997
24997
24997
24997
24997
24997
22977
22977
22977
22977
22977
22977
22977
22977
20196
20196
20196
20196
20196
20196
20196
20196
20196
20196
20196
20196
20196
20196
20196
20196
20196
20196
20196
20196
20196
20196
20196
20196
20196
20196
20196
20196
20196
20196
20196
20196
20196
20196
20196
20196
20196
20196
20196
20196
20196
20196
20196
20196
20196
20196
20196
20196
20196
20196
20196
20196
20196
20196
20196
20196
20196
20196
20196
20196
20196
20196
20196
