31304
23894
23894
23894
23894
23894
23894
23894
23894
23894
23894
23894
23894
23894
23894
23894
23894
23894
23894
23894
23894
23894
23894
23894
23894
23873
23873
23161
23161
23161
23161
23161
23161
23161
23161
23161
23161
23161
23161
23161
23161
23161
23161
23161
23161
23161
23161
23161
23161
23161
23161
23161
23161
23161
20820
20820
20820
20820
20820
20820
20820
20820
20820
20820
20820
20820
20820
20820
20820
20820
20820
20820
20820
20820
20820
20820
20820
20820
20820
20820
20820
20820
20820
20820
20820
20820
20820
20820
20820
20820
20820
20820
20820
20820
20820
20820
20820
20820
20820
20820
