25324
25324
23747
23747
23747
23747
23747
23747
23747
23747
23747
23747
23747
23747
23747
23747
23132
23132
23132
23132
23132
23132
23132
23132
23132
23132
23132
23132
23132
23132
23132
23132
23132
23132
23132
23132
23132
23132
23132
23132
23132
23132
23132
23132
23132
23132
23132
23132
23132
23132
23132
23132
23132
23132
23132
23132
23132
23132
23132
23132
23132
23132
23132
23132
23132
23132
22972
22972
22972
22972
22972
22972
22972
22972
22972
22972
22972
22972
22972
22972
22972
22972
22972
22972
22972
22972
22972
22972
22972
22972
22972
22972
22972
22972
22972
22972
22112
22112
22112
22112
