31164
26201
26201
26201
26201
26201
26201
26089
25917
25917
23584
23584
23584
23584
23584
23584
23584
23584
23584
23584
23584
23584
23584
23584
23584
23584
23584
23584
22508
22508
22508
22508
22508
22508
22508
22508
22508
22508
22508
22508
22508
22508
22508
22508
22508
22508
22508
22508
22508
22508
22508
22508
22508
22508
22508
22508
22508
22508
22508
22508
22508
22508
22508
22508
22508
22508
22508
22508
22508
22508
22508
22508
22508
22508
22508
22508
22508
22508
22508
22508
22508
22508
22508
22508
22508
22508
22508
22508
22508
22508
22508
22508
22508
22508
22508
22508
22508
22425
22425
22425
