24537
24537
24537
24537
24537
24231
23753
23753
23753
23753
23753
23753
23753
23753
23753
23753
23753
23753
23753
23753
23753
23715
23715
23715
23531
23531
23531
23531
23531
23531
23531
23531
23531
23531
23531
23531
23531
23531
23531
23531
23531
23531
23531
23531
23531
23531
23531
23531
23531
23531
23531
23531
23531
23531
23531
23531
23531
23531
23531
23531
23531
23531
23531
23531
23531
23531
23531
23531
23531
23531
23531
23531
23531
23531
23531
23531
23531
23531
23531
23531
23531
23531
23531
23531
23531
23531
23531
23531
23531
23531
22817
22817
22817
22817
22817
22817
22817
22817
22817
22817
