27615
27615
26252
26252
26252
26252
24380
21688
21688
21688
21688
21688
21688
21688
21688
21688
21688
21688
21688
21688
21688
21688
21688
21688
21688
21688
21688
21688
21688
21688
21688
21688
21688
21688
21688
21688
21688
21688
21688
21688
21688
21688
21688
21688
21688
21688
21688
21688
21688
21688
21688
21688
21688
21688
21688
21688
21688
21688
21688
21688
21688
21688
21688
21688
21688
21688
21688
21688
21688
21688
21688
21688
21688
21688
21688
21688
21688
21688
21688
21688
21688
21688
21688
21688
21688
21688
21688
21688
21688
21688
21688
21688
21688
21688
21688
21688
21688
21688
21688
21688
