26950
26950
26950
26950
26612
26612
26445
26445
26445
26445
26445
26194
24135
24135
24135
24135
24135
24135
24135
24135
24135
24135
24135
24135
24135
24135
24135
24135
24135
24135
24135
24135
24135
24135
24135
24135
24135
24135
24135
24135
24135
24135
22542
22542
20896
20896
20896
20896
20896
20896
20896
20896
20896
20896
20896
20896
20896
20896
20896
20896
20896
20896
20896
20896
20896
20896
20896
20896
20896
20896
20896
20896
20896
20896
20896
20896
20896
20896
20896
20896
20896
20896
20896
20896
20896
20896
20896
20896
20896
20896
20896
20896
20896
20896
20896
20896
20896
20896
20896
20896
