29594
26783
24944
24944
24944
24944
24944
24944
24944
24944
24056
24056
24056
24056
24056
24056
24056
24056
24056
24056
24056
24056
24056
24056
24056
24056
24056
24056
24056
23181
23181
23181
23181
23181
23181
23181
23181
23181
23181
23181
23181
23181
23181
23181
23181
23181
23181
23181
23181
23181
23181
23181
23181
23181
23181
23181
23181
23181
23181
23181
23181
23181
23181
23181
23181
23181
23181
23181
23181
23181
23181
23181
23181
23181
23181
23181
23181
23181
23181
23181
23181
23181
23181
23181
22962
22962
22962
22962
22962
22962
22962
22962
22962
22962
22962
22962
22962
22962
22962
22962
