25923
25923
22929
22929
22929
22929
22929
22929
22929
22929
22929
22929
22929
22929
22929
22929
22929
22929
22929
22929
22929
22929
22929
22929
22929
22929
22929
22929
22929
22929
22929
22929
22929
22929
22929
22929
22929
22929
22929
22929
22929
22929
22929
22929
22929
22929
22929
22929
22929
22929
22929
22929
22929
22929
22929
22929
22929
22929
22929
22929
22929
22929
22929
22929
22929
22929
22929
22929
22929
22929
22929
22929
22929
22929
22929
22929
22929
22929
22929
22929
22929
22929
22929
22929
22929
22929
22929
22929
22929
22929
22929
22929
22929
22929
22929
22929
22929
22929
22929
22929
