0	Solution - 25820	657	2943	404	0	55
1	Solution - 25820	657	2943	404	0	55
2	Solution - 25820	657	2943	404	0	55
3	Solution - 25820	657	2943	404	0	55
4	Solution - 25492	658	2938	391	0	56
5	Solution - 25037	659	2976	369	0	58
6	Solution - 25037	659	2976	369	0	58
7	Solution - 25037	659	2976	369	0	58
8	Solution - 25037	659	2976	369	0	58
9	Solution - 25037	659	2976	369	0	58
10	Solution - 25037	659	2976	369	0	58
11	Solution - 25037	659	2976	369	0	58
12	Solution - 25037	659	2976	369	0	58
13	Solution - 25037	659	2976	369	0	58
14	Solution - 25037	659	2976	369	0	58
15	Solution - 25037	659	2976	369	0	58
16	Solution - 25037	659	2976	369	0	58
17	Solution - 25037	659	2976	369	0	58
18	Solution - 25037	659	2976	369	0	58
19	Solution - 25037	659	2976	369	0	58
20	Solution - 23955	673	3010	362	0	56
21	Solution - 23955	673	3010	362	0	56
22	Solution - 23955	673	3010	362	0	56
23	Solution - 23955	673	3010	362	0	56
24	Solution - 23955	673	3010	362	0	56
25	Solution - 23955	673	3010	362	0	56
26	Solution - 23955	673	3010	362	0	56
27	Solution - 23955	673	3010	362	0	56
28	Solution - 23955	673	3010	362	0	56
29	Solution - 23705	654	2925	347	0	58
30	Solution - 23176	660	2970	337	0	58
31	Solution - 23176	660	2970	337	0	58
32	Solution - 23176	660	2970	337	0	58
33	Solution - 23176	660	2970	337	0	58
34	Solution - 23176	660	2970	337	0	58
35	Solution - 23176	660	2970	337	0	58
36	Solution - 23176	660	2970	337	0	58
37	Solution - 23176	660	2970	337	0	58
38	Solution - 23176	660	2970	337	0	58
39	Solution - 23176	660	2970	337	0	58
40	Solution - 23176	660	2970	337	0	58
41	Solution - 23176	660	2970	337	0	58
42	Solution - 23176	660	2970	337	0	58
43	Solution - 23176	660	2970	337	0	58
44	Solution - 23176	660	2970	337	0	58
45	Solution - 23176	660	2970	337	0	58
46	Solution - 23176	660	2970	337	0	58
47	Solution - 23176	660	2970	337	0	58
48	Solution - 23176	660	2970	337	0	58
49	Solution - 23176	660	2970	337	0	58
50	Solution - 23025	649	2939	341	0	57
51	Solution - 23025	649	2939	341	0	57
52	Solution - 23025	649	2939	341	0	57
53	Solution - 23025	649	2939	341	0	57
54	Solution - 23025	649	2939	341	0	57
55	Solution - 23025	649	2939	341	0	57
56	Solution - 23025	649	2939	341	0	57
57	Solution - 23025	649	2939	341	0	57
58	Solution - 23025	649	2939	341	0	57
59	Solution - 23025	649	2939	341	0	57
60	Solution - 23025	649	2939	341	0	57
61	Solution - 23025	649	2939	341	0	57
62	Solution - 23025	649	2939	341	0	57
63	Solution - 23025	649	2939	341	0	57
64	Solution - 23025	649	2939	341	0	57
65	Solution - 23025	649	2939	341	0	57
66	Solution - 23025	649	2939	341	0	57
67	Solution - 23025	649	2939	341	0	57
68	Solution - 23025	649	2939	341	0	57
69	Solution - 23025	649	2939	341	0	57
70	Solution - 23025	649	2939	341	0	57
71	Solution - 23025	649	2939	341	0	57
72	Solution - 23025	649	2939	341	0	57
73	Solution - 23025	649	2939	341	0	57
74	Solution - 23025	649	2939	341	0	57
75	Solution - 23025	649	2939	341	0	57
76	Solution - 23025	649	2939	341	0	57
77	Solution - 23025	649	2939	341	0	57
78	Solution - 23025	649	2939	341	0	57
79	Solution - 23025	649	2939	341	0	57
80	Solution - 23025	649	2939	341	0	57
81	Solution - 23025	649	2939	341	0	57
82	Solution - 23025	649	2939	341	0	57
83	Solution - 23025	649	2939	341	0	57
84	Solution - 23025	649	2939	341	0	57
85	Solution - 23025	649	2939	341	0	57
86	Solution - 23025	649	2939	341	0	57
87	Solution - 23025	649	2939	341	0	57
88	Solution - 23025	649	2939	341	0	57
89	Solution - 23025	649	2939	341	0	57
90	Solution - 23025	649	2939	341	0	57
91	Solution - 23025	649	2939	341	0	57
92	Solution - 23025	649	2939	341	0	57
93	Solution - 23025	649	2939	341	0	57
94	Solution - 23025	649	2939	341	0	57
95	Solution - 23025	649	2939	341	0	57
96	Solution - 23025	649	2939	341	0	57
97	Solution - 23025	649	2939	341	0	57
98	Solution - 23025	649	2939	341	0	57
99	Solution - 23025	649	2939	341	0	57
