29467
24220
24220
24220
24220
24220
24220
24220
24220
24220
24220
24220
24220
24220
24220
24220
24220
24220
24220
24220
24220
24220
24220
24220
24220
24220
24220
24220
24220
24220
24220
24220
24220
24220
24220
24220
24220
24220
24220
24220
24220
24220
24220
24220
24220
24220
24220
24220
24220
24220
24220
24220
24220
24220
24220
24220
24220
24220
24220
24220
24220
24220
24220
23341
23341
23341
23341
23341
23341
23341
23341
23341
23341
23341
23341
23341
23341
23341
23341
23341
23341
23341
23341
23341
23341
23341
23341
23341
23341
23341
23341
23341
23341
23341
23341
23341
23341
23341
23341
23341
