0	Solution - 31304	686	3078	459	0	60
1	Solution - 23894	643	2902	357	0	57
2	Solution - 23894	643	2902	357	0	57
3	Solution - 23894	643	2902	357	0	57
4	Solution - 23894	643	2902	357	0	57
5	Solution - 23894	643	2902	357	0	57
6	Solution - 23894	643	2902	357	0	57
7	Solution - 23894	643	2902	357	0	57
8	Solution - 23894	643	2902	357	0	57
9	Solution - 23894	643	2902	357	0	57
10	Solution - 23894	643	2902	357	0	57
11	Solution - 23894	643	2902	357	0	57
12	Solution - 23894	643	2902	357	0	57
13	Solution - 23894	643	2902	357	0	57
14	Solution - 23894	643	2902	357	0	57
15	Solution - 23894	643	2902	357	0	57
16	Solution - 23894	643	2902	357	0	57
17	Solution - 23894	643	2902	357	0	57
18	Solution - 23894	643	2902	357	0	57
19	Solution - 23894	643	2902	357	0	57
20	Solution - 23894	643	2902	357	0	57
21	Solution - 23894	643	2902	357	0	57
22	Solution - 23894	643	2902	357	0	57
23	Solution - 23894	643	2902	357	0	57
24	Solution - 23894	643	2902	357	0	57
25	Solution - 23873	667	2990	361	0	56
26	Solution - 23873	667	2990	361	0	56
27	Solution - 23161	657	2953	343	0	57
28	Solution - 23161	657	2953	343	0	57
29	Solution - 23161	657	2953	343	0	57
30	Solution - 23161	657	2953	343	0	57
31	Solution - 23161	657	2953	343	0	57
32	Solution - 23161	657	2953	343	0	57
33	Solution - 23161	657	2953	343	0	57
34	Solution - 23161	657	2953	343	0	57
35	Solution - 23161	657	2953	343	0	57
36	Solution - 23161	657	2953	343	0	57
37	Solution - 23161	657	2953	343	0	57
38	Solution - 23161	657	2953	343	0	57
39	Solution - 23161	657	2953	343	0	57
40	Solution - 23161	657	2953	343	0	57
41	Solution - 23161	657	2953	343	0	57
42	Solution - 23161	657	2953	343	0	57
43	Solution - 23161	657	2953	343	0	57
44	Solution - 23161	657	2953	343	0	57
45	Solution - 23161	657	2953	343	0	57
46	Solution - 23161	657	2953	343	0	57
47	Solution - 23161	657	2953	343	0	57
48	Solution - 23161	657	2953	343	0	57
49	Solution - 23161	657	2953	343	0	57
50	Solution - 23161	657	2953	343	0	57
51	Solution - 23161	657	2953	343	0	57
52	Solution - 23161	657	2953	343	0	57
53	Solution - 23161	657	2953	343	0	57
54	Solution - 20820	647	2925	308	0	56
55	Solution - 20820	647	2925	308	0	56
56	Solution - 20820	647	2925	308	0	56
57	Solution - 20820	647	2925	308	0	56
58	Solution - 20820	647	2925	308	0	56
59	Solution - 20820	647	2925	308	0	56
60	Solution - 20820	647	2925	308	0	56
61	Solution - 20820	647	2925	308	0	56
62	Solution - 20820	647	2925	308	0	56
63	Solution - 20820	647	2925	308	0	56
64	Solution - 20820	647	2925	308	0	56
65	Solution - 20820	647	2925	308	0	56
66	Solution - 20820	647	2925	308	0	56
67	Solution - 20820	647	2925	308	0	56
68	Solution - 20820	647	2925	308	0	56
69	Solution - 20820	647	2925	308	0	56
70	Solution - 20820	647	2925	308	0	56
71	Solution - 20820	647	2925	308	0	56
72	Solution - 20820	647	2925	308	0	56
73	Solution - 20820	647	2925	308	0	56
74	Solution - 20820	647	2925	308	0	56
75	Solution - 20820	647	2925	308	0	56
76	Solution - 20820	647	2925	308	0	56
77	Solution - 20820	647	2925	308	0	56
78	Solution - 20820	647	2925	308	0	56
79	Solution - 20820	647	2925	308	0	56
80	Solution - 20820	647	2925	308	0	56
81	Solution - 20820	647	2925	308	0	56
82	Solution - 20820	647	2925	308	0	56
83	Solution - 20820	647	2925	308	0	56
84	Solution - 20820	647	2925	308	0	56
85	Solution - 20820	647	2925	308	0	56
86	Solution - 20820	647	2925	308	0	56
87	Solution - 20820	647	2925	308	0	56
88	Solution - 20820	647	2925	308	0	56
89	Solution - 20820	647	2925	308	0	56
90	Solution - 20820	647	2925	308	0	56
91	Solution - 20820	647	2925	308	0	56
92	Solution - 20820	647	2925	308	0	56
93	Solution - 20820	647	2925	308	0	56
94	Solution - 20820	647	2925	308	0	56
95	Solution - 20820	647	2925	308	0	56
96	Solution - 20820	647	2925	308	0	56
97	Solution - 20820	647	2925	308	0	56
98	Solution - 20820	647	2925	308	0	56
99	Solution - 20820	647	2925	308	0	56
