0	Solution - 28080	666	2996	421	0	58
1	Solution - 27583	669	3018	412	0	58
2	Solution - 27583	669	3018	412	0	58
3	Solution - 26861	670	2992	407	0	57
4	Solution - 26861	670	2992	407	0	57
5	Solution - 26861	670	2992	407	0	57
6	Solution - 26751	648	2904	407	0	57
7	Solution - 26543	672	3038	387	0	59
8	Solution - 26543	672	3038	387	0	59
9	Solution - 26077	657	2974	387	0	58
10	Solution - 26077	657	2974	387	0	58
11	Solution - 26077	657	2974	387	0	58
12	Solution - 26077	657	2974	387	0	58
13	Solution - 26077	657	2974	387	0	58
14	Solution - 26077	657	2974	387	0	58
15	Solution - 26077	657	2974	387	0	58
16	Solution - 25348	652	2946	375	0	58
17	Solution - 25348	652	2946	375	0	58
18	Solution - 25348	652	2946	375	0	58
19	Solution - 25348	652	2946	375	0	58
20	Solution - 25348	652	2946	375	0	58
21	Solution - 24562	665	2978	367	0	57
22	Solution - 24562	665	2978	367	0	57
23	Solution - 21520	640	2868	316	0	57
24	Solution - 21520	640	2868	316	0	57
25	Solution - 21520	640	2868	316	0	57
26	Solution - 21520	640	2868	316	0	57
27	Solution - 21520	640	2868	316	0	57
28	Solution - 21520	640	2868	316	0	57
29	Solution - 21520	640	2868	316	0	57
30	Solution - 21520	640	2868	316	0	57
31	Solution - 21520	640	2868	316	0	57
32	Solution - 21520	640	2868	316	0	57
33	Solution - 21520	640	2868	316	0	57
34	Solution - 21520	640	2868	316	0	57
35	Solution - 21520	640	2868	316	0	57
36	Solution - 21520	640	2868	316	0	57
37	Solution - 21520	640	2868	316	0	57
38	Solution - 21520	640	2868	316	0	57
39	Solution - 21520	640	2868	316	0	57
40	Solution - 21520	640	2868	316	0	57
41	Solution - 21520	640	2868	316	0	57
42	Solution - 21520	640	2868	316	0	57
43	Solution - 21520	640	2868	316	0	57
44	Solution - 21520	640	2868	316	0	57
45	Solution - 21520	640	2868	316	0	57
46	Solution - 21520	640	2868	316	0	57
47	Solution - 21520	640	2868	316	0	57
48	Solution - 21520	640	2868	316	0	57
49	Solution - 21520	640	2868	316	0	57
50	Solution - 21520	640	2868	316	0	57
51	Solution - 21520	640	2868	316	0	57
52	Solution - 21520	640	2868	316	0	57
53	Solution - 21520	640	2868	316	0	57
54	Solution - 21520	640	2868	316	0	57
55	Solution - 21520	640	2868	316	0	57
56	Solution - 21520	640	2868	316	0	57
57	Solution - 21520	640	2868	316	0	57
58	Solution - 21520	640	2868	316	0	57
59	Solution - 21520	640	2868	316	0	57
60	Solution - 21520	640	2868	316	0	57
61	Solution - 21520	640	2868	316	0	57
62	Solution - 21520	640	2868	316	0	57
63	Solution - 21520	640	2868	316	0	57
64	Solution - 21520	640	2868	316	0	57
65	Solution - 21520	640	2868	316	0	57
66	Solution - 21520	640	2868	316	0	57
67	Solution - 21520	640	2868	316	0	57
68	Solution - 21520	640	2868	316	0	57
69	Solution - 21520	640	2868	316	0	57
70	Solution - 21520	640	2868	316	0	57
71	Solution - 21520	640	2868	316	0	57
72	Solution - 21520	640	2868	316	0	57
73	Solution - 21520	640	2868	316	0	57
74	Solution - 21520	640	2868	316	0	57
75	Solution - 21520	640	2868	316	0	57
76	Solution - 21520	640	2868	316	0	57
77	Solution - 21520	640	2868	316	0	57
78	Solution - 21520	640	2868	316	0	57
79	Solution - 21520	640	2868	316	0	57
80	Solution - 21520	640	2868	316	0	57
81	Solution - 21520	640	2868	316	0	57
82	Solution - 21520	640	2868	316	0	57
83	Solution - 21520	640	2868	316	0	57
84	Solution - 21520	640	2868	316	0	57
85	Solution - 21520	640	2868	316	0	57
86	Solution - 21520	640	2868	316	0	57
87	Solution - 21520	640	2868	316	0	57
88	Solution - 21520	640	2868	316	0	57
89	Solution - 21520	640	2868	316	0	57
90	Solution - 21520	640	2868	316	0	57
91	Solution - 21520	640	2868	316	0	57
92	Solution - 21520	640	2868	316	0	57
93	Solution - 21520	640	2868	316	0	57
94	Solution - 21520	640	2868	316	0	57
95	Solution - 21520	640	2868	316	0	57
96	Solution - 21520	640	2868	316	0	57
97	Solution - 21520	640	2868	316	0	57
98	Solution - 21520	640	2868	316	0	57
99	Solution - 21520	640	2868	316	0	57
