0	Solution - 29733	653	2928	467	0	56
1	Solution - 29733	653	2928	467	0	56
2	Solution - 28233	694	3086	429	0	57
3	Solution - 28233	694	3086	429	0	57
4	Solution - 24605	619	2816	365	0	58
5	Solution - 24605	619	2816	365	0	58
6	Solution - 24605	619	2816	365	0	58
7	Solution - 24605	619	2816	365	0	58
8	Solution - 24605	619	2816	365	0	58
9	Solution - 24605	619	2816	365	0	58
10	Solution - 24605	619	2816	365	0	58
11	Solution - 24605	619	2816	365	0	58
12	Solution - 24605	619	2816	365	0	58
13	Solution - 24605	619	2816	365	0	58
14	Solution - 24605	619	2816	365	0	58
15	Solution - 24605	619	2816	365	0	58
16	Solution - 24605	619	2816	365	0	58
17	Solution - 23285	644	2896	359	0	55
18	Solution - 23285	644	2896	359	0	55
19	Solution - 23285	644	2896	359	0	55
20	Solution - 23285	644	2896	359	0	55
21	Solution - 23285	644	2896	359	0	55
22	Solution - 23285	644	2896	359	0	55
23	Solution - 23285	644	2896	359	0	55
24	Solution - 23285	644	2896	359	0	55
25	Solution - 23285	644	2896	359	0	55
26	Solution - 23285	644	2896	359	0	55
27	Solution - 23285	644	2896	359	0	55
28	Solution - 23285	644	2896	359	0	55
29	Solution - 23285	644	2896	359	0	55
30	Solution - 23285	644	2896	359	0	55
31	Solution - 23285	644	2896	359	0	55
32	Solution - 23285	644	2896	359	0	55
33	Solution - 23285	644	2896	359	0	55
34	Solution - 23285	644	2896	359	0	55
35	Solution - 23285	644	2896	359	0	55
36	Solution - 23285	644	2896	359	0	55
37	Solution - 23285	644	2896	359	0	55
38	Solution - 23285	644	2896	359	0	55
39	Solution - 22575	653	2938	339	0	56
40	Solution - 22575	653	2938	339	0	56
41	Solution - 22575	653	2938	339	0	56
42	Solution - 22575	653	2938	339	0	56
43	Solution - 22575	653	2938	339	0	56
44	Solution - 22575	653	2938	339	0	56
45	Solution - 22575	653	2938	339	0	56
46	Solution - 22575	653	2938	339	0	56
47	Solution - 22575	653	2938	339	0	56
48	Solution - 22575	653	2938	339	0	56
49	Solution - 22575	653	2938	339	0	56
50	Solution - 22575	653	2938	339	0	56
51	Solution - 22575	653	2938	339	0	56
52	Solution - 22575	653	2938	339	0	56
53	Solution - 22575	653	2938	339	0	56
54	Solution - 22575	653	2938	339	0	56
55	Solution - 22575	653	2938	339	0	56
56	Solution - 22575	653	2938	339	0	56
57	Solution - 22575	653	2938	339	0	56
58	Solution - 22575	653	2938	339	0	56
59	Solution - 22575	653	2938	339	0	56
60	Solution - 22575	653	2938	339	0	56
61	Solution - 22575	653	2938	339	0	56
62	Solution - 22575	653	2938	339	0	56
63	Solution - 22575	653	2938	339	0	56
64	Solution - 22575	653	2938	339	0	56
65	Solution - 22575	653	2938	339	0	56
66	Solution - 22575	653	2938	339	0	56
67	Solution - 22575	653	2938	339	0	56
68	Solution - 22575	653	2938	339	0	56
69	Solution - 22575	653	2938	339	0	56
70	Solution - 22575	653	2938	339	0	56
71	Solution - 22575	653	2938	339	0	56
72	Solution - 22575	653	2938	339	0	56
73	Solution - 22575	653	2938	339	0	56
74	Solution - 22575	653	2938	339	0	56
75	Solution - 22575	653	2938	339	0	56
76	Solution - 22575	653	2938	339	0	56
77	Solution - 22575	653	2938	339	0	56
78	Solution - 22575	653	2938	339	0	56
79	Solution - 22575	653	2938	339	0	56
80	Solution - 22575	653	2938	339	0	56
81	Solution - 22575	653	2938	339	0	56
82	Solution - 22575	653	2938	339	0	56
83	Solution - 22575	653	2938	339	0	56
84	Solution - 22575	653	2938	339	0	56
85	Solution - 22575	653	2938	339	0	56
86	Solution - 22575	653	2938	339	0	56
87	Solution - 22575	653	2938	339	0	56
88	Solution - 22575	653	2938	339	0	56
89	Solution - 22575	653	2938	339	0	56
90	Solution - 22575	653	2938	339	0	56
91	Solution - 22575	653	2938	339	0	56
92	Solution - 22575	653	2938	339	0	56
93	Solution - 22575	653	2938	339	0	56
94	Solution - 22575	653	2938	339	0	56
95	Solution - 22575	653	2938	339	0	56
96	Solution - 22575	653	2938	339	0	56
97	Solution - 22575	653	2938	339	0	56
98	Solution - 22575	653	2938	339	0	56
99	Solution - 22575	653	2938	339	0	56
