26665
26665
26318
26318
26318
26318
26318
25968
25358
25358
25358
25358
25358
25358
25358
25358
25358
25358
25358
25358
23955
23955
23955
23955
23955
23955
23955
23955
23600
23600
23600
23600
23600
23600
23600
23600
23600
23600
23600
23600
23600
23600
23600
23600
23600
23600
23600
23600
23600
23600
23600
23600
23600
23600
23600
23600
23600
23600
23600
23600
23600
23600
23600
23600
23600
23600
23600
23600
23600
23600
23600
23600
23600
23247
23247
23247
23247
23247
23247
23247
23247
23247
23247
23247
23247
23247
23247
23247
23247
23247
23247
23247
23247
23247
23247
23247
23247
23247
23247
23247
