0	Solution - 24445	640	2886	367	0	57
1	Solution - 24445	640	2886	367	0	57
2	Solution - 24445	640	2886	367	0	57
3	Solution - 24445	640	2886	367	0	57
4	Solution - 24445	640	2886	367	0	57
5	Solution - 24445	640	2886	367	0	57
6	Solution - 24445	640	2886	367	0	57
7	Solution - 24445	640	2886	367	0	57
8	Solution - 24445	640	2886	367	0	57
9	Solution - 24445	640	2886	367	0	57
10	Solution - 24445	640	2886	367	0	57
11	Solution - 24445	640	2886	367	0	57
12	Solution - 24445	640	2886	367	0	57
13	Solution - 24445	640	2886	367	0	57
14	Solution - 24445	640	2886	367	0	57
15	Solution - 24445	640	2886	367	0	57
16	Solution - 24445	640	2886	367	0	57
17	Solution - 23787	654	2955	354	0	57
18	Solution - 23787	654	2955	354	0	57
19	Solution - 23787	654	2955	354	0	57
20	Solution - 23787	654	2955	354	0	57
21	Solution - 23787	654	2955	354	0	57
22	Solution - 23688	666	2974	358	0	56
23	Solution - 23688	666	2974	358	0	56
24	Solution - 23688	666	2974	358	0	56
25	Solution - 23688	666	2974	358	0	56
26	Solution - 22459	647	2932	320	0	59
27	Solution - 22459	647	2932	320	0	59
28	Solution - 22459	647	2932	320	0	59
29	Solution - 22459	647	2932	320	0	59
30	Solution - 22459	647	2932	320	0	59
31	Solution - 22459	647	2932	320	0	59
32	Solution - 22459	647	2932	320	0	59
33	Solution - 22459	647	2932	320	0	59
34	Solution - 22459	647	2932	320	0	59
35	Solution - 22459	647	2932	320	0	59
36	Solution - 22459	647	2932	320	0	59
37	Solution - 22459	647	2932	320	0	59
38	Solution - 22459	647	2932	320	0	59
39	Solution - 22459	647	2932	320	0	59
40	Solution - 22459	647	2932	320	0	59
41	Solution - 22459	647	2932	320	0	59
42	Solution - 22459	647	2932	320	0	59
43	Solution - 22459	647	2932	320	0	59
44	Solution - 22459	647	2932	320	0	59
45	Solution - 22459	647	2932	320	0	59
46	Solution - 22459	647	2932	320	0	59
47	Solution - 22459	647	2932	320	0	59
48	Solution - 22459	647	2932	320	0	59
49	Solution - 22459	647	2932	320	0	59
50	Solution - 22459	647	2932	320	0	59
51	Solution - 22459	647	2932	320	0	59
52	Solution - 22459	647	2932	320	0	59
53	Solution - 22459	647	2932	320	0	59
54	Solution - 22459	647	2932	320	0	59
55	Solution - 22459	647	2932	320	0	59
56	Solution - 22459	647	2932	320	0	59
57	Solution - 22459	647	2932	320	0	59
58	Solution - 22459	647	2932	320	0	59
59	Solution - 22459	647	2932	320	0	59
60	Solution - 22459	647	2932	320	0	59
61	Solution - 22459	647	2932	320	0	59
62	Solution - 22459	647	2932	320	0	59
63	Solution - 22459	647	2932	320	0	59
64	Solution - 22459	647	2932	320	0	59
65	Solution - 22459	647	2932	320	0	59
66	Solution - 22459	647	2932	320	0	59
67	Solution - 22459	647	2932	320	0	59
68	Solution - 22459	647	2932	320	0	59
69	Solution - 22459	647	2932	320	0	59
70	Solution - 22459	647	2932	320	0	59
71	Solution - 22459	647	2932	320	0	59
72	Solution - 22459	647	2932	320	0	59
73	Solution - 22459	647	2932	320	0	59
74	Solution - 22459	647	2932	320	0	59
75	Solution - 22459	647	2932	320	0	59
76	Solution - 22459	647	2932	320	0	59
77	Solution - 22459	647	2932	320	0	59
78	Solution - 22459	647	2932	320	0	59
79	Solution - 22459	647	2932	320	0	59
80	Solution - 22459	647	2932	320	0	59
81	Solution - 22459	647	2932	320	0	59
82	Solution - 22459	647	2932	320	0	59
83	Solution - 22459	647	2932	320	0	59
84	Solution - 22459	647	2932	320	0	59
85	Solution - 22459	647	2932	320	0	59
86	Solution - 22459	647	2932	320	0	59
87	Solution - 22459	647	2932	320	0	59
88	Solution - 22459	647	2932	320	0	59
89	Solution - 22459	647	2932	320	0	59
90	Solution - 22459	647	2932	320	0	59
91	Solution - 22459	647	2932	320	0	59
92	Solution - 22459	647	2932	320	0	59
93	Solution - 22459	647	2932	320	0	59
94	Solution - 22459	647	2932	320	0	59
95	Solution - 22459	647	2932	320	0	59
96	Solution - 22459	647	2932	320	0	59
97	Solution - 22459	647	2932	320	0	59
98	Solution - 22459	647	2932	320	0	59
99	Solution - 22459	647	2932	320	0	59
