0	Solution - 28730	663	2987	440	0	57
1	Solution - 28140	657	2949	423	0	58
2	Solution - 27125	648	2936	399	0	59
3	Solution - 25466	645	2897	378	0	58
4	Solution - 25466	645	2897	378	0	58
5	Solution - 25466	645	2897	378	0	58
6	Solution - 25466	645	2897	378	0	58
7	Solution - 25466	645	2897	378	0	58
8	Solution - 25466	645	2897	378	0	58
9	Solution - 25466	645	2897	378	0	58
10	Solution - 25466	645	2897	378	0	58
11	Solution - 25466	645	2897	378	0	58
12	Solution - 25466	645	2897	378	0	58
13	Solution - 25466	645	2897	378	0	58
14	Solution - 25466	645	2897	378	0	58
15	Solution - 24997	657	2965	375	0	57
16	Solution - 24997	657	2965	375	0	57
17	Solution - 24997	657	2965	375	0	57
18	Solution - 24997	657	2965	375	0	57
19	Solution - 24997	657	2965	375	0	57
20	Solution - 24997	657	2965	375	0	57
21	Solution - 24997	657	2965	375	0	57
22	Solution - 24997	657	2965	375	0	57
23	Solution - 24997	657	2965	375	0	57
24	Solution - 24997	657	2965	375	0	57
25	Solution - 24997	657	2965	375	0	57
26	Solution - 24997	657	2965	375	0	57
27	Solution - 24997	657	2965	375	0	57
28	Solution - 24997	657	2965	375	0	57
29	Solution - 22977	660	2957	352	0	55
30	Solution - 22977	660	2957	352	0	55
31	Solution - 22977	660	2957	352	0	55
32	Solution - 22977	660	2957	352	0	55
33	Solution - 22977	660	2957	352	0	55
34	Solution - 22977	660	2957	352	0	55
35	Solution - 22977	660	2957	352	0	55
36	Solution - 22977	660	2957	352	0	55
37	Solution - 20196	654	2955	291	0	57
38	Solution - 20196	654	2955	291	0	57
39	Solution - 20196	654	2955	291	0	57
40	Solution - 20196	654	2955	291	0	57
41	Solution - 20196	654	2955	291	0	57
42	Solution - 20196	654	2955	291	0	57
43	Solution - 20196	654	2955	291	0	57
44	Solution - 20196	654	2955	291	0	57
45	Solution - 20196	654	2955	291	0	57
46	Solution - 20196	654	2955	291	0	57
47	Solution - 20196	654	2955	291	0	57
48	Solution - 20196	654	2955	291	0	57
49	Solution - 20196	654	2955	291	0	57
50	Solution - 20196	654	2955	291	0	57
51	Solution - 20196	654	2955	291	0	57
52	Solution - 20196	654	2955	291	0	57
53	Solution - 20196	654	2955	291	0	57
54	Solution - 20196	654	2955	291	0	57
55	Solution - 20196	654	2955	291	0	57
56	Solution - 20196	654	2955	291	0	57
57	Solution - 20196	654	2955	291	0	57
58	Solution - 20196	654	2955	291	0	57
59	Solution - 20196	654	2955	291	0	57
60	Solution - 20196	654	2955	291	0	57
61	Solution - 20196	654	2955	291	0	57
62	Solution - 20196	654	2955	291	0	57
63	Solution - 20196	654	2955	291	0	57
64	Solution - 20196	654	2955	291	0	57
65	Solution - 20196	654	2955	291	0	57
66	Solution - 20196	654	2955	291	0	57
67	Solution - 20196	654	2955	291	0	57
68	Solution - 20196	654	2955	291	0	57
69	Solution - 20196	654	2955	291	0	57
70	Solution - 20196	654	2955	291	0	57
71	Solution - 20196	654	2955	291	0	57
72	Solution - 20196	654	2955	291	0	57
73	Solution - 20196	654	2955	291	0	57
74	Solution - 20196	654	2955	291	0	57
75	Solution - 20196	654	2955	291	0	57
76	Solution - 20196	654	2955	291	0	57
77	Solution - 20196	654	2955	291	0	57
78	Solution - 20196	654	2955	291	0	57
79	Solution - 20196	654	2955	291	0	57
80	Solution - 20196	654	2955	291	0	57
81	Solution - 20196	654	2955	291	0	57
82	Solution - 20196	654	2955	291	0	57
83	Solution - 20196	654	2955	291	0	57
84	Solution - 20196	654	2955	291	0	57
85	Solution - 20196	654	2955	291	0	57
86	Solution - 20196	654	2955	291	0	57
87	Solution - 20196	654	2955	291	0	57
88	Solution - 20196	654	2955	291	0	57
89	Solution - 20196	654	2955	291	0	57
90	Solution - 20196	654	2955	291	0	57
91	Solution - 20196	654	2955	291	0	57
92	Solution - 20196	654	2955	291	0	57
93	Solution - 20196	654	2955	291	0	57
94	Solution - 20196	654	2955	291	0	57
95	Solution - 20196	654	2955	291	0	57
96	Solution - 20196	654	2955	291	0	57
97	Solution - 20196	654	2955	291	0	57
98	Solution - 20196	654	2955	291	0	57
99	Solution - 20196	654	2955	291	0	57
