24445
24445
24445
24445
24445
24445
24445
24445
24445
24445
24445
24445
24445
24445
24445
24445
24445
23787
23787
23787
23787
23787
23688
23688
23688
23688
22459
22459
22459
22459
22459
22459
22459
22459
22459
22459
22459
22459
22459
22459
22459
22459
22459
22459
22459
22459
22459
22459
22459
22459
22459
22459
22459
22459
22459
22459
22459
22459
22459
22459
22459
22459
22459
22459
22459
22459
22459
22459
22459
22459
22459
22459
22459
22459
22459
22459
22459
22459
22459
22459
22459
22459
22459
22459
22459
22459
22459
22459
22459
22459
22459
22459
22459
22459
22459
22459
22459
22459
22459
22459
