26185
26185
26185
26185
26185
26185
26185
26185
26185
26015
26015
26015
26015
26015
26015
26015
26015
26015
26015
26015
26015
26015
26015
23990
23990
23990
23990
23990
23990
23990
23408
23408
23408
23408
23408
23408
23408
23408
23408
23408
23408
23408
23408
23408
23408
23408
23408
23408
23408
23408
23408
23408
23408
23408
23408
23408
23408
23408
23245
23245
23245
23245
23245
23245
23245
23245
23245
23245
23245
22767
22767
22767
22767
22767
22767
22767
22767
22767
22767
22767
22767
22767
22767
22767
22767
22767
22767
22767
22767
22767
22767
22767
22767
22767
22767
22767
22767
22767
22767
22767
