Solution - 22112	656	2976	336	0	55
Solution - 22297	655	2938	334	0	56
Solution - 23341	664	2955	346	0	57
Solution - 22139	646	2901	332	0	56
Solution - 22770	664	2990	354	0	54
Solution - 22459	647	2932	320	0	59
Solution - 20820	647	2925	308	0	56
Solution - 22817	649	2918	350	0	55
Solution - 20896	666	3016	302	1	57
Solution - 22096	660	2956	330	0	56
Solution - 21520	640	2868	316	0	57
Solution - 22767	656	2959	342	0	56
Solution - 22962	643	2904	353	0	55
Solution - 23403	635	2888	355	0	56
Solution - 20196	654	2955	291	0	57
Solution - 22799	653	2938	343	0	56
Solution - 22875	671	2995	337	0	57
Solution - 21173	677	3024	312	0	56
Solution - 22425	660	2955	342	0	55
Solution - 22575	653	2938	339	0	56
Solution - 22782	640	2876	338	0	57
Solution - 21688	641	2893	313	0	58
Solution - 22091	661	2986	318	1	58
Solution - 22929	653	2956	345	0	56
Solution - 22379	686	3075	321	0	58
Solution - 23247	653	2938	351	0	56
Solution - 22366	653	2933	313	0	60
Solution - 23616	648	2920	358	0	56
Solution - 23025	649	2939	341	0	57
Solution - 22864	667	3002	349	0	55
