27510
26266
26266
26266
26266
26266
26266
25462
24643
24643
24383
24383
24383
24383
24383
24383
24383
24383
21173
21173
21173
21173
21173
21173
21173
21173
21173
21173
21173
21173
21173
21173
21173
21173
21173
21173
21173
21173
21173
21173
21173
21173
21173
21173
21173
21173
21173
21173
21173
21173
21173
21173
21173
21173
21173
21173
21173
21173
21173
21173
21173
21173
21173
21173
21173
21173
21173
21173
21173
21173
21173
21173
21173
21173
21173
21173
21173
21173
21173
21173
21173
21173
21173
21173
21173
21173
21173
21173
21173
21173
21173
21173
21173
21173
21173
21173
21173
21173
21173
21173
