28167
28167
26322
26322
26322
26322
26322
25896
25896
24904
24904
24904
24904
24904
22915
22915
22915
22915
22915
22915
22915
22915
22915
22915
22915
22915
22915
22915
22915
22915
22915
22915
22915
22915
22915
22915
22915
22915
22915
22915
22915
22915
22915
22915
22915
22915
22915
22915
22915
22915
22915
22915
22915
22915
22915
22915
22915
22915
22915
22915
22915
22915
22915
22915
22915
22096
22096
22096
22096
22096
22096
22096
22096
22096
22096
22096
22096
22096
22096
22096
22096
22096
22096
22096
22096
22096
22096
22096
22096
22096
22096
22096
22096
22096
22096
22096
22096
22096
22096
22096
