28821
28003
24261
24261
24261
24261
24261
24261
24261
24261
24261
24253
24253
24253
24253
24253
24253
23303
23303
23303
23303
23303
23303
23303
23303
23303
23303
23303
23303
23303
23303
23303
23303
23303
23303
23303
23303
23303
23303
23303
23303
23303
23303
23303
23303
23303
23303
23303
23303
23303
23303
23303
23303
23303
23303
23303
23303
23303
23303
23303
23303
23303
23303
23303
23303
23303
23303
23303
23303
23303
23303
23303
23303
23303
23303
23303
23303
23303
23303
23303
23303
23303
23303
23303
23303
23303
23303
23303
22297
22297
22297
22297
22297
22297
22297
22297
22297
22297
22297
22297
