0	Solution - 24537	648	2893	362	0	58
1	Solution - 24537	648	2893	362	0	58
2	Solution - 24537	648	2893	362	0	58
3	Solution - 24537	648	2893	362	0	58
4	Solution - 24537	648	2893	362	0	58
5	Solution - 24231	668	3031	348	0	59
6	Solution - 23753	662	2949	373	0	54
7	Solution - 23753	662	2949	373	0	54
8	Solution - 23753	662	2949	373	0	54
9	Solution - 23753	662	2949	373	0	54
10	Solution - 23753	662	2949	373	0	54
11	Solution - 23753	662	2949	373	0	54
12	Solution - 23753	662	2949	373	0	54
13	Solution - 23753	662	2949	373	0	54
14	Solution - 23753	662	2949	373	0	54
15	Solution - 23753	662	2949	373	0	54
16	Solution - 23753	662	2949	373	0	54
17	Solution - 23753	662	2949	373	0	54
18	Solution - 23753	662	2949	373	0	54
19	Solution - 23753	662	2949	373	0	54
20	Solution - 23753	662	2949	373	0	54
21	Solution - 23715	664	2976	365	0	55
22	Solution - 23715	664	2976	365	0	55
23	Solution - 23715	664	2976	365	0	55
24	Solution - 23531	660	2961	362	0	55
25	Solution - 23531	660	2961	362	0	55
26	Solution - 23531	660	2961	362	0	55
27	Solution - 23531	660	2961	362	0	55
28	Solution - 23531	660	2961	362	0	55
29	Solution - 23531	660	2961	362	0	55
30	Solution - 23531	660	2961	362	0	55
31	Solution - 23531	660	2961	362	0	55
32	Solution - 23531	660	2961	362	0	55
33	Solution - 23531	660	2961	362	0	55
34	Solution - 23531	660	2961	362	0	55
35	Solution - 23531	660	2961	362	0	55
36	Solution - 23531	660	2961	362	0	55
37	Solution - 23531	660	2961	362	0	55
38	Solution - 23531	660	2961	362	0	55
39	Solution - 23531	660	2961	362	0	55
40	Solution - 23531	660	2961	362	0	55
41	Solution - 23531	660	2961	362	0	55
42	Solution - 23531	660	2961	362	0	55
43	Solution - 23531	660	2961	362	0	55
44	Solution - 23531	660	2961	362	0	55
45	Solution - 23531	660	2961	362	0	55
46	Solution - 23531	660	2961	362	0	55
47	Solution - 23531	660	2961	362	0	55
48	Solution - 23531	660	2961	362	0	55
49	Solution - 23531	660	2961	362	0	55
50	Solution - 23531	660	2961	362	0	55
51	Solution - 23531	660	2961	362	0	55
52	Solution - 23531	660	2961	362	0	55
53	Solution - 23531	660	2961	362	0	55
54	Solution - 23531	660	2961	362	0	55
55	Solution - 23531	660	2961	362	0	55
56	Solution - 23531	660	2961	362	0	55
57	Solution - 23531	660	2961	362	0	55
58	Solution - 23531	660	2961	362	0	55
59	Solution - 23531	660	2961	362	0	55
60	Solution - 23531	660	2961	362	0	55
61	Solution - 23531	660	2961	362	0	55
62	Solution - 23531	660	2961	362	0	55
63	Solution - 23531	660	2961	362	0	55
64	Solution - 23531	660	2961	362	0	55
65	Solution - 23531	660	2961	362	0	55
66	Solution - 23531	660	2961	362	0	55
67	Solution - 23531	660	2961	362	0	55
68	Solution - 23531	660	2961	362	0	55
69	Solution - 23531	660	2961	362	0	55
70	Solution - 23531	660	2961	362	0	55
71	Solution - 23531	660	2961	362	0	55
72	Solution - 23531	660	2961	362	0	55
73	Solution - 23531	660	2961	362	0	55
74	Solution - 23531	660	2961	362	0	55
75	Solution - 23531	660	2961	362	0	55
76	Solution - 23531	660	2961	362	0	55
77	Solution - 23531	660	2961	362	0	55
78	Solution - 23531	660	2961	362	0	55
79	Solution - 23531	660	2961	362	0	55
80	Solution - 23531	660	2961	362	0	55
81	Solution - 23531	660	2961	362	0	55
82	Solution - 23531	660	2961	362	0	55
83	Solution - 23531	660	2961	362	0	55
84	Solution - 23531	660	2961	362	0	55
85	Solution - 23531	660	2961	362	0	55
86	Solution - 23531	660	2961	362	0	55
87	Solution - 23531	660	2961	362	0	55
88	Solution - 23531	660	2961	362	0	55
89	Solution - 23531	660	2961	362	0	55
90	Solution - 22817	649	2918	350	0	55
91	Solution - 22817	649	2918	350	0	55
92	Solution - 22817	649	2918	350	0	55
93	Solution - 22817	649	2918	350	0	55
94	Solution - 22817	649	2918	350	0	55
95	Solution - 22817	649	2918	350	0	55
96	Solution - 22817	649	2918	350	0	55
97	Solution - 22817	649	2918	350	0	55
98	Solution - 22817	649	2918	350	0	55
99	Solution - 22817	649	2918	350	0	55
