0	Solution - 25324	658	2974	374	0	58
1	Solution - 25324	658	2974	374	0	58
2	Solution - 23747	652	2976	341	0	59
3	Solution - 23747	652	2976	341	0	59
4	Solution - 23747	652	2976	341	0	59
5	Solution - 23747	652	2976	341	0	59
6	Solution - 23747	652	2976	341	0	59
7	Solution - 23747	652	2976	341	0	59
8	Solution - 23747	652	2976	341	0	59
9	Solution - 23747	652	2976	341	0	59
10	Solution - 23747	652	2976	341	0	59
11	Solution - 23747	652	2976	341	0	59
12	Solution - 23747	652	2976	341	0	59
13	Solution - 23747	652	2976	341	0	59
14	Solution - 23747	652	2976	341	0	59
15	Solution - 23747	652	2976	341	0	59
16	Solution - 23132	636	2861	357	0	55
17	Solution - 23132	636	2861	357	0	55
18	Solution - 23132	636	2861	357	0	55
19	Solution - 23132	636	2861	357	0	55
20	Solution - 23132	636	2861	357	0	55
21	Solution - 23132	636	2861	357	0	55
22	Solution - 23132	636	2861	357	0	55
23	Solution - 23132	636	2861	357	0	55
24	Solution - 23132	636	2861	357	0	55
25	Solution - 23132	636	2861	357	0	55
26	Solution - 23132	636	2861	357	0	55
27	Solution - 23132	636	2861	357	0	55
28	Solution - 23132	636	2861	357	0	55
29	Solution - 23132	636	2861	357	0	55
30	Solution - 23132	636	2861	357	0	55
31	Solution - 23132	636	2861	357	0	55
32	Solution - 23132	636	2861	357	0	55
33	Solution - 23132	636	2861	357	0	55
34	Solution - 23132	636	2861	357	0	55
35	Solution - 23132	636	2861	357	0	55
36	Solution - 23132	636	2861	357	0	55
37	Solution - 23132	636	2861	357	0	55
38	Solution - 23132	636	2861	357	0	55
39	Solution - 23132	636	2861	357	0	55
40	Solution - 23132	636	2861	357	0	55
41	Solution - 23132	636	2861	357	0	55
42	Solution - 23132	636	2861	357	0	55
43	Solution - 23132	636	2861	357	0	55
44	Solution - 23132	636	2861	357	0	55
45	Solution - 23132	636	2861	357	0	55
46	Solution - 23132	636	2861	357	0	55
47	Solution - 23132	636	2861	357	0	55
48	Solution - 23132	636	2861	357	0	55
49	Solution - 23132	636	2861	357	0	55
50	Solution - 23132	636	2861	357	0	55
51	Solution - 23132	636	2861	357	0	55
52	Solution - 23132	636	2861	357	0	55
53	Solution - 23132	636	2861	357	0	55
54	Solution - 23132	636	2861	357	0	55
55	Solution - 23132	636	2861	357	0	55
56	Solution - 23132	636	2861	357	0	55
57	Solution - 23132	636	2861	357	0	55
58	Solution - 23132	636	2861	357	0	55
59	Solution - 23132	636	2861	357	0	55
60	Solution - 23132	636	2861	357	0	55
61	Solution - 23132	636	2861	357	0	55
62	Solution - 23132	636	2861	357	0	55
63	Solution - 23132	636	2861	357	0	55
64	Solution - 23132	636	2861	357	0	55
65	Solution - 23132	636	2861	357	0	55
66	Solution - 22972	662	2996	333	0	58
67	Solution - 22972	662	2996	333	0	58
68	Solution - 22972	662	2996	333	0	58
69	Solution - 22972	662	2996	333	0	58
70	Solution - 22972	662	2996	333	0	58
71	Solution - 22972	662	2996	333	0	58
72	Solution - 22972	662	2996	333	0	58
73	Solution - 22972	662	2996	333	0	58
74	Solution - 22972	662	2996	333	0	58
75	Solution - 22972	662	2996	333	0	58
76	Solution - 22972	662	2996	333	0	58
77	Solution - 22972	662	2996	333	0	58
78	Solution - 22972	662	2996	333	0	58
79	Solution - 22972	662	2996	333	0	58
80	Solution - 22972	662	2996	333	0	58
81	Solution - 22972	662	2996	333	0	58
82	Solution - 22972	662	2996	333	0	58
83	Solution - 22972	662	2996	333	0	58
84	Solution - 22972	662	2996	333	0	58
85	Solution - 22972	662	2996	333	0	58
86	Solution - 22972	662	2996	333	0	58
87	Solution - 22972	662	2996	333	0	58
88	Solution - 22972	662	2996	333	0	58
89	Solution - 22972	662	2996	333	0	58
90	Solution - 22972	662	2996	333	0	58
91	Solution - 22972	662	2996	333	0	58
92	Solution - 22972	662	2996	333	0	58
93	Solution - 22972	662	2996	333	0	58
94	Solution - 22972	662	2996	333	0	58
95	Solution - 22972	662	2996	333	0	58
96	Solution - 22112	656	2976	336	0	55
97	Solution - 22112	656	2976	336	0	55
98	Solution - 22112	656	2976	336	0	55
99	Solution - 22112	656	2976	336	0	55
