0	Solution - 30376	657	2951	478	0	56
1	Solution - 27874	650	2920	434	0	56
2	Solution - 26458	661	2997	400	0	57
3	Solution - 26458	661	2997	400	0	57
4	Solution - 26458	661	2997	400	0	57
5	Solution - 26458	661	2997	400	0	57
6	Solution - 26290	635	2855	400	0	57
7	Solution - 26290	635	2855	400	0	57
8	Solution - 26290	635	2855	400	0	57
9	Solution - 26290	635	2855	400	0	57
10	Solution - 26290	635	2855	400	0	57
11	Solution - 26290	635	2855	400	0	57
12	Solution - 26290	635	2855	400	0	57
13	Solution - 26290	635	2855	400	0	57
14	Solution - 26290	635	2855	400	0	57
15	Solution - 25083	642	2881	385	0	56
16	Solution - 25083	642	2881	385	0	56
17	Solution - 25083	642	2881	385	0	56
18	Solution - 25083	642	2881	385	0	56
19	Solution - 24591	653	2938	375	0	56
20	Solution - 24591	653	2938	375	0	56
21	Solution - 24591	653	2938	375	0	56
22	Solution - 24591	653	2938	375	0	56
23	Solution - 24591	653	2938	375	0	56
24	Solution - 24591	653	2938	375	0	56
25	Solution - 24591	653	2938	375	0	56
26	Solution - 24591	653	2938	375	0	56
27	Solution - 24591	653	2938	375	0	56
28	Solution - 23971	664	2979	363	0	56
29	Solution - 23616	648	2920	358	0	56
30	Solution - 23616	648	2920	358	0	56
31	Solution - 23616	648	2920	358	0	56
32	Solution - 23616	648	2920	358	0	56
33	Solution - 23616	648	2920	358	0	56
34	Solution - 23616	648	2920	358	0	56
35	Solution - 23616	648	2920	358	0	56
36	Solution - 23616	648	2920	358	0	56
37	Solution - 23616	648	2920	358	0	56
38	Solution - 23616	648	2920	358	0	56
39	Solution - 23616	648	2920	358	0	56
40	Solution - 23616	648	2920	358	0	56
41	Solution - 23616	648	2920	358	0	56
42	Solution - 23616	648	2920	358	0	56
43	Solution - 23616	648	2920	358	0	56
44	Solution - 23616	648	2920	358	0	56
45	Solution - 23616	648	2920	358	0	56
46	Solution - 23616	648	2920	358	0	56
47	Solution - 23616	648	2920	358	0	56
48	Solution - 23616	648	2920	358	0	56
49	Solution - 23616	648	2920	358	0	56
50	Solution - 23616	648	2920	358	0	56
51	Solution - 23616	648	2920	358	0	56
52	Solution - 23616	648	2920	358	0	56
53	Solution - 23616	648	2920	358	0	56
54	Solution - 23616	648	2920	358	0	56
55	Solution - 23616	648	2920	358	0	56
56	Solution - 23616	648	2920	358	0	56
57	Solution - 23616	648	2920	358	0	56
58	Solution - 23616	648	2920	358	0	56
59	Solution - 23616	648	2920	358	0	56
60	Solution - 23616	648	2920	358	0	56
61	Solution - 23616	648	2920	358	0	56
62	Solution - 23616	648	2920	358	0	56
63	Solution - 23616	648	2920	358	0	56
64	Solution - 23616	648	2920	358	0	56
65	Solution - 23616	648	2920	358	0	56
66	Solution - 23616	648	2920	358	0	56
67	Solution - 23616	648	2920	358	0	56
68	Solution - 23616	648	2920	358	0	56
69	Solution - 23616	648	2920	358	0	56
70	Solution - 23616	648	2920	358	0	56
71	Solution - 23616	648	2920	358	0	56
72	Solution - 23616	648	2920	358	0	56
73	Solution - 23616	648	2920	358	0	56
74	Solution - 23616	648	2920	358	0	56
75	Solution - 23616	648	2920	358	0	56
76	Solution - 23616	648	2920	358	0	56
77	Solution - 23616	648	2920	358	0	56
78	Solution - 23616	648	2920	358	0	56
79	Solution - 23616	648	2920	358	0	56
80	Solution - 23616	648	2920	358	0	56
81	Solution - 23616	648	2920	358	0	56
82	Solution - 23616	648	2920	358	0	56
83	Solution - 23616	648	2920	358	0	56
84	Solution - 23616	648	2920	358	0	56
85	Solution - 23616	648	2920	358	0	56
86	Solution - 23616	648	2920	358	0	56
87	Solution - 23616	648	2920	358	0	56
88	Solution - 23616	648	2920	358	0	56
89	Solution - 23616	648	2920	358	0	56
90	Solution - 23616	648	2920	358	0	56
91	Solution - 23616	648	2920	358	0	56
92	Solution - 23616	648	2920	358	0	56
93	Solution - 23616	648	2920	358	0	56
94	Solution - 23616	648	2920	358	0	56
95	Solution - 23616	648	2920	358	0	56
96	Solution - 23616	648	2920	358	0	56
97	Solution - 23616	648	2920	358	0	56
98	Solution - 23616	648	2920	358	0	56
99	Solution - 23616	648	2920	358	0	56
