26273
26273
26273
26273
26093
26093
26093
26093
26093
22770
22770
22770
22770
22770
22770
22770
22770
22770
22770
22770
22770
22770
22770
22770
22770
22770
22770
22770
22770
22770
22770
22770
22770
22770
22770
22770
22770
22770
22770
22770
22770
22770
22770
22770
22770
22770
22770
22770
22770
22770
22770
22770
22770
22770
22770
22770
22770
22770
22770
22770
22770
22770
22770
22770
22770
22770
22770
22770
22770
22770
22770
22770
22770
22770
22770
22770
22770
22770
22770
22770
22770
22770
22770
22770
22770
22770
22770
22770
22770
22770
22770
22770
22770
22770
22770
22770
22770
22770
22770
22770
