0	Solution - 23780	669	3007	359	0	56
1	Solution - 23780	669	3007	359	0	56
2	Solution - 23780	669	3007	359	0	56
3	Solution - 23780	669	3007	359	0	56
4	Solution - 23780	669	3007	359	0	56
5	Solution - 23780	669	3007	359	0	56
6	Solution - 23780	669	3007	359	0	56
7	Solution - 23534	667	2987	355	0	56
8	Solution - 23534	667	2987	355	0	56
9	Solution - 23534	667	2987	355	0	56
10	Solution - 23534	667	2987	355	0	56
11	Solution - 23534	667	2987	355	0	56
12	Solution - 23534	667	2987	355	0	56
13	Solution - 23534	667	2987	355	0	56
14	Solution - 23534	667	2987	355	0	56
15	Solution - 23534	667	2987	355	0	56
16	Solution - 23534	667	2987	355	0	56
17	Solution - 23534	667	2987	355	0	56
18	Solution - 23534	667	2987	355	0	56
19	Solution - 23534	667	2987	355	0	56
20	Solution - 23534	667	2987	355	0	56
21	Solution - 23534	667	2987	355	0	56
22	Solution - 23534	667	2987	355	0	56
23	Solution - 23534	667	2987	355	0	56
24	Solution - 23534	667	2987	355	0	56
25	Solution - 23534	667	2987	355	0	56
26	Solution - 23534	667	2987	355	0	56
27	Solution - 23534	667	2987	355	0	56
28	Solution - 23293	658	2970	345	0	57
29	Solution - 23293	658	2970	345	0	57
30	Solution - 23293	658	2970	345	0	57
31	Solution - 23293	658	2970	345	0	57
32	Solution - 23293	658	2970	345	0	57
33	Solution - 23293	658	2970	345	0	57
34	Solution - 23293	658	2970	345	0	57
35	Solution - 23293	658	2970	345	0	57
36	Solution - 23293	658	2970	345	0	57
37	Solution - 23293	658	2970	345	0	57
38	Solution - 23293	658	2970	345	0	57
39	Solution - 23293	658	2970	345	0	57
40	Solution - 23293	658	2970	345	0	57
41	Solution - 23293	658	2970	345	0	57
42	Solution - 23293	658	2970	345	0	57
43	Solution - 23293	658	2970	345	0	57
44	Solution - 23293	658	2970	345	0	57
45	Solution - 23293	658	2970	345	0	57
46	Solution - 23293	658	2970	345	0	57
47	Solution - 23293	658	2970	345	0	57
48	Solution - 23293	658	2970	345	0	57
49	Solution - 23293	658	2970	345	0	57
50	Solution - 23293	658	2970	345	0	57
51	Solution - 23293	658	2970	345	0	57
52	Solution - 23293	658	2970	345	0	57
53	Solution - 23293	658	2970	345	0	57
54	Solution - 23293	658	2970	345	0	57
55	Solution - 23293	658	2970	345	0	57
56	Solution - 23293	658	2970	345	0	57
57	Solution - 23293	658	2970	345	0	57
58	Solution - 23293	658	2970	345	0	57
59	Solution - 23293	658	2970	345	0	57
60	Solution - 23293	658	2970	345	0	57
61	Solution - 23293	658	2970	345	0	57
62	Solution - 23293	658	2970	345	0	57
63	Solution - 23293	658	2970	345	0	57
64	Solution - 23293	658	2970	345	0	57
65	Solution - 23293	658	2970	345	0	57
66	Solution - 23293	658	2970	345	0	57
67	Solution - 23293	658	2970	345	0	57
68	Solution - 23293	658	2970	345	0	57
69	Solution - 23293	658	2970	345	0	57
70	Solution - 23293	658	2970	345	0	57
71	Solution - 23293	658	2970	345	0	57
72	Solution - 23293	658	2970	345	0	57
73	Solution - 23293	658	2970	345	0	57
74	Solution - 23293	658	2970	345	0	57
75	Solution - 23293	658	2970	345	0	57
76	Solution - 23293	658	2970	345	0	57
77	Solution - 23293	658	2970	345	0	57
78	Solution - 23293	658	2970	345	0	57
79	Solution - 23293	658	2970	345	0	57
80	Solution - 22842	654	2924	344	0	56
81	Solution - 22842	654	2924	344	0	56
82	Solution - 22842	654	2924	344	0	56
83	Solution - 22842	654	2924	344	0	56
84	Solution - 22842	654	2924	344	0	56
85	Solution - 22842	654	2924	344	0	56
86	Solution - 22842	654	2924	344	0	56
87	Solution - 22842	654	2924	344	0	56
88	Solution - 22842	654	2924	344	0	56
89	Solution - 22842	654	2924	344	0	56
90	Solution - 22842	654	2924	344	0	56
91	Solution - 22842	654	2924	344	0	56
92	Solution - 22842	654	2924	344	0	56
93	Solution - 22842	654	2924	344	0	56
94	Solution - 22842	654	2924	344	0	56
95	Solution - 22842	654	2924	344	0	56
96	Solution - 22091	661	2986	318	1	58
97	Solution - 22091	661	2986	318	1	58
98	Solution - 22091	661	2986	318	1	58
99	Solution - 22091	661	2986	318	1	58
