25067
25067
25067
25067
25067
25067
25067
23643
23643
23643
23643
23643
23643
23643
23643
23643
23643
23643
23403
23403
23403
23403
23403
23403
23403
23403
23403
23403
23403
23403
23403
23403
23403
23403
23403
23403
23403
23403
23403
23403
23403
23403
23403
23403
23403
23403
23403
23403
23403
23403
23403
23403
23403
23403
23403
23403
23403
23403
23403
23403
23403
23403
23403
23403
23403
23403
23403
23403
23403
23403
23403
23403
23403
23403
23403
23403
23403
23403
23403
23403
23403
23403
23403
23403
23403
23403
23403
23403
23403
23403
23403
23403
23403
23403
23403
23403
23403
23403
23403
23403
