0	Solution - 26273	650	2908	413	0	55
1	Solution - 26273	650	2908	413	0	55
2	Solution - 26273	650	2908	413	0	55
3	Solution - 26273	650	2908	413	0	55
4	Solution - 26093	670	3023	400	0	56
5	Solution - 26093	670	3023	400	0	56
6	Solution - 26093	670	3023	400	0	56
7	Solution - 26093	670	3023	400	0	56
8	Solution - 26093	670	3023	400	0	56
9	Solution - 22770	664	2990	354	0	54
10	Solution - 22770	664	2990	354	0	54
11	Solution - 22770	664	2990	354	0	54
12	Solution - 22770	664	2990	354	0	54
13	Solution - 22770	664	2990	354	0	54
14	Solution - 22770	664	2990	354	0	54
15	Solution - 22770	664	2990	354	0	54
16	Solution - 22770	664	2990	354	0	54
17	Solution - 22770	664	2990	354	0	54
18	Solution - 22770	664	2990	354	0	54
19	Solution - 22770	664	2990	354	0	54
20	Solution - 22770	664	2990	354	0	54
21	Solution - 22770	664	2990	354	0	54
22	Solution - 22770	664	2990	354	0	54
23	Solution - 22770	664	2990	354	0	54
24	Solution - 22770	664	2990	354	0	54
25	Solution - 22770	664	2990	354	0	54
26	Solution - 22770	664	2990	354	0	54
27	Solution - 22770	664	2990	354	0	54
28	Solution - 22770	664	2990	354	0	54
29	Solution - 22770	664	2990	354	0	54
30	Solution - 22770	664	2990	354	0	54
31	Solution - 22770	664	2990	354	0	54
32	Solution - 22770	664	2990	354	0	54
33	Solution - 22770	664	2990	354	0	54
34	Solution - 22770	664	2990	354	0	54
35	Solution - 22770	664	2990	354	0	54
36	Solution - 22770	664	2990	354	0	54
37	Solution - 22770	664	2990	354	0	54
38	Solution - 22770	664	2990	354	0	54
39	Solution - 22770	664	2990	354	0	54
40	Solution - 22770	664	2990	354	0	54
41	Solution - 22770	664	2990	354	0	54
42	Solution - 22770	664	2990	354	0	54
43	Solution - 22770	664	2990	354	0	54
44	Solution - 22770	664	2990	354	0	54
45	Solution - 22770	664	2990	354	0	54
46	Solution - 22770	664	2990	354	0	54
47	Solution - 22770	664	2990	354	0	54
48	Solution - 22770	664	2990	354	0	54
49	Solution - 22770	664	2990	354	0	54
50	Solution - 22770	664	2990	354	0	54
51	Solution - 22770	664	2990	354	0	54
52	Solution - 22770	664	2990	354	0	54
53	Solution - 22770	664	2990	354	0	54
54	Solution - 22770	664	2990	354	0	54
55	Solution - 22770	664	2990	354	0	54
56	Solution - 22770	664	2990	354	0	54
57	Solution - 22770	664	2990	354	0	54
58	Solution - 22770	664	2990	354	0	54
59	Solution - 22770	664	2990	354	0	54
60	Solution - 22770	664	2990	354	0	54
61	Solution - 22770	664	2990	354	0	54
62	Solution - 22770	664	2990	354	0	54
63	Solution - 22770	664	2990	354	0	54
64	Solution - 22770	664	2990	354	0	54
65	Solution - 22770	664	2990	354	0	54
66	Solution - 22770	664	2990	354	0	54
67	Solution - 22770	664	2990	354	0	54
68	Solution - 22770	664	2990	354	0	54
69	Solution - 22770	664	2990	354	0	54
70	Solution - 22770	664	2990	354	0	54
71	Solution - 22770	664	2990	354	0	54
72	Solution - 22770	664	2990	354	0	54
73	Solution - 22770	664	2990	354	0	54
74	Solution - 22770	664	2990	354	0	54
75	Solution - 22770	664	2990	354	0	54
76	Solution - 22770	664	2990	354	0	54
77	Solution - 22770	664	2990	354	0	54
78	Solution - 22770	664	2990	354	0	54
79	Solution - 22770	664	2990	354	0	54
80	Solution - 22770	664	2990	354	0	54
81	Solution - 22770	664	2990	354	0	54
82	Solution - 22770	664	2990	354	0	54
83	Solution - 22770	664	2990	354	0	54
84	Solution - 22770	664	2990	354	0	54
85	Solution - 22770	664	2990	354	0	54
86	Solution - 22770	664	2990	354	0	54
87	Solution - 22770	664	2990	354	0	54
88	Solution - 22770	664	2990	354	0	54
89	Solution - 22770	664	2990	354	0	54
90	Solution - 22770	664	2990	354	0	54
91	Solution - 22770	664	2990	354	0	54
92	Solution - 22770	664	2990	354	0	54
93	Solution - 22770	664	2990	354	0	54
94	Solution - 22770	664	2990	354	0	54
95	Solution - 22770	664	2990	354	0	54
96	Solution - 22770	664	2990	354	0	54
97	Solution - 22770	664	2990	354	0	54
98	Solution - 22770	664	2990	354	0	54
99	Solution - 22770	664	2990	354	0	54
