0	Solution - 26196	671	3021	388	0	58
1	Solution - 25476	640	2912	378	0	58
2	Solution - 25476	640	2912	378	0	58
3	Solution - 25476	640	2912	378	0	58
4	Solution - 25476	640	2912	378	0	58
5	Solution - 25476	640	2912	378	0	58
6	Solution - 25476	640	2912	378	0	58
7	Solution - 25476	640	2912	378	0	58
8	Solution - 25476	640	2912	378	0	58
9	Solution - 25476	640	2912	378	0	58
10	Solution - 25476	640	2912	378	0	58
11	Solution - 25476	640	2912	378	0	58
12	Solution - 25476	640	2912	378	0	58
13	Solution - 25476	640	2912	378	0	58
14	Solution - 25476	640	2912	378	0	58
15	Solution - 25476	640	2912	378	0	58
16	Solution - 25476	640	2912	378	0	58
17	Solution - 23762	641	2881	368	0	55
18	Solution - 23762	641	2881	368	0	55
19	Solution - 23762	641	2881	368	0	55
20	Solution - 23762	641	2881	368	0	55
21	Solution - 23762	641	2881	368	0	55
22	Solution - 23762	641	2881	368	0	55
23	Solution - 23762	641	2881	368	0	55
24	Solution - 23762	641	2881	368	0	55
25	Solution - 23762	641	2881	368	0	55
26	Solution - 23762	641	2881	368	0	55
27	Solution - 23762	641	2881	368	0	55
28	Solution - 23762	641	2881	368	0	55
29	Solution - 23762	641	2881	368	0	55
30	Solution - 23762	641	2881	368	0	55
31	Solution - 23762	641	2881	368	0	55
32	Solution - 23762	641	2881	368	0	55
33	Solution - 23350	637	2877	348	0	57
34	Solution - 23350	637	2877	348	0	57
35	Solution - 23350	637	2877	348	0	57
36	Solution - 23350	637	2877	348	0	57
37	Solution - 23350	637	2877	348	0	57
38	Solution - 23350	637	2877	348	0	57
39	Solution - 23350	637	2877	348	0	57
40	Solution - 23350	637	2877	348	0	57
41	Solution - 23350	637	2877	348	0	57
42	Solution - 23350	637	2877	348	0	57
43	Solution - 23350	637	2877	348	0	57
44	Solution - 23350	637	2877	348	0	57
45	Solution - 23350	637	2877	348	0	57
46	Solution - 23350	637	2877	348	0	57
47	Solution - 23350	637	2877	348	0	57
48	Solution - 23350	637	2877	348	0	57
49	Solution - 23350	637	2877	348	0	57
50	Solution - 23350	637	2877	348	0	57
51	Solution - 23350	637	2877	348	0	57
52	Solution - 23350	637	2877	348	0	57
53	Solution - 23350	637	2877	348	0	57
54	Solution - 23350	637	2877	348	0	57
55	Solution - 23350	637	2877	348	0	57
56	Solution - 23350	637	2877	348	0	57
57	Solution - 23350	637	2877	348	0	57
58	Solution - 23350	637	2877	348	0	57
59	Solution - 23350	637	2877	348	0	57
60	Solution - 23350	637	2877	348	0	57
61	Solution - 23350	637	2877	348	0	57
62	Solution - 23350	637	2877	348	0	57
63	Solution - 23350	637	2877	348	0	57
64	Solution - 23350	637	2877	348	0	57
65	Solution - 23350	637	2877	348	0	57
66	Solution - 23350	637	2877	348	0	57
67	Solution - 23350	637	2877	348	0	57
68	Solution - 23350	637	2877	348	0	57
69	Solution - 23350	637	2877	348	0	57
70	Solution - 23350	637	2877	348	0	57
71	Solution - 23350	637	2877	348	0	57
72	Solution - 23350	637	2877	348	0	57
73	Solution - 23350	637	2877	348	0	57
74	Solution - 23350	637	2877	348	0	57
75	Solution - 23350	637	2877	348	0	57
76	Solution - 23350	637	2877	348	0	57
77	Solution - 23350	637	2877	348	0	57
78	Solution - 23350	637	2877	348	0	57
79	Solution - 23350	637	2877	348	0	57
80	Solution - 23350	637	2877	348	0	57
81	Solution - 23350	637	2877	348	0	57
82	Solution - 23350	637	2877	348	0	57
83	Solution - 22875	671	2995	337	0	57
84	Solution - 22875	671	2995	337	0	57
85	Solution - 22875	671	2995	337	0	57
86	Solution - 22875	671	2995	337	0	57
87	Solution - 22875	671	2995	337	0	57
88	Solution - 22875	671	2995	337	0	57
89	Solution - 22875	671	2995	337	0	57
90	Solution - 22875	671	2995	337	0	57
91	Solution - 22875	671	2995	337	0	57
92	Solution - 22875	671	2995	337	0	57
93	Solution - 22875	671	2995	337	0	57
94	Solution - 22875	671	2995	337	0	57
95	Solution - 22875	671	2995	337	0	57
96	Solution - 22875	671	2995	337	0	57
97	Solution - 22875	671	2995	337	0	57
98	Solution - 22875	671	2995	337	0	57
99	Solution - 22875	671	2995	337	0	57
