0	Solution - 27060	676	3010	403	0	58
1	Solution - 27060	676	3010	403	0	58
2	Solution - 27060	676	3010	403	0	58
3	Solution - 27060	676	3010	403	0	58
4	Solution - 26946	668	3032	394	0	59
5	Solution - 26946	668	3032	394	0	59
6	Solution - 25117	662	2963	398	1	54
7	Solution - 25117	662	2963	398	1	54
8	Solution - 25117	662	2963	398	1	54
9	Solution - 25117	662	2963	398	1	54
10	Solution - 25117	662	2963	398	1	54
11	Solution - 25117	662	2963	398	1	54
12	Solution - 25117	662	2963	398	1	54
13	Solution - 25117	662	2963	398	1	54
14	Solution - 25117	662	2963	398	1	54
15	Solution - 25117	662	2963	398	1	54
16	Solution - 25117	662	2963	398	1	54
17	Solution - 25117	662	2963	398	1	54
18	Solution - 25117	662	2963	398	1	54
19	Solution - 25117	662	2963	398	1	54
20	Solution - 25117	662	2963	398	1	54
21	Solution - 25117	662	2963	398	1	54
22	Solution - 25117	662	2963	398	1	54
23	Solution - 25117	662	2963	398	1	54
24	Solution - 23591	661	2978	344	0	58
25	Solution - 23591	661	2978	344	0	58
26	Solution - 23591	661	2978	344	0	58
27	Solution - 23591	661	2978	344	0	58
28	Solution - 23591	661	2978	344	0	58
29	Solution - 23591	661	2978	344	0	58
30	Solution - 23591	661	2978	344	0	58
31	Solution - 23591	661	2978	344	0	58
32	Solution - 23591	661	2978	344	0	58
33	Solution - 23591	661	2978	344	0	58
34	Solution - 23591	661	2978	344	0	58
35	Solution - 23591	661	2978	344	0	58
36	Solution - 23591	661	2978	344	0	58
37	Solution - 23591	661	2978	344	0	58
38	Solution - 23591	661	2978	344	0	58
39	Solution - 23591	661	2978	344	0	58
40	Solution - 23591	661	2978	344	0	58
41	Solution - 23591	661	2978	344	0	58
42	Solution - 23591	661	2978	344	0	58
43	Solution - 22379	686	3075	321	0	58
44	Solution - 22379	686	3075	321	0	58
45	Solution - 22379	686	3075	321	0	58
46	Solution - 22379	686	3075	321	0	58
47	Solution - 22379	686	3075	321	0	58
48	Solution - 22379	686	3075	321	0	58
49	Solution - 22379	686	3075	321	0	58
50	Solution - 22379	686	3075	321	0	58
51	Solution - 22379	686	3075	321	0	58
52	Solution - 22379	686	3075	321	0	58
53	Solution - 22379	686	3075	321	0	58
54	Solution - 22379	686	3075	321	0	58
55	Solution - 22379	686	3075	321	0	58
56	Solution - 22379	686	3075	321	0	58
57	Solution - 22379	686	3075	321	0	58
58	Solution - 22379	686	3075	321	0	58
59	Solution - 22379	686	3075	321	0	58
60	Solution - 22379	686	3075	321	0	58
61	Solution - 22379	686	3075	321	0	58
62	Solution - 22379	686	3075	321	0	58
63	Solution - 22379	686	3075	321	0	58
64	Solution - 22379	686	3075	321	0	58
65	Solution - 22379	686	3075	321	0	58
66	Solution - 22379	686	3075	321	0	58
67	Solution - 22379	686	3075	321	0	58
68	Solution - 22379	686	3075	321	0	58
69	Solution - 22379	686	3075	321	0	58
70	Solution - 22379	686	3075	321	0	58
71	Solution - 22379	686	3075	321	0	58
72	Solution - 22379	686	3075	321	0	58
73	Solution - 22379	686	3075	321	0	58
74	Solution - 22379	686	3075	321	0	58
75	Solution - 22379	686	3075	321	0	58
76	Solution - 22379	686	3075	321	0	58
77	Solution - 22379	686	3075	321	0	58
78	Solution - 22379	686	3075	321	0	58
79	Solution - 22379	686	3075	321	0	58
80	Solution - 22379	686	3075	321	0	58
81	Solution - 22379	686	3075	321	0	58
82	Solution - 22379	686	3075	321	0	58
83	Solution - 22379	686	3075	321	0	58
84	Solution - 22379	686	3075	321	0	58
85	Solution - 22379	686	3075	321	0	58
86	Solution - 22379	686	3075	321	0	58
87	Solution - 22379	686	3075	321	0	58
88	Solution - 22379	686	3075	321	0	58
89	Solution - 22379	686	3075	321	0	58
90	Solution - 22379	686	3075	321	0	58
91	Solution - 22379	686	3075	321	0	58
92	Solution - 22379	686	3075	321	0	58
93	Solution - 22379	686	3075	321	0	58
94	Solution - 22379	686	3075	321	0	58
95	Solution - 22379	686	3075	321	0	58
96	Solution - 22379	686	3075	321	0	58
97	Solution - 22379	686	3075	321	0	58
98	Solution - 22379	686	3075	321	0	58
99	Solution - 22379	686	3075	321	0	58
