25820
25820
25820
25820
25492
25037
25037
25037
25037
25037
25037
25037
25037
25037
25037
25037
25037
25037
25037
25037
23955
23955
23955
23955
23955
23955
23955
23955
23955
23705
23176
23176
23176
23176
23176
23176
23176
23176
23176
23176
23176
23176
23176
23176
23176
23176
23176
23176
23176
23176
23025
23025
23025
23025
23025
23025
23025
23025
23025
23025
23025
23025
23025
23025
23025
23025
23025
23025
23025
23025
23025
23025
23025
23025
23025
23025
23025
23025
23025
23025
23025
23025
23025
23025
23025
23025
23025
23025
23025
23025
23025
23025
23025
23025
23025
23025
23025
23025
23025
23025
