0	Solution - 7950	338	1522	174	0	35
1	Solution - 7950	338	1522	174	0	35
2	Solution - 7950	338	1522	174	0	35
3	Solution - 7950	338	1522	174	0	35
4	Solution - 7950	338	1522	174	0	35
5	Solution - 7950	338	1522	174	0	35
6	Solution - 7154	337	1513	156	0	34
7	Solution - 7154	337	1513	156	0	34
8	Solution - 7154	337	1513	156	0	34
9	Solution - 7154	337	1513	156	0	34
10	Solution - 6984	338	1512	151	0	34
11	Solution - 6975	336	1505	151	0	34
12	Solution - 6183	340	1525	127	1	34
13	Solution - 6183	340	1525	127	1	34
14	Solution - 6183	340	1525	127	1	34
15	Solution - 6183	340	1525	127	1	34
16	Solution - 6183	340	1525	127	1	34
17	Solution - 6183	340	1525	127	1	34
18	Solution - 6183	340	1525	127	1	34
19	Solution - 6183	340	1525	127	1	34
20	Solution - 6183	340	1525	127	1	34
21	Solution - 6183	340	1525	127	1	34
22	Solution - 6183	340	1525	127	1	34
23	Solution - 6183	340	1525	127	1	34
24	Solution - 6183	340	1525	127	1	34
25	Solution - 6183	340	1525	127	1	34
26	Solution - 6183	340	1525	127	1	34
27	Solution - 6183	340	1525	127	1	34
28	Solution - 6183	340	1525	127	1	34
29	Solution - 6183	340	1525	127	1	34
30	Solution - 6183	340	1525	127	1	34
31	Solution - 6183	340	1525	127	1	34
32	Solution - 6183	340	1525	127	1	34
33	Solution - 6183	340	1525	127	1	34
34	Solution - 6183	340	1525	127	1	34
35	Solution - 6183	340	1525	127	1	34
36	Solution - 6183	340	1525	127	1	34
37	Solution - 6183	340	1525	127	1	34
38	Solution - 6183	340	1525	127	1	34
39	Solution - 6183	340	1525	127	1	34
40	Solution - 6183	340	1525	127	1	34
41	Solution - 6183	340	1525	127	1	34
42	Solution - 6183	340	1525	127	1	34
43	Solution - 6183	340	1525	127	1	34
44	Solution - 6183	340	1525	127	1	34
45	Solution - 6183	340	1525	127	1	34
46	Solution - 6183	340	1525	127	1	34
47	Solution - 6183	340	1525	127	1	34
48	Solution - 6183	340	1525	127	1	34
49	Solution - 6183	340	1525	127	1	34
50	Solution - 6183	340	1525	127	1	34
51	Solution - 6183	340	1525	127	1	34
52	Solution - 6183	340	1525	127	1	34
53	Solution - 6183	340	1525	127	1	34
54	Solution - 6183	340	1525	127	1	34
55	Solution - 6183	340	1525	127	1	34
56	Solution - 6183	340	1525	127	1	34
57	Solution - 5996	344	1538	121	1	34
58	Solution - 5996	344	1538	121	1	34
59	Solution - 5996	344	1538	121	1	34
60	Solution - 5996	344	1538	121	1	34
61	Solution - 5996	344	1538	121	1	34
62	Solution - 5949	349	1554	119	1	34
63	Solution - 5949	349	1554	119	1	34
64	Solution - 5949	349	1554	119	1	34
65	Solution - 5949	349	1554	119	1	34
66	Solution - 5949	349	1554	119	1	34
67	Solution - 5949	349	1554	119	1	34
68	Solution - 5949	349	1554	119	1	34
69	Solution - 5949	349	1554	119	1	34
70	Solution - 5949	349	1554	119	1	34
71	Solution - 5949	349	1554	119	1	34
72	Solution - 5949	349	1554	119	1	34
73	Solution - 5949	349	1554	119	1	34
74	Solution - 5949	349	1554	119	1	34
75	Solution - 5949	349	1554	119	1	34
76	Solution - 5949	349	1554	119	1	34
77	Solution - 5949	349	1554	119	1	34
78	Solution - 5949	349	1554	119	1	34
79	Solution - 5949	349	1554	119	1	34
80	Solution - 5949	349	1554	119	1	34
81	Solution - 5949	349	1554	119	1	34
82	Solution - 5949	349	1554	119	1	34
83	Solution - 5949	349	1554	119	1	34
84	Solution - 5949	349	1554	119	1	34
85	Solution - 5949	349	1554	119	1	34
86	Solution - 5949	349	1554	119	1	34
87	Solution - 5949	349	1554	119	1	34
88	Solution - 5949	349	1554	119	1	34
89	Solution - 5949	349	1554	119	1	34
90	Solution - 5949	349	1554	119	1	34
91	Solution - 5949	349	1554	119	1	34
92	Solution - 5949	349	1554	119	1	34
93	Solution - 5949	349	1554	119	1	34
94	Solution - 5949	349	1554	119	1	34
95	Solution - 5949	349	1554	119	1	34
96	Solution - 5949	349	1554	119	1	34
97	Solution - 5949	349	1554	119	1	34
98	Solution - 5949	349	1554	119	1	34
99	Solution - 5949	349	1554	119	1	34
