0	Solution - 0	0	0	0	0	0
1	Solution - 0	0	0	0	0	0
2	Solution - 0	0	0	0	0	0
3	Solution - 0	0	0	0	0	0
4	Solution - 0	0	0	0	0	0
5	Solution - 0	0	0	0	0	0
6	Solution - 0	0	0	0	0	0
7	Solution - 0	0	0	0	0	0
8	Solution - 0	0	0	0	0	0
9	Solution - 0	0	0	0	0	0
10	Solution - 0	0	0	0	0	0
11	Solution - 0	0	0	0	0	0
12	Solution - 0	0	0	0	0	0
13	Solution - 0	0	0	0	0	0
14	Solution - 0	0	0	0	0	0
15	Solution - 7613	344	1545	159	1	36
16	Solution - 7613	344	1545	159	1	36
17	Solution - 7613	344	1545	159	1	36
18	Solution - 7613	344	1545	159	1	36
19	Solution - 7613	344	1545	159	1	36
20	Solution - 7613	344	1545	159	1	36
21	Solution - 7613	344	1545	159	1	36
22	Solution - 7613	344	1545	159	1	36
23	Solution - 7613	344	1545	159	1	36
24	Solution - 7613	344	1545	159	1	36
25	Solution - 7613	344	1545	159	1	36
26	Solution - 7613	344	1545	159	1	36
27	Solution - 7613	344	1545	159	1	36
28	Solution - 7613	344	1545	159	1	36
29	Solution - 7613	344	1545	159	1	36
30	Solution - 7613	344	1545	159	1	36
31	Solution - 7443	347	1552	154	1	36
32	Solution - 7443	347	1552	154	1	36
33	Solution - 7443	347	1552	154	1	36
34	Solution - 7443	347	1552	154	1	36
35	Solution - 7443	347	1552	154	1	36
36	Solution - 7443	347	1552	154	1	36
37	Solution - 7443	347	1552	154	1	36
38	Solution - 6786	344	1542	140	1	35
39	Solution - 6786	344	1542	140	1	35
40	Solution - 6786	344	1542	140	1	35
41	Solution - 6786	344	1542	140	1	35
42	Solution - 6786	344	1542	140	1	35
43	Solution - 6786	344	1542	140	1	35
44	Solution - 6786	344	1542	140	1	35
45	Solution - 6786	344	1542	140	1	35
46	Solution - 6786	344	1542	140	1	35
47	Solution - 6786	344	1542	140	1	35
48	Solution - 6786	344	1542	140	1	35
49	Solution - 6786	344	1542	140	1	35
50	Solution - 6786	344	1542	140	1	35
51	Solution - 6786	344	1542	140	1	35
52	Solution - 6786	344	1542	140	1	35
53	Solution - 6786	344	1542	140	1	35
54	Solution - 6786	344	1542	140	1	35
55	Solution - 6786	344	1542	140	1	35
56	Solution - 6786	344	1542	140	1	35
57	Solution - 6786	344	1542	140	1	35
58	Solution - 6786	344	1542	140	1	35
59	Solution - 6786	344	1542	140	1	35
60	Solution - 6786	344	1542	140	1	35
61	Solution - 6786	344	1542	140	1	35
62	Solution - 6786	344	1542	140	1	35
63	Solution - 6786	344	1542	140	1	35
64	Solution - 6786	344	1542	140	1	35
65	Solution - 6786	344	1542	140	1	35
66	Solution - 6786	344	1542	140	1	35
67	Solution - 6786	344	1542	140	1	35
68	Solution - 6786	344	1542	140	1	35
69	Solution - 6786	344	1542	140	1	35
70	Solution - 6786	344	1542	140	1	35
71	Solution - 6786	344	1542	140	1	35
72	Solution - 6786	344	1542	140	1	35
73	Solution - 6786	344	1542	140	1	35
74	Solution - 6786	344	1542	140	1	35
75	Solution - 6786	344	1542	140	1	35
76	Solution - 6786	344	1542	140	1	35
77	Solution - 6786	344	1542	140	1	35
78	Solution - 6786	344	1542	140	1	35
79	Solution - 6786	344	1542	140	1	35
80	Solution - 6786	344	1542	140	1	35
81	Solution - 6786	344	1542	140	1	35
82	Solution - 6786	344	1542	140	1	35
83	Solution - 6786	344	1542	140	1	35
84	Solution - 6786	344	1542	140	1	35
85	Solution - 6786	344	1542	140	1	35
86	Solution - 6786	344	1542	140	1	35
87	Solution - 6786	344	1542	140	1	35
88	Solution - 6786	344	1542	140	1	35
89	Solution - 6786	344	1542	140	1	35
90	Solution - 6786	344	1542	140	1	35
91	Solution - 6786	344	1542	140	1	35
92	Solution - 6786	344	1542	140	1	35
93	Solution - 6733	341	1530	143	1	34
94	Solution - 6733	341	1530	143	1	34
95	Solution - 6733	341	1530	143	1	34
96	Solution - 6733	341	1530	143	1	34
97	Solution - 6733	341	1530	143	1	34
98	Solution - 6733	341	1530	143	1	34
99	Solution - 6733	341	1530	143	1	34
