0	Solution - 0	0	0	0	0	0
1	Solution - 0	0	0	0	0	0
2	Solution - 0	0	0	0	0	0
3	Solution - 0	0	0	0	0	0
4	Solution - 0	0	0	0	0	0
5	Solution - 0	0	0	0	0	0
6	Solution - 0	0	0	0	0	0
7	Solution - 0	0	0	0	0	0
8	Solution - 0	0	0	0	0	0
9	Solution - 0	0	0	0	0	0
10	Solution - 0	0	0	0	0	0
11	Solution - 0	0	0	0	0	0
12	Solution - 0	0	0	0	0	0
13	Solution - 0	0	0	0	0	0
14	Solution - 0	0	0	0	0	0
15	Solution - 0	0	0	0	0	0
16	Solution - 0	0	0	0	0	0
17	Solution - 0	0	0	0	0	0
18	Solution - 8066	341	1530	177	0	35
19	Solution - 8066	341	1530	177	0	35
20	Solution - 8066	341	1530	177	0	35
21	Solution - 7707	346	1551	166	0	35
22	Solution - 7707	346	1551	166	0	35
23	Solution - 7707	346	1551	166	0	35
24	Solution - 7707	346	1551	166	0	35
25	Solution - 7707	346	1551	166	0	35
26	Solution - 7707	346	1551	166	0	35
27	Solution - 7181	346	1550	151	0	35
28	Solution - 7181	346	1550	151	0	35
29	Solution - 7181	346	1550	151	0	35
30	Solution - 7181	346	1550	151	0	35
31	Solution - 6342	347	1550	127	0	35
32	Solution - 6342	347	1550	127	0	35
33	Solution - 6342	347	1550	127	0	35
34	Solution - 6342	347	1550	127	0	35
35	Solution - 6342	347	1550	127	0	35
36	Solution - 6342	347	1550	127	0	35
37	Solution - 6342	347	1550	127	0	35
38	Solution - 6342	347	1550	127	0	35
39	Solution - 6342	347	1550	127	0	35
40	Solution - 6342	347	1550	127	0	35
41	Solution - 6342	347	1550	127	0	35
42	Solution - 6342	347	1550	127	0	35
43	Solution - 6342	347	1550	127	0	35
44	Solution - 6342	347	1550	127	0	35
45	Solution - 6342	347	1550	127	0	35
46	Solution - 6342	347	1550	127	0	35
47	Solution - 6342	347	1550	127	0	35
48	Solution - 6342	347	1550	127	0	35
49	Solution - 6342	347	1550	127	0	35
50	Solution - 6342	347	1550	127	0	35
51	Solution - 6342	347	1550	127	0	35
52	Solution - 6342	347	1550	127	0	35
53	Solution - 6342	347	1550	127	0	35
54	Solution - 6342	347	1550	127	0	35
55	Solution - 6342	347	1550	127	0	35
56	Solution - 6213	350	1558	123	0	35
57	Solution - 6213	350	1558	123	0	35
58	Solution - 6213	350	1558	123	0	35
59	Solution - 6213	350	1558	123	0	35
60	Solution - 6213	350	1558	123	0	35
61	Solution - 6213	350	1558	123	0	35
62	Solution - 6213	350	1558	123	0	35
63	Solution - 6213	350	1558	123	0	35
64	Solution - 5907	352	1565	114	0	35
65	Solution - 5907	352	1565	114	0	35
66	Solution - 5907	352	1565	114	0	35
67	Solution - 5907	352	1565	114	0	35
68	Solution - 5907	352	1565	114	0	35
69	Solution - 5907	352	1565	114	0	35
70	Solution - 5907	352	1565	114	0	35
71	Solution - 5907	352	1565	114	0	35
72	Solution - 5907	352	1565	114	0	35
73	Solution - 5907	352	1565	114	0	35
74	Solution - 5907	352	1565	114	0	35
75	Solution - 5907	352	1565	114	0	35
76	Solution - 5907	352	1565	114	0	35
77	Solution - 5907	352	1565	114	0	35
78	Solution - 5907	352	1565	114	0	35
79	Solution - 5907	352	1565	114	0	35
80	Solution - 5907	352	1565	114	0	35
81	Solution - 5907	352	1565	114	0	35
82	Solution - 5907	352	1565	114	0	35
83	Solution - 5907	352	1565	114	0	35
84	Solution - 5907	352	1565	114	0	35
85	Solution - 5907	352	1565	114	0	35
86	Solution - 5907	352	1565	114	0	35
87	Solution - 5907	352	1565	114	0	35
88	Solution - 5907	352	1565	114	0	35
89	Solution - 5907	352	1565	114	0	35
90	Solution - 5907	352	1565	114	0	35
91	Solution - 5907	352	1565	114	0	35
92	Solution - 5907	352	1565	114	0	35
93	Solution - 5907	352	1565	114	0	35
94	Solution - 5907	352	1565	114	0	35
95	Solution - 5907	352	1565	114	0	35
96	Solution - 5907	352	1565	114	0	35
97	Solution - 5907	352	1565	114	0	35
98	Solution - 5907	352	1565	114	0	35
99	Solution - 5907	352	1565	114	0	35
