7950
7950
7950
7950
7950
7950
7154
7154
7154
7154
6984
6975
6183
6183
6183
6183
6183
6183
6183
6183
6183
6183
6183
6183
6183
6183
6183
6183
6183
6183
6183
6183
6183
6183
6183
6183
6183
6183
6183
6183
6183
6183
6183
6183
6183
6183
6183
6183
6183
6183
6183
6183
6183
6183
6183
6183
6183
5996
5996
5996
5996
5996
5949
5949
5949
5949
5949
5949
5949
5949
5949
5949
5949
5949
5949
5949
5949
5949
5949
5949
5949
5949
5949
5949
5949
5949
5949
5949
5949
5949
5949
5949
5949
5949
5949
5949
5949
5949
5949
5949
