[]
[]
[]
[]
[]
[]
[]
[]
[]
[]
[]
[]
[]
[]
[]
[]
[]
[]
[]
[]
[]
[]
[]
[]
[]
[]
[]
[]
[]
[]
[]
[]
[]
[]
[]
[]
[]
[]
[]
[]
[]
[]
[]
[]
[]
[]
[]
[]
[]
[]
[]
[]
[]
[]
[]
[]
[]
[]
[]
[]
[]
[]
[]
[]
[]
[]
[]
[]
[]
[]
[]
[]
[]
[]
[]
[]
[]
[]
[]
[]
[0, -425, 5, -431, 4, -431, 3, -431, 46, -440, 3, -445, 4, -445, 46, -454, 5, -461, 0, -471, 0, -436, 23, -441, 51, -441, 44, -450, 23, -463, 51, -471, 44, -475, 0, -482, 0, -509, 59, -514, 45, -522, 37, -529, 39, -539, 59, -546, 45, -552, 37, -560, 39, -560, 0, -567, 0, -548, 38, -555, 71, -555, 69, -563, 68, -572, 38, -576, 71, -585, 69, -595, 68, -603, 0, -612, 0, -511, 25, -519, 16, -525, 73, -534, 86, -542, 25, -548, 16, -548, 73, -551, 86, -558, 0, -564, 0, -492, 42, -495, 31, -502, 66, -507, 42, -512, 31, -524, 66, -528, 0, -535, 0, -427, 57, -432, 87, -432, 1, -435, 70, -442, 57, -454, 87, -458, 1, -467, 70, -475, 0, -482, 0, -548, 30, -553, 8, -553, 26, -562, 80, -567, 30, -572, 8, -577, 26, -588, 80, -588, 0, -598, 0, -515, 19, -518, 56, -518, 79, -522, 75, -528, 19, -537, 56, -545, 79, -553, 75, -560, 0, -570, 0, -504, 18, -512, 13, -522, 24, -530, 18, -530, 13, -535, 24, -541, 0, -549, 0, -569, 21, -574, 7, -584, 65, -591, 98, -591, 21, -596, 7, -596, 65, -596, 98, -596, 0, -602, 0, -457, 2, -460, 12, -460, 85, -461, 2, -470, 12, -478, 85, -484, 0, -492, 0, -587, 64, -590, 64, -597, 0, -603, 0, -547, 100, -554, 14, -562, 74, -568, 63, -573, 100, -577, 14, -581, 74, -581, 63, -581, 0, -590, 0, -587, 94, -593, 94, -598, 0, -604, 0, -497, 35, -502, 32, -508, 67, -518, 81, -522, 35, -522, 32, -522, 67, -522, 81, -529, 0, -535, 0, -573, 78, -577, 92, -586, 78, -596, 92, -600, 0, -609, 0, -531, 40, -537, 28, -537, 52, -546, 36, -554, 40, -558, 28, -564, 52, -564, 36, -571, 0, -578, 0, -441, 54, -446, 29, -455, 54, -464, 29, -464, 0, -471, 0, -547, 77, -553, 62, -558, 11, -566, 47, -575, 77, -588, 62, -598, 11, -598, 47, -598, 0, -605, 0, -433, 10, -439, 97, -451, 61, -452, 82, -452, 10, -452, 97, -456, 61, -461, 82, -470, 0, -480, 0, -533, 83, -544, 48, -554, 60, -558, 95, -562, 83, -570, 48, -580, 60, -580, 95, -589, 0, -597, 0, -503, 72, -508, 50, -508, 84, -516, 89, -520, 72, -526, 50, -535, 84, -535, 89, -535, 0, -545, 0, -444, 99, -451, 99, -458, 0, -468, 0, -494, 49, -500, 49, -509, 0, -519, 0, -517, 93, -523, 22, -528, 93, -535, 22, -544, 0, -551, 0, -487, 20, -493, 27, -501, 20, -501, 27, -507, 0, -514, 0, -537, 96, -543, 53, -550, 55, -550, 9, -560, 96, -570, 53, -570, 55, -584, 9, -589, 0, -598, 0, -480, 17, -490, 17, -499, 0, -505, 0, -566, 76, -576, 76, -581, 0, -590, 0, -538, 43, -548, 33, -558, 43, -569, 33, -574, 0, -584, 0, -526, 34, -530, 91, -536, 34, -539, 91, -549, 0, -559, 0, -513, 58, -522, 58, -529, 0, -536, 0, -469, 88, -475, 15, -480, 90, -487, 88, -498, 15, -503, 90, -508, 0, -518, 0, -458, 6, -469, 6, -478, 0, -485, 0, -541, 41, -552, 41, -561, 0, -568]
[0, -425, 5, -431, 4, -431, 3, -431, 46, -440, 3, -445, 4, -445, 46, -454, 5, -461, 0, -471, 0, -436, 23, -441, 51, -441, 44, -450, 23, -463, 51, -471, 44, -475, 0, -482, 0, -509, 59, -514, 45, -522, 37, -529, 39, -539, 59, -546, 45, -552, 37, -560, 39, -560, 0, -567, 0, -548, 38, -555, 71, -555, 69, -563, 68, -572, 38, -576, 71, -585, 69, -595, 68, -603, 0, -612, 0, -511, 25, -519, 16, -525, 73, -534, 86, -542, 25, -548, 16, -548, 73, -551, 86, -558, 0, -564, 0, -492, 42, -495, 31, -502, 66, -507, 42, -512, 31, -524, 66, -528, 0, -535, 0, -427, 57, -432, 87, -432, 1, -435, 70, -442, 57, -454, 87, -458, 1, -467, 70, -475, 0, -482, 0, -548, 30, -553, 8, -553, 26, -562, 80, -567, 30, -572, 8, -577, 26, -588, 80, -588, 0, -598, 0, -515, 19, -518, 56, -518, 79, -522, 75, -528, 19, -537, 56, -545, 79, -553, 75, -560, 0, -570, 0, -504, 18, -512, 13, -522, 24, -530, 18, -530, 13, -535, 24, -541, 0, -549, 0, -569, 21, -574, 7, -584, 65, -591, 98, -591, 21, -596, 7, -596, 65, -596, 98, -596, 0, -602, 0, -457, 2, -460, 12, -460, 85, -461, 2, -470, 12, -478, 85, -484, 0, -492, 0, -587, 64, -590, 64, -597, 0, -603, 0, -547, 100, -554, 14, -562, 74, -568, 63, -573, 100, -577, 14, -581, 74, -581, 63, -581, 0, -590, 0, -587, 94, -593, 94, -598, 0, -604, 0, -497, 35, -502, 32, -508, 67, -518, 81, -522, 35, -522, 32, -522, 67, -522, 81, -529, 0, -535, 0, -573, 78, -577, 92, -586, 78, -596, 92, -600, 0, -609, 0, -531, 40, -537, 28, -537, 52, -546, 36, -554, 40, -558, 28, -564, 52, -564, 36, -571, 0, -578, 0, -441, 54, -446, 29, -455, 54, -464, 29, -464, 0, -471, 0, -547, 77, -553, 62, -558, 11, -566, 47, -575, 77, -588, 62, -598, 11, -598, 47, -598, 0, -605, 0, -433, 10, -439, 97, -451, 61, -452, 82, -452, 10, -452, 97, -456, 61, -461, 82, -470, 0, -480, 0, -533, 83, -544, 48, -554, 60, -558, 95, -562, 83, -570, 48, -580, 60, -580, 95, -589, 0, -597, 0, -503, 72, -508, 50, -508, 84, -516, 89, -520, 72, -526, 50, -535, 84, -535, 89, -535, 0, -545, 0, -444, 99, -451, 99, -458, 0, -468, 0, -494, 49, -500, 49, -509, 0, -519, 0, -517, 93, -523, 22, -528, 93, -535, 22, -544, 0, -551, 0, -487, 20, -493, 27, -501, 20, -501, 27, -507, 0, -514, 0, -537, 96, -543, 53, -550, 55, -550, 9, -560, 96, -570, 53, -570, 55, -584, 9, -589, 0, -598, 0, -480, 17, -490, 17, -499, 0, -505, 0, -566, 76, -576, 76, -581, 0, -590, 0, -538, 43, -548, 33, -558, 43, -569, 33, -574, 0, -584, 0, -526, 34, -530, 91, -536, 34, -539, 91, -549, 0, -559, 0, -513, 58, -522, 58, -529, 0, -536, 0, -469, 88, -475, 15, -480, 90, -487, 88, -498, 15, -503, 90, -508, 0, -518, 0, -458, 6, -469, 6, -478, 0, -485, 0, -541, 41, -552, 41, -561, 0, -568]
[0, -425, 5, -431, 4, -431, 3, -431, 46, -440, 3, -445, 4, -445, 46, -454, 5, -461, 0, -471, 0, -436, 23, -441, 51, -441, 44, -450, 23, -463, 51, -471, 44, -475, 0, -482, 0, -509, 59, -514, 45, -522, 37, -529, 39, -539, 59, -546, 45, -552, 37, -560, 39, -560, 0, -567, 0, -548, 38, -555, 71, -555, 69, -563, 68, -572, 38, -576, 71, -585, 69, -595, 68, -603, 0, -612, 0, -511, 25, -519, 16, -525, 73, -534, 86, -542, 25, -548, 16, -548, 73, -551, 86, -558, 0, -564, 0, -492, 42, -495, 31, -502, 66, -507, 42, -512, 31, -524, 66, -528, 0, -535, 0, -427, 57, -432, 87, -432, 1, -435, 70, -442, 57, -454, 87, -458, 1, -467, 70, -475, 0, -482, 0, -548, 30, -553, 8, -553, 26, -562, 80, -567, 30, -572, 8, -577, 26, -588, 80, -588, 0, -598, 0, -515, 19, -518, 56, -518, 79, -522, 75, -528, 19, -537, 56, -545, 79, -553, 75, -560, 0, -570, 0, -504, 18, -512, 13, -522, 24, -530, 18, -530, 13, -535, 24, -541, 0, -549, 0, -569, 21, -574, 7, -584, 65, -591, 98, -591, 21, -596, 7, -596, 65, -596, 98, -596, 0, -602, 0, -457, 2, -460, 12, -460, 85, -461, 2, -470, 12, -478, 85, -484, 0, -492, 0, -587, 64, -590, 64, -597, 0, -603, 0, -547, 100, -554, 14, -562, 74, -568, 63, -573, 100, -577, 14, -581, 74, -581, 63, -581, 0, -590, 0, -587, 94, -593, 94, -598, 0, -604, 0, -497, 35, -502, 32, -508, 67, -518, 81, -522, 35, -522, 32, -522, 67, -522, 81, -529, 0, -535, 0, -573, 78, -577, 92, -586, 78, -596, 92, -600, 0, -609, 0, -531, 40, -537, 28, -537, 52, -546, 36, -554, 40, -558, 28, -564, 52, -564, 36, -571, 0, -578, 0, -441, 54, -446, 29, -455, 54, -464, 29, -464, 0, -471, 0, -547, 77, -553, 62, -558, 11, -566, 47, -575, 77, -588, 62, -598, 11, -598, 47, -598, 0, -605, 0, -433, 10, -439, 97, -451, 61, -452, 82, -452, 10, -452, 97, -456, 61, -461, 82, -470, 0, -480, 0, -533, 83, -544, 48, -554, 60, -558, 95, -562, 83, -570, 48, -580, 60, -580, 95, -589, 0, -597, 0, -503, 72, -508, 50, -508, 84, -516, 89, -520, 72, -526, 50, -535, 84, -535, 89, -535, 0, -545, 0, -444, 99, -451, 99, -458, 0, -468, 0, -494, 49, -500, 49, -509, 0, -519, 0, -517, 93, -523, 22, -528, 93, -535, 22, -544, 0, -551, 0, -487, 20, -493, 27, -501, 20, -501, 27, -507, 0, -514, 0, -537, 96, -543, 53, -550, 55, -550, 9, -560, 96, -570, 53, -570, 55, -584, 9, -589, 0, -598, 0, -480, 17, -490, 17, -499, 0, -505, 0, -566, 76, -576, 76, -581, 0, -590, 0, -538, 43, -548, 33, -558, 43, -569, 33, -574, 0, -584, 0, -526, 34, -530, 91, -536, 34, -539, 91, -549, 0, -559, 0, -513, 58, -522, 58, -529, 0, -536, 0, -469, 88, -475, 15, -480, 90, -487, 88, -498, 15, -503, 90, -508, 0, -518, 0, -458, 6, -469, 6, -478, 0, -485, 0, -541, 41, -552, 41, -561, 0, -568]
[0, -425, 5, -431, 4, -431, 3, -431, 46, -440, 3, -445, 4, -445, 46, -454, 5, -461, 0, -471, 0, -436, 23, -441, 51, -441, 44, -450, 23, -463, 51, -471, 44, -475, 0, -482, 0, -509, 59, -514, 45, -522, 37, -529, 39, -539, 59, -546, 45, -552, 37, -560, 39, -560, 0, -567, 0, -548, 38, -555, 71, -555, 69, -563, 68, -572, 38, -576, 71, -585, 69, -595, 68, -603, 0, -612, 0, -511, 25, -519, 16, -525, 73, -534, 86, -542, 25, -548, 16, -548, 73, -551, 86, -558, 0, -564, 0, -492, 42, -495, 31, -502, 66, -507, 42, -512, 31, -524, 66, -528, 0, -535, 0, -427, 57, -432, 87, -432, 1, -435, 70, -442, 57, -454, 87, -458, 1, -467, 70, -475, 0, -482, 0, -548, 30, -553, 8, -553, 26, -562, 80, -567, 30, -572, 8, -577, 26, -588, 80, -588, 0, -598, 0, -515, 19, -518, 56, -518, 79, -522, 75, -528, 19, -537, 56, -545, 79, -553, 75, -560, 0, -570, 0, -504, 18, -512, 13, -522, 24, -530, 18, -530, 13, -535, 24, -541, 0, -549, 0, -569, 21, -574, 7, -584, 65, -591, 98, -591, 21, -596, 7, -596, 65, -596, 98, -596, 0, -602, 0, -457, 2, -460, 12, -460, 85, -461, 2, -470, 12, -478, 85, -484, 0, -492, 0, -587, 64, -590, 64, -597, 0, -603, 0, -547, 100, -554, 14, -562, 74, -568, 63, -573, 100, -577, 14, -581, 74, -581, 63, -581, 0, -590, 0, -587, 94, -593, 94, -598, 0, -604, 0, -497, 35, -502, 32, -508, 67, -518, 81, -522, 35, -522, 32, -522, 67, -522, 81, -529, 0, -535, 0, -573, 78, -577, 92, -586, 78, -596, 92, -600, 0, -609, 0, -531, 40, -537, 28, -537, 52, -546, 36, -554, 40, -558, 28, -564, 52, -564, 36, -571, 0, -578, 0, -441, 54, -446, 29, -455, 54, -464, 29, -464, 0, -471, 0, -547, 77, -553, 62, -558, 11, -566, 47, -575, 77, -588, 62, -598, 11, -598, 47, -598, 0, -605, 0, -433, 10, -439, 97, -451, 61, -452, 82, -452, 10, -452, 97, -456, 61, -461, 82, -470, 0, -480, 0, -533, 83, -544, 48, -554, 60, -558, 95, -562, 83, -570, 48, -580, 60, -580, 95, -589, 0, -597, 0, -503, 72, -508, 50, -508, 84, -516, 89, -520, 72, -526, 50, -535, 84, -535, 89, -535, 0, -545, 0, -444, 99, -451, 99, -458, 0, -468, 0, -494, 49, -500, 49, -509, 0, -519, 0, -517, 93, -523, 22, -528, 93, -535, 22, -544, 0, -551, 0, -487, 20, -493, 27, -501, 20, -501, 27, -507, 0, -514, 0, -537, 96, -543, 53, -550, 55, -550, 9, -560, 96, -570, 53, -570, 55, -584, 9, -589, 0, -598, 0, -480, 17, -490, 17, -499, 0, -505, 0, -566, 76, -576, 76, -581, 0, -590, 0, -538, 43, -548, 33, -558, 43, -569, 33, -574, 0, -584, 0, -526, 34, -530, 91, -536, 34, -539, 91, -549, 0, -559, 0, -513, 58, -522, 58, -529, 0, -536, 0, -469, 88, -475, 15, -480, 90, -487, 88, -498, 15, -503, 90, -508, 0, -518, 0, -458, 6, -469, 6, -478, 0, -485, 0, -541, 41, -552, 41, -561, 0, -568]
[0, -425, 5, -431, 4, -431, 3, -431, 46, -440, 3, -445, 4, -445, 46, -454, 5, -461, 0, -471, 0, -436, 23, -441, 51, -441, 44, -450, 23, -463, 51, -471, 44, -475, 0, -482, 0, -509, 59, -514, 45, -522, 37, -529, 39, -539, 59, -546, 45, -552, 37, -560, 39, -560, 0, -567, 0, -548, 38, -555, 71, -555, 69, -563, 68, -572, 38, -576, 71, -585, 69, -595, 68, -603, 0, -612, 0, -511, 25, -519, 16, -525, 73, -534, 86, -542, 25, -548, 16, -548, 73, -551, 86, -558, 0, -564, 0, -492, 42, -495, 31, -502, 66, -507, 42, -512, 31, -524, 66, -528, 0, -535, 0, -427, 57, -432, 87, -432, 1, -435, 70, -442, 57, -454, 87, -458, 1, -467, 70, -475, 0, -482, 0, -548, 30, -553, 8, -553, 26, -562, 80, -567, 30, -572, 8, -577, 26, -588, 80, -588, 0, -598, 0, -515, 19, -518, 56, -518, 79, -522, 75, -528, 19, -537, 56, -545, 79, -553, 75, -560, 0, -570, 0, -504, 18, -512, 13, -522, 24, -530, 18, -530, 13, -535, 24, -541, 0, -549, 0, -569, 21, -574, 7, -584, 65, -591, 98, -591, 21, -596, 7, -596, 65, -596, 98, -596, 0, -602, 0, -457, 2, -460, 12, -460, 85, -461, 2, -470, 12, -478, 85, -484, 0, -492, 0, -587, 64, -590, 64, -597, 0, -603, 0, -547, 100, -554, 14, -562, 74, -568, 63, -573, 100, -577, 14, -581, 74, -581, 63, -581, 0, -590, 0, -587, 94, -593, 94, -598, 0, -604, 0, -497, 35, -502, 32, -508, 67, -518, 81, -522, 35, -522, 32, -522, 67, -522, 81, -529, 0, -535, 0, -573, 78, -577, 92, -586, 78, -596, 92, -600, 0, -609, 0, -531, 40, -537, 28, -537, 52, -546, 36, -554, 40, -558, 28, -564, 52, -564, 36, -571, 0, -578, 0, -441, 54, -446, 29, -455, 54, -464, 29, -464, 0, -471, 0, -547, 77, -553, 62, -558, 11, -566, 47, -575, 77, -588, 62, -598, 11, -598, 47, -598, 0, -605, 0, -433, 10, -439, 97, -451, 61, -452, 82, -452, 10, -452, 97, -456, 61, -461, 82, -470, 0, -480, 0, -533, 83, -544, 48, -554, 60, -558, 95, -562, 83, -570, 48, -580, 60, -580, 95, -589, 0, -597, 0, -503, 72, -508, 50, -508, 84, -516, 89, -520, 72, -526, 50, -535, 84, -535, 89, -535, 0, -545, 0, -444, 99, -451, 99, -458, 0, -468, 0, -494, 49, -500, 49, -509, 0, -519, 0, -517, 93, -523, 22, -528, 93, -535, 22, -544, 0, -551, 0, -487, 20, -493, 27, -501, 20, -501, 27, -507, 0, -514, 0, -537, 96, -543, 53, -550, 55, -550, 9, -560, 96, -570, 53, -570, 55, -584, 9, -589, 0, -598, 0, -480, 17, -490, 17, -499, 0, -505, 0, -566, 76, -576, 76, -581, 0, -590, 0, -538, 43, -548, 33, -558, 43, -569, 33, -574, 0, -584, 0, -526, 34, -530, 91, -536, 34, -539, 91, -549, 0, -559, 0, -513, 58, -522, 58, -529, 0, -536, 0, -469, 88, -475, 15, -480, 90, -487, 88, -498, 15, -503, 90, -508, 0, -518, 0, -458, 6, -469, 6, -478, 0, -485, 0, -541, 41, -552, 41, -561, 0, -568]
[0, -425, 5, -431, 4, -431, 3, -431, 46, -440, 3, -445, 4, -445, 46, -454, 5, -461, 0, -471, 0, -436, 23, -441, 51, -441, 44, -450, 23, -463, 51, -471, 44, -475, 0, -482, 0, -509, 59, -514, 45, -522, 37, -529, 39, -539, 59, -546, 45, -552, 37, -560, 39, -560, 0, -567, 0, -548, 38, -555, 71, -555, 69, -563, 68, -572, 38, -576, 71, -585, 69, -595, 68, -603, 0, -612, 0, -511, 25, -519, 16, -525, 73, -534, 86, -542, 25, -548, 16, -548, 73, -551, 86, -558, 0, -564, 0, -492, 42, -495, 31, -502, 66, -507, 42, -512, 31, -524, 66, -528, 0, -535, 0, -427, 57, -432, 87, -432, 1, -435, 70, -442, 57, -454, 87, -458, 1, -467, 70, -475, 0, -482, 0, -548, 30, -553, 8, -553, 26, -562, 80, -567, 30, -572, 8, -577, 26, -588, 80, -588, 0, -598, 0, -515, 19, -518, 56, -518, 79, -522, 75, -528, 19, -537, 56, -545, 79, -553, 75, -560, 0, -570, 0, -504, 18, -512, 13, -522, 24, -530, 18, -530, 13, -535, 24, -541, 0, -549, 0, -569, 21, -574, 7, -584, 65, -591, 98, -591, 21, -596, 7, -596, 65, -596, 98, -596, 0, -602, 0, -457, 2, -460, 12, -460, 85, -461, 2, -470, 12, -478, 85, -484, 0, -492, 0, -587, 64, -590, 64, -597, 0, -603, 0, -547, 100, -554, 14, -562, 74, -568, 63, -573, 100, -577, 14, -581, 74, -581, 63, -581, 0, -590, 0, -587, 94, -593, 94, -598, 0, -604, 0, -497, 35, -502, 32, -508, 67, -518, 81, -522, 35, -522, 32, -522, 67, -522, 81, -529, 0, -535, 0, -573, 78, -577, 92, -586, 78, -596, 92, -600, 0, -609, 0, -531, 40, -537, 28, -537, 52, -546, 36, -554, 40, -558, 28, -564, 52, -564, 36, -571, 0, -578, 0, -441, 54, -446, 29, -455, 54, -464, 29, -464, 0, -471, 0, -547, 77, -553, 62, -558, 11, -566, 47, -575, 77, -588, 62, -598, 11, -598, 47, -598, 0, -605, 0, -433, 10, -439, 97, -451, 61, -452, 82, -452, 10, -452, 97, -456, 61, -461, 82, -470, 0, -480, 0, -533, 83, -544, 48, -554, 60, -558, 95, -562, 83, -570, 48, -580, 60, -580, 95, -589, 0, -597, 0, -503, 72, -508, 50, -508, 84, -516, 89, -520, 72, -526, 50, -535, 84, -535, 89, -535, 0, -545, 0, -444, 99, -451, 99, -458, 0, -468, 0, -494, 49, -500, 49, -509, 0, -519, 0, -517, 93, -523, 22, -528, 93, -535, 22, -544, 0, -551, 0, -487, 20, -493, 27, -501, 20, -501, 27, -507, 0, -514, 0, -537, 96, -543, 53, -550, 55, -550, 9, -560, 96, -570, 53, -570, 55, -584, 9, -589, 0, -598, 0, -480, 17, -490, 17, -499, 0, -505, 0, -566, 76, -576, 76, -581, 0, -590, 0, -538, 43, -548, 33, -558, 43, -569, 33, -574, 0, -584, 0, -526, 34, -530, 91, -536, 34, -539, 91, -549, 0, -559, 0, -513, 58, -522, 58, -529, 0, -536, 0, -469, 88, -475, 15, -480, 90, -487, 88, -498, 15, -503, 90, -508, 0, -518, 0, -458, 6, -469, 6, -478, 0, -485, 0, -541, 41, -552, 41, -561, 0, -568]
[0, -425, 5, -431, 4, -431, 3, -431, 46, -440, 3, -445, 4, -445, 46, -454, 5, -461, 0, -471, 0, -436, 23, -441, 51, -441, 44, -450, 23, -463, 51, -471, 44, -475, 0, -482, 0, -509, 59, -514, 45, -522, 37, -529, 39, -539, 59, -546, 45, -552, 37, -560, 39, -560, 0, -567, 0, -548, 38, -555, 71, -555, 69, -563, 68, -572, 38, -576, 71, -585, 69, -595, 68, -603, 0, -612, 0, -511, 25, -519, 16, -525, 73, -534, 86, -542, 25, -548, 16, -548, 73, -551, 86, -558, 0, -564, 0, -492, 42, -495, 31, -502, 66, -507, 42, -512, 31, -524, 66, -528, 0, -535, 0, -427, 57, -432, 87, -432, 1, -435, 70, -442, 57, -454, 87, -458, 1, -467, 70, -475, 0, -482, 0, -548, 30, -553, 8, -553, 26, -562, 80, -567, 30, -572, 8, -577, 26, -588, 80, -588, 0, -598, 0, -515, 19, -518, 56, -518, 79, -522, 75, -528, 19, -537, 56, -545, 79, -553, 75, -560, 0, -570, 0, -504, 18, -512, 13, -522, 24, -530, 18, -530, 13, -535, 24, -541, 0, -549, 0, -569, 21, -574, 7, -584, 65, -591, 98, -591, 21, -596, 7, -596, 65, -596, 98, -596, 0, -602, 0, -457, 2, -460, 12, -460, 85, -461, 2, -470, 12, -478, 85, -484, 0, -492, 0, -587, 64, -590, 64, -597, 0, -603, 0, -547, 100, -554, 14, -562, 74, -568, 63, -573, 100, -577, 14, -581, 74, -581, 63, -581, 0, -590, 0, -587, 94, -593, 94, -598, 0, -604, 0, -497, 35, -502, 32, -508, 67, -518, 81, -522, 35, -522, 32, -522, 67, -522, 81, -529, 0, -535, 0, -573, 78, -577, 92, -586, 78, -596, 92, -600, 0, -609, 0, -531, 40, -537, 28, -537, 52, -546, 36, -554, 40, -558, 28, -564, 52, -564, 36, -571, 0, -578, 0, -441, 54, -446, 29, -455, 54, -464, 29, -464, 0, -471, 0, -547, 77, -553, 62, -558, 11, -566, 47, -575, 77, -588, 62, -598, 11, -598, 47, -598, 0, -605, 0, -433, 10, -439, 97, -451, 61, -452, 82, -452, 10, -452, 97, -456, 61, -461, 82, -470, 0, -480, 0, -533, 83, -544, 48, -554, 60, -558, 95, -562, 83, -570, 48, -580, 60, -580, 95, -589, 0, -597, 0, -503, 72, -508, 50, -508, 84, -516, 89, -520, 72, -526, 50, -535, 84, -535, 89, -535, 0, -545, 0, -444, 99, -451, 99, -458, 0, -468, 0, -494, 49, -500, 49, -509, 0, -519, 0, -517, 93, -523, 22, -528, 93, -535, 22, -544, 0, -551, 0, -487, 20, -493, 27, -501, 20, -501, 27, -507, 0, -514, 0, -537, 96, -543, 53, -550, 55, -550, 9, -560, 96, -570, 53, -570, 55, -584, 9, -589, 0, -598, 0, -480, 17, -490, 17, -499, 0, -505, 0, -566, 76, -576, 76, -581, 0, -590, 0, -538, 43, -548, 33, -558, 43, -569, 33, -574, 0, -584, 0, -526, 34, -530, 91, -536, 34, -539, 91, -549, 0, -559, 0, -513, 58, -522, 58, -529, 0, -536, 0, -469, 88, -475, 15, -480, 90, -487, 88, -498, 15, -503, 90, -508, 0, -518, 0, -458, 6, -469, 6, -478, 0, -485, 0, -541, 41, -552, 41, -561, 0, -568]
[0, -425, 5, -431, 4, -431, 3, -431, 46, -440, 3, -445, 4, -445, 46, -454, 5, -461, 0, -471, 0, -436, 23, -441, 51, -441, 44, -450, 23, -463, 51, -471, 44, -475, 0, -482, 0, -509, 59, -514, 45, -522, 37, -529, 39, -539, 59, -546, 45, -552, 37, -560, 39, -560, 0, -567, 0, -548, 38, -555, 71, -555, 69, -563, 68, -572, 38, -576, 71, -585, 69, -595, 68, -603, 0, -612, 0, -511, 25, -519, 16, -525, 73, -534, 86, -542, 25, -548, 16, -548, 73, -551, 86, -558, 0, -564, 0, -492, 42, -495, 31, -502, 66, -507, 42, -512, 31, -524, 66, -528, 0, -535, 0, -427, 57, -432, 87, -432, 1, -435, 70, -442, 57, -454, 87, -458, 1, -467, 70, -475, 0, -482, 0, -548, 30, -553, 8, -553, 26, -562, 80, -567, 30, -572, 8, -577, 26, -588, 80, -588, 0, -598, 0, -515, 19, -518, 56, -518, 79, -522, 75, -528, 19, -537, 56, -545, 79, -553, 75, -560, 0, -570, 0, -504, 18, -512, 13, -522, 24, -530, 18, -530, 13, -535, 24, -541, 0, -549, 0, -569, 21, -574, 7, -584, 65, -591, 98, -591, 21, -596, 7, -596, 65, -596, 98, -596, 0, -602, 0, -457, 2, -460, 12, -460, 85, -461, 2, -470, 12, -478, 85, -484, 0, -492, 0, -587, 64, -590, 64, -597, 0, -603, 0, -547, 100, -554, 14, -562, 74, -568, 63, -573, 100, -577, 14, -581, 74, -581, 63, -581, 0, -590, 0, -587, 94, -593, 94, -598, 0, -604, 0, -497, 35, -502, 32, -508, 67, -518, 81, -522, 35, -522, 32, -522, 67, -522, 81, -529, 0, -535, 0, -573, 78, -577, 92, -586, 78, -596, 92, -600, 0, -609, 0, -531, 40, -537, 28, -537, 52, -546, 36, -554, 40, -558, 28, -564, 52, -564, 36, -571, 0, -578, 0, -441, 54, -446, 29, -455, 54, -464, 29, -464, 0, -471, 0, -547, 77, -553, 62, -558, 11, -566, 47, -575, 77, -588, 62, -598, 11, -598, 47, -598, 0, -605, 0, -433, 10, -439, 97, -451, 61, -452, 82, -452, 10, -452, 97, -456, 61, -461, 82, -470, 0, -480, 0, -533, 83, -544, 48, -554, 60, -558, 95, -562, 83, -570, 48, -580, 60, -580, 95, -589, 0, -597, 0, -503, 72, -508, 50, -508, 84, -516, 89, -520, 72, -526, 50, -535, 84, -535, 89, -535, 0, -545, 0, -444, 99, -451, 99, -458, 0, -468, 0, -494, 49, -500, 49, -509, 0, -519, 0, -517, 93, -523, 22, -528, 93, -535, 22, -544, 0, -551, 0, -487, 20, -493, 27, -501, 20, -501, 27, -507, 0, -514, 0, -537, 96, -543, 53, -550, 55, -550, 9, -560, 96, -570, 53, -570, 55, -584, 9, -589, 0, -598, 0, -480, 17, -490, 17, -499, 0, -505, 0, -566, 76, -576, 76, -581, 0, -590, 0, -538, 43, -548, 33, -558, 43, -569, 33, -574, 0, -584, 0, -526, 34, -530, 91, -536, 34, -539, 91, -549, 0, -559, 0, -513, 58, -522, 58, -529, 0, -536, 0, -469, 88, -475, 15, -480, 90, -487, 88, -498, 15, -503, 90, -508, 0, -518, 0, -458, 6, -469, 6, -478, 0, -485, 0, -541, 41, -552, 41, -561, 0, -568]
[0, -425, 5, -431, 4, -431, 3, -431, 46, -440, 3, -445, 4, -445, 46, -454, 5, -461, 0, -471, 0, -436, 23, -441, 51, -441, 44, -450, 23, -463, 51, -471, 44, -475, 0, -482, 0, -509, 59, -514, 45, -522, 37, -529, 39, -539, 59, -546, 45, -552, 37, -560, 39, -560, 0, -567, 0, -548, 38, -555, 71, -555, 69, -563, 68, -572, 38, -576, 71, -585, 69, -595, 68, -603, 0, -612, 0, -511, 25, -519, 16, -525, 73, -534, 86, -542, 25, -548, 16, -548, 73, -551, 86, -558, 0, -564, 0, -492, 42, -495, 31, -502, 66, -507, 42, -512, 31, -524, 66, -528, 0, -535, 0, -427, 57, -432, 87, -432, 1, -435, 70, -442, 57, -454, 87, -458, 1, -467, 70, -475, 0, -482, 0, -548, 30, -553, 8, -553, 26, -562, 80, -567, 30, -572, 8, -577, 26, -588, 80, -588, 0, -598, 0, -515, 19, -518, 56, -518, 79, -522, 75, -528, 19, -537, 56, -545, 79, -553, 75, -560, 0, -570, 0, -504, 18, -512, 13, -522, 24, -530, 18, -530, 13, -535, 24, -541, 0, -549, 0, -569, 21, -574, 7, -584, 65, -591, 98, -591, 21, -596, 7, -596, 65, -596, 98, -596, 0, -602, 0, -457, 2, -460, 12, -460, 85, -461, 2, -470, 12, -478, 85, -484, 0, -492, 0, -587, 64, -590, 64, -597, 0, -603, 0, -547, 100, -554, 14, -562, 74, -568, 63, -573, 100, -577, 14, -581, 74, -581, 63, -581, 0, -590, 0, -587, 94, -593, 94, -598, 0, -604, 0, -497, 35, -502, 32, -508, 67, -518, 81, -522, 35, -522, 32, -522, 67, -522, 81, -529, 0, -535, 0, -573, 78, -577, 92, -586, 78, -596, 92, -600, 0, -609, 0, -531, 40, -537, 28, -537, 52, -546, 36, -554, 40, -558, 28, -564, 52, -564, 36, -571, 0, -578, 0, -441, 54, -446, 29, -455, 54, -464, 29, -464, 0, -471, 0, -547, 77, -553, 62, -558, 11, -566, 47, -575, 77, -588, 62, -598, 11, -598, 47, -598, 0, -605, 0, -433, 10, -439, 97, -451, 61, -452, 82, -452, 10, -452, 97, -456, 61, -461, 82, -470, 0, -480, 0, -533, 83, -544, 48, -554, 60, -558, 95, -562, 83, -570, 48, -580, 60, -580, 95, -589, 0, -597, 0, -503, 72, -508, 50, -508, 84, -516, 89, -520, 72, -526, 50, -535, 84, -535, 89, -535, 0, -545, 0, -444, 99, -451, 99, -458, 0, -468, 0, -494, 49, -500, 49, -509, 0, -519, 0, -517, 93, -523, 22, -528, 93, -535, 22, -544, 0, -551, 0, -487, 20, -493, 27, -501, 20, -501, 27, -507, 0, -514, 0, -537, 96, -543, 53, -550, 55, -550, 9, -560, 96, -570, 53, -570, 55, -584, 9, -589, 0, -598, 0, -480, 17, -490, 17, -499, 0, -505, 0, -566, 76, -576, 76, -581, 0, -590, 0, -538, 43, -548, 33, -558, 43, -569, 33, -574, 0, -584, 0, -526, 34, -530, 91, -536, 34, -539, 91, -549, 0, -559, 0, -513, 58, -522, 58, -529, 0, -536, 0, -469, 88, -475, 15, -480, 90, -487, 88, -498, 15, -503, 90, -508, 0, -518, 0, -458, 6, -469, 6, -478, 0, -485, 0, -541, 41, -552, 41, -561, 0, -568]
[0, -427, 5, -433, 4, -433, 3, -433, 4, -445, 3, -445, 46, -452, 46, -458, 5, -465, 0, -475, 0, -436, 23, -441, 51, -441, 44, -450, 23, -463, 51, -471, 44, -475, 0, -482, 0, -509, 59, -514, 45, -522, 37, -529, 39, -539, 59, -546, 45, -552, 37, -560, 39, -560, 0, -567, 0, -550, 38, -557, 71, -557, 69, -565, 68, -574, 38, -578, 64, -581, 71, -589, 64, -599, 69, -599, 68, -607, 0, -616, 0, -511, 25, -519, 16, -525, 73, -534, 86, -542, 25, -548, 16, -548, 73, -551, 86, -558, 0, -564, 0, -492, 42, -495, 31, -502, 66, -507, 42, -512, 31, -524, 66, -528, 0, -535, 0, -427, 57, -432, 87, -432, 1, -435, 70, -442, 57, -454, 87, -458, 1, -467, 70, -475, 0, -482, 0, -548, 30, -553, 8, -553, 26, -562, 80, -567, 30, -572, 8, -577, 26, -588, 80, -588, 0, -598, 0, -515, 19, -518, 56, -518, 79, -522, 75, -528, 19, -537, 56, -545, 79, -553, 75, -560, 0, -570, 0, -504, 18, -512, 13, -522, 24, -530, 18, -530, 13, -535, 24, -541, 0, -549, 0, -569, 21, -574, 7, -584, 65, -591, 98, -591, 21, -596, 7, -596, 65, -596, 98, -596, 0, -602, 0, -457, 2, -460, 12, -460, 85, -461, 2, -470, 12, -478, 85, -484, 0, -492, 0, -547, 100, -554, 14, -562, 74, -568, 63, -573, 100, -577, 14, -581, 74, -581, 63, -581, 0, -590, 0, -587, 94, -593, 94, -598, 0, -604, 0, -497, 35, -502, 32, -508, 67, -518, 81, -522, 35, -522, 32, -522, 67, -522, 81, -529, 0, -535, 0, -573, 78, -577, 92, -586, 78, -596, 92, -600, 0, -609, 0, -531, 40, -537, 28, -537, 52, -546, 36, -554, 40, -558, 28, -564, 52, -564, 36, -571, 0, -578, 0, -441, 54, -446, 29, -455, 54, -464, 29, -464, 0, -471, 0, -547, 77, -553, 62, -558, 11, -566, 47, -575, 77, -588, 62, -598, 11, -598, 47, -598, 0, -605, 0, -433, 10, -439, 97, -451, 61, -452, 82, -452, 10, -452, 97, -456, 61, -461, 82, -470, 0, -480, 0, -533, 83, -544, 48, -554, 60, -558, 95, -562, 83, -570, 48, -580, 60, -580, 95, -589, 0, -597, 0, -503, 72, -508, 50, -508, 84, -516, 89, -520, 72, -526, 50, -535, 84, -535, 89, -535, 0, -545, 0, -444, 99, -451, 99, -458, 0, -468, 0, -494, 49, -500, 49, -509, 0, -519, 0, -517, 93, -523, 22, -528, 93, -535, 22, -544, 0, -551, 0, -487, 20, -493, 27, -501, 20, -501, 27, -507, 0, -514, 0, -537, 96, -543, 53, -550, 55, -550, 9, -560, 96, -570, 53, -570, 55, -584, 9, -589, 0, -598, 0, -480, 17, -490, 17, -499, 0, -505, 0, -566, 76, -576, 76, -581, 0, -590, 0, -538, 43, -548, 33, -558, 43, -569, 33, -574, 0, -584, 0, -526, 34, -530, 91, -536, 34, -539, 91, -549, 0, -559, 0, -513, 58, -522, 58, -529, 0, -536, 0, -469, 88, -475, 15, -480, 90, -487, 88, -498, 15, -503, 90, -508, 0, -518, 0, -458, 6, -469, 6, -478, 0, -485, 0, -541, 41, -552, 41, -561, 0, -568]
[0, -427, 5, -433, 4, -433, 3, -433, 4, -445, 3, -445, 46, -452, 46, -458, 5, -465, 0, -475, 0, -436, 23, -441, 51, -441, 44, -450, 23, -463, 51, -471, 44, -475, 0, -482, 0, -509, 59, -514, 45, -522, 37, -529, 39, -539, 59, -546, 45, -552, 37, -560, 39, -560, 0, -567, 0, -550, 38, -557, 71, -557, 69, -565, 68, -574, 38, -578, 64, -581, 71, -589, 64, -599, 69, -599, 68, -607, 0, -616, 0, -511, 25, -519, 16, -525, 73, -534, 86, -542, 25, -548, 16, -548, 73, -551, 86, -558, 0, -564, 0, -492, 42, -495, 31, -502, 66, -507, 42, -512, 31, -524, 66, -528, 0, -535, 0, -427, 57, -432, 87, -432, 1, -435, 70, -442, 57, -454, 87, -458, 1, -467, 70, -475, 0, -482, 0, -548, 30, -553, 8, -553, 26, -562, 80, -567, 30, -572, 8, -577, 26, -588, 80, -588, 0, -598, 0, -515, 19, -518, 56, -518, 79, -522, 75, -528, 19, -537, 56, -545, 79, -553, 75, -560, 0, -570, 0, -504, 18, -512, 13, -522, 24, -530, 18, -530, 13, -535, 24, -541, 0, -549, 0, -569, 21, -574, 7, -584, 65, -591, 98, -591, 21, -596, 7, -596, 65, -596, 98, -596, 0, -602, 0, -457, 2, -460, 12, -460, 85, -461, 2, -470, 12, -478, 85, -484, 0, -492, 0, -547, 100, -554, 14, -562, 74, -568, 63, -573, 100, -577, 14, -581, 74, -581, 63, -581, 0, -590, 0, -587, 94, -593, 94, -598, 0, -604, 0, -497, 35, -502, 32, -508, 67, -518, 81, -522, 35, -522, 32, -522, 67, -522, 81, -529, 0, -535, 0, -573, 78, -577, 92, -586, 78, -596, 92, -600, 0, -609, 0, -531, 40, -537, 28, -537, 52, -546, 36, -554, 40, -558, 28, -564, 52, -564, 36, -571, 0, -578, 0, -441, 54, -446, 29, -455, 54, -464, 29, -464, 0, -471, 0, -547, 77, -553, 62, -558, 11, -566, 47, -575, 77, -588, 62, -598, 11, -598, 47, -598, 0, -605, 0, -433, 10, -439, 97, -451, 61, -452, 82, -452, 10, -452, 97, -456, 61, -461, 82, -470, 0, -480, 0, -533, 83, -544, 48, -554, 60, -558, 95, -562, 83, -570, 48, -580, 60, -580, 95, -589, 0, -597, 0, -503, 72, -508, 50, -508, 84, -516, 89, -520, 72, -526, 50, -535, 84, -535, 89, -535, 0, -545, 0, -444, 99, -451, 99, -458, 0, -468, 0, -494, 49, -500, 49, -509, 0, -519, 0, -517, 93, -523, 22, -528, 93, -535, 22, -544, 0, -551, 0, -487, 20, -493, 27, -501, 20, -501, 27, -507, 0, -514, 0, -537, 96, -543, 53, -550, 55, -550, 9, -560, 96, -570, 53, -570, 55, -584, 9, -589, 0, -598, 0, -480, 17, -490, 17, -499, 0, -505, 0, -566, 76, -576, 76, -581, 0, -590, 0, -538, 43, -548, 33, -558, 43, -569, 33, -574, 0, -584, 0, -526, 34, -530, 91, -536, 34, -539, 91, -549, 0, -559, 0, -513, 58, -522, 58, -529, 0, -536, 0, -469, 88, -475, 15, -480, 90, -487, 88, -498, 15, -503, 90, -508, 0, -518, 0, -458, 6, -469, 6, -478, 0, -485, 0, -541, 41, -552, 41, -561, 0, -568]
[0, -427, 5, -433, 4, -433, 3, -433, 4, -445, 3, -445, 46, -452, 46, -458, 5, -465, 0, -475, 0, -436, 23, -441, 51, -441, 44, -450, 23, -463, 51, -471, 44, -475, 0, -482, 0, -509, 59, -514, 45, -522, 37, -529, 39, -539, 59, -546, 45, -552, 37, -560, 39, -560, 0, -567, 0, -550, 38, -557, 71, -557, 69, -565, 68, -574, 38, -578, 64, -581, 71, -589, 64, -599, 69, -599, 68, -607, 0, -616, 0, -511, 25, -519, 16, -525, 73, -534, 86, -542, 25, -548, 16, -548, 73, -551, 86, -558, 0, -564, 0, -492, 42, -495, 31, -502, 66, -507, 42, -512, 31, -524, 66, -528, 0, -535, 0, -427, 57, -432, 87, -432, 1, -435, 70, -442, 57, -454, 87, -458, 1, -467, 70, -475, 0, -482, 0, -548, 30, -553, 8, -553, 26, -562, 80, -567, 30, -572, 8, -577, 26, -588, 80, -588, 0, -598, 0, -515, 19, -518, 56, -518, 79, -522, 75, -528, 19, -537, 56, -545, 79, -553, 75, -560, 0, -570, 0, -504, 18, -512, 13, -522, 24, -530, 18, -530, 13, -535, 24, -541, 0, -549, 0, -569, 21, -574, 7, -584, 65, -591, 98, -591, 21, -596, 7, -596, 65, -596, 98, -596, 0, -602, 0, -457, 2, -460, 12, -460, 85, -461, 2, -470, 12, -478, 85, -484, 0, -492, 0, -547, 100, -554, 14, -562, 74, -568, 63, -573, 100, -577, 14, -581, 74, -581, 63, -581, 0, -590, 0, -587, 94, -593, 94, -598, 0, -604, 0, -497, 35, -502, 32, -508, 67, -518, 81, -522, 35, -522, 32, -522, 67, -522, 81, -529, 0, -535, 0, -573, 78, -577, 92, -586, 78, -596, 92, -600, 0, -609, 0, -531, 40, -537, 28, -537, 52, -546, 36, -554, 40, -558, 28, -564, 52, -564, 36, -571, 0, -578, 0, -441, 54, -446, 29, -455, 54, -464, 29, -464, 0, -471, 0, -547, 77, -553, 62, -558, 11, -566, 47, -575, 77, -588, 62, -598, 11, -598, 47, -598, 0, -605, 0, -433, 10, -439, 97, -451, 61, -452, 82, -452, 10, -452, 97, -456, 61, -461, 82, -470, 0, -480, 0, -533, 83, -544, 48, -554, 60, -558, 95, -562, 83, -570, 48, -580, 60, -580, 95, -589, 0, -597, 0, -503, 72, -508, 50, -508, 84, -516, 89, -520, 72, -526, 50, -535, 84, -535, 89, -535, 0, -545, 0, -444, 99, -451, 99, -458, 0, -468, 0, -494, 49, -500, 49, -509, 0, -519, 0, -517, 93, -523, 22, -528, 93, -535, 22, -544, 0, -551, 0, -487, 20, -493, 27, -501, 20, -501, 27, -507, 0, -514, 0, -537, 96, -543, 53, -550, 55, -550, 9, -560, 96, -570, 53, -570, 55, -584, 9, -589, 0, -598, 0, -480, 17, -490, 17, -499, 0, -505, 0, -566, 76, -576, 76, -581, 0, -590, 0, -538, 43, -548, 33, -558, 43, -569, 33, -574, 0, -584, 0, -526, 34, -530, 91, -536, 34, -539, 91, -549, 0, -559, 0, -513, 58, -522, 58, -529, 0, -536, 0, -469, 88, -475, 15, -480, 90, -487, 88, -498, 15, -503, 90, -508, 0, -518, 0, -458, 6, -469, 6, -478, 0, -485, 0, -541, 41, -552, 41, -561, 0, -568]
[0, -418, 46, -423, 4, -433, 3, -433, 4, -445, 3, -445, 5, -453, 46, -464, 5, -471, 0, -481, 0, -441, 23, -446, 51, -446, 44, -455, 23, -468, 51, -476, 6, -483, 6, -492, 44, -499, 0, -506, 0, -509, 59, -514, 45, -522, 37, -529, 39, -539, 59, -546, 45, -552, 37, -560, 39, -560, 0, -567, 0, -550, 38, -557, 71, -557, 69, -565, 68, -574, 38, -578, 64, -581, 71, -589, 64, -599, 69, -599, 68, -607, 0, -616, 0, -511, 25, -519, 16, -525, 73, -534, 86, -542, 25, -548, 16, -548, 73, -551, 86, -558, 0, -564, 0, -492, 42, -495, 31, -502, 66, -507, 42, -512, 31, -524, 66, -528, 0, -535, 0, -427, 57, -432, 87, -432, 1, -435, 70, -442, 57, -454, 87, -458, 1, -467, 70, -475, 0, -482, 0, -548, 30, -553, 8, -553, 26, -562, 80, -567, 30, -572, 8, -577, 26, -588, 80, -588, 0, -598, 0, -515, 19, -518, 56, -518, 79, -522, 75, -528, 19, -537, 56, -545, 79, -553, 75, -560, 0, -570, 0, -504, 18, -512, 13, -522, 24, -530, 18, -530, 13, -535, 24, -541, 0, -549, 0, -569, 21, -574, 7, -584, 65, -591, 98, -591, 21, -596, 7, -596, 65, -596, 98, -596, 0, -602, 0, -457, 2, -460, 12, -460, 85, -461, 2, -470, 12, -478, 85, -484, 0, -492, 0, -547, 100, -554, 14, -562, 74, -568, 63, -573, 100, -577, 14, -581, 74, -581, 63, -581, 0, -590, 0, -587, 94, -593, 94, -598, 0, -604, 0, -497, 35, -502, 32, -508, 67, -518, 81, -522, 35, -522, 32, -522, 67, -522, 81, -529, 0, -535, 0, -573, 78, -577, 92, -586, 78, -596, 92, -600, 0, -609, 0, -531, 40, -537, 28, -537, 52, -546, 36, -554, 40, -558, 28, -564, 52, -564, 36, -571, 0, -578, 0, -441, 54, -446, 29, -455, 54, -464, 29, -464, 0, -471, 0, -547, 77, -553, 62, -558, 11, -566, 47, -575, 77, -588, 62, -598, 11, -598, 47, -598, 0, -605, 0, -433, 10, -439, 97, -451, 61, -452, 82, -452, 10, -452, 97, -456, 61, -461, 82, -470, 0, -480, 0, -533, 83, -544, 48, -554, 60, -558, 95, -562, 83, -570, 48, -580, 60, -580, 95, -589, 0, -597, 0, -503, 72, -508, 50, -508, 84, -516, 89, -520, 72, -526, 50, -535, 84, -535, 89, -535, 0, -545, 0, -444, 99, -451, 99, -458, 0, -468, 0, -494, 49, -500, 49, -509, 0, -519, 0, -517, 93, -523, 22, -528, 93, -535, 22, -544, 0, -551, 0, -487, 20, -493, 27, -501, 20, -501, 27, -507, 0, -514, 0, -537, 96, -543, 53, -550, 55, -550, 9, -560, 96, -570, 53, -570, 55, -584, 9, -589, 0, -598, 0, -480, 17, -490, 17, -499, 0, -505, 0, -566, 76, -576, 76, -581, 0, -590, 0, -538, 43, -548, 33, -558, 43, -569, 33, -574, 0, -584, 0, -526, 34, -530, 91, -536, 34, -539, 91, -549, 0, -559, 0, -513, 58, -522, 58, -529, 0, -536, 0, -469, 88, -475, 15, -480, 90, -487, 88, -498, 15, -503, 90, -508, 0, -518, 0, -541, 41, -552, 41, -561, 0, -568]
[0, -418, 46, -423, 4, -433, 3, -433, 4, -445, 3, -445, 5, -453, 46, -464, 5, -471, 0, -481, 0, -441, 23, -446, 51, -446, 44, -455, 23, -468, 51, -476, 6, -483, 6, -492, 44, -499, 0, -506, 0, -509, 59, -514, 45, -522, 37, -529, 39, -539, 59, -546, 45, -552, 37, -560, 39, -560, 0, -567, 0, -550, 38, -557, 71, -557, 69, -565, 68, -574, 38, -578, 64, -581, 71, -589, 64, -599, 69, -599, 68, -607, 0, -616, 0, -511, 25, -519, 16, -525, 73, -534, 86, -542, 25, -548, 16, -548, 73, -551, 86, -558, 0, -564, 0, -492, 42, -495, 31, -502, 66, -507, 42, -512, 31, -524, 66, -528, 0, -535, 0, -427, 57, -432, 87, -432, 1, -435, 70, -442, 57, -454, 87, -458, 1, -467, 70, -475, 0, -482, 0, -548, 30, -553, 8, -553, 26, -562, 80, -567, 30, -572, 8, -577, 26, -588, 80, -588, 0, -598, 0, -515, 19, -518, 56, -518, 79, -522, 75, -528, 19, -537, 56, -545, 79, -553, 75, -560, 0, -570, 0, -504, 18, -512, 13, -522, 24, -530, 18, -530, 13, -535, 24, -541, 0, -549, 0, -569, 21, -574, 7, -584, 65, -591, 98, -591, 21, -596, 7, -596, 65, -596, 98, -596, 0, -602, 0, -457, 2, -460, 12, -460, 85, -461, 2, -470, 12, -478, 85, -484, 0, -492, 0, -547, 100, -554, 14, -562, 74, -568, 63, -573, 100, -577, 14, -581, 74, -581, 63, -581, 0, -590, 0, -587, 94, -593, 94, -598, 0, -604, 0, -497, 35, -502, 32, -508, 67, -518, 81, -522, 35, -522, 32, -522, 67, -522, 81, -529, 0, -535, 0, -573, 78, -577, 92, -586, 78, -596, 92, -600, 0, -609, 0, -531, 40, -537, 28, -537, 52, -546, 36, -554, 40, -558, 28, -564, 52, -564, 36, -571, 0, -578, 0, -441, 54, -446, 29, -455, 54, -464, 29, -464, 0, -471, 0, -547, 77, -553, 62, -558, 11, -566, 47, -575, 77, -588, 62, -598, 11, -598, 47, -598, 0, -605, 0, -433, 10, -439, 97, -451, 61, -452, 82, -452, 10, -452, 97, -456, 61, -461, 82, -470, 0, -480, 0, -533, 83, -544, 48, -554, 60, -558, 95, -562, 83, -570, 48, -580, 60, -580, 95, -589, 0, -597, 0, -503, 72, -508, 50, -508, 84, -516, 89, -520, 72, -526, 50, -535, 84, -535, 89, -535, 0, -545, 0, -444, 99, -451, 99, -458, 0, -468, 0, -494, 49, -500, 49, -509, 0, -519, 0, -517, 93, -523, 22, -528, 93, -535, 22, -544, 0, -551, 0, -487, 20, -493, 27, -501, 20, -501, 27, -507, 0, -514, 0, -537, 96, -543, 53, -550, 55, -550, 9, -560, 96, -570, 53, -570, 55, -584, 9, -589, 0, -598, 0, -480, 17, -490, 17, -499, 0, -505, 0, -566, 76, -576, 76, -581, 0, -590, 0, -538, 43, -548, 33, -558, 43, -569, 33, -574, 0, -584, 0, -526, 34, -530, 91, -536, 34, -539, 91, -549, 0, -559, 0, -513, 58, -522, 58, -529, 0, -536, 0, -469, 88, -475, 15, -480, 90, -487, 88, -498, 15, -503, 90, -508, 0, -518, 0, -541, 41, -552, 41, -561, 0, -568]
[0, -418, 46, -423, 4, -433, 3, -433, 4, -445, 3, -445, 5, -453, 46, -464, 5, -471, 0, -481, 0, -441, 23, -446, 51, -446, 44, -455, 23, -468, 51, -476, 6, -483, 6, -492, 44, -499, 0, -506, 0, -509, 59, -514, 45, -522, 37, -529, 39, -539, 59, -546, 45, -552, 37, -560, 39, -560, 0, -567, 0, -550, 38, -557, 71, -557, 69, -565, 68, -574, 38, -578, 64, -581, 71, -589, 64, -599, 69, -599, 68, -607, 0, -616, 0, -511, 25, -519, 16, -525, 73, -534, 86, -542, 25, -548, 16, -548, 73, -551, 86, -558, 0, -564, 0, -492, 42, -495, 31, -502, 66, -507, 42, -512, 31, -524, 66, -528, 0, -535, 0, -427, 57, -432, 87, -432, 1, -435, 70, -442, 57, -454, 87, -458, 1, -467, 70, -475, 0, -482, 0, -548, 30, -553, 8, -553, 26, -562, 80, -567, 30, -572, 8, -577, 26, -588, 80, -588, 0, -598, 0, -515, 19, -518, 56, -518, 79, -522, 75, -528, 19, -537, 56, -545, 79, -553, 75, -560, 0, -570, 0, -504, 18, -512, 13, -522, 24, -530, 18, -530, 13, -535, 24, -541, 0, -549, 0, -569, 21, -574, 7, -584, 65, -591, 98, -591, 21, -596, 7, -596, 65, -596, 98, -596, 0, -602, 0, -457, 2, -460, 12, -460, 85, -461, 2, -470, 12, -478, 85, -484, 0, -492, 0, -547, 100, -554, 14, -562, 74, -568, 63, -573, 100, -577, 14, -581, 74, -581, 63, -581, 0, -590, 0, -587, 94, -593, 94, -598, 0, -604, 0, -497, 35, -502, 32, -508, 67, -518, 81, -522, 35, -522, 32, -522, 67, -522, 81, -529, 0, -535, 0, -573, 78, -577, 92, -586, 78, -596, 92, -600, 0, -609, 0, -531, 40, -537, 28, -537, 52, -546, 36, -554, 40, -558, 28, -564, 52, -564, 36, -571, 0, -578, 0, -441, 54, -446, 29, -455, 54, -464, 29, -464, 0, -471, 0, -547, 77, -553, 62, -558, 11, -566, 47, -575, 77, -588, 62, -598, 11, -598, 47, -598, 0, -605, 0, -433, 10, -439, 97, -451, 61, -452, 82, -452, 10, -452, 97, -456, 61, -461, 82, -470, 0, -480, 0, -533, 83, -544, 48, -554, 60, -558, 95, -562, 83, -570, 48, -580, 60, -580, 95, -589, 0, -597, 0, -503, 72, -508, 50, -508, 84, -516, 89, -520, 72, -526, 50, -535, 84, -535, 89, -535, 0, -545, 0, -444, 99, -451, 99, -458, 0, -468, 0, -494, 49, -500, 49, -509, 0, -519, 0, -517, 93, -523, 22, -528, 93, -535, 22, -544, 0, -551, 0, -487, 20, -493, 27, -501, 20, -501, 27, -507, 0, -514, 0, -537, 96, -543, 53, -550, 55, -550, 9, -560, 96, -570, 53, -570, 55, -584, 9, -589, 0, -598, 0, -480, 17, -490, 17, -499, 0, -505, 0, -566, 76, -576, 76, -581, 0, -590, 0, -538, 43, -548, 33, -558, 43, -569, 33, -574, 0, -584, 0, -526, 34, -530, 91, -536, 34, -539, 91, -549, 0, -559, 0, -513, 58, -522, 58, -529, 0, -536, 0, -469, 88, -475, 15, -480, 90, -487, 88, -498, 15, -503, 90, -508, 0, -518, 0, -541, 41, -552, 41, -561, 0, -568]
[0, -418, 46, -423, 4, -433, 3, -433, 4, -445, 3, -445, 5, -453, 46, -464, 5, -471, 0, -481, 0, -441, 23, -446, 51, -446, 44, -455, 23, -468, 51, -476, 6, -483, 6, -492, 44, -499, 0, -506, 0, -509, 59, -514, 45, -522, 37, -529, 39, -539, 59, -546, 45, -552, 37, -560, 39, -560, 0, -567, 0, -550, 38, -557, 71, -557, 69, -565, 68, -574, 38, -578, 64, -581, 71, -589, 64, -599, 69, -599, 68, -607, 0, -616, 0, -511, 25, -519, 16, -525, 73, -534, 86, -542, 25, -548, 16, -548, 73, -551, 86, -558, 0, -564, 0, -492, 42, -495, 31, -502, 66, -507, 42, -512, 31, -524, 66, -528, 0, -535, 0, -427, 57, -432, 87, -432, 1, -435, 70, -442, 57, -454, 87, -458, 1, -467, 70, -475, 0, -482, 0, -548, 30, -553, 8, -553, 26, -562, 80, -567, 30, -572, 8, -577, 26, -588, 80, -588, 0, -598, 0, -515, 19, -518, 56, -518, 79, -522, 75, -528, 19, -537, 56, -545, 79, -553, 75, -560, 0, -570, 0, -504, 18, -512, 13, -522, 24, -530, 18, -530, 13, -535, 24, -541, 0, -549, 0, -569, 21, -574, 7, -584, 65, -591, 98, -591, 21, -596, 7, -596, 65, -596, 98, -596, 0, -602, 0, -457, 2, -460, 12, -460, 85, -461, 2, -470, 12, -478, 85, -484, 0, -492, 0, -547, 100, -554, 14, -562, 74, -568, 63, -573, 100, -577, 14, -581, 74, -581, 63, -581, 0, -590, 0, -587, 94, -593, 94, -598, 0, -604, 0, -497, 35, -502, 32, -508, 67, -518, 81, -522, 35, -522, 32, -522, 67, -522, 81, -529, 0, -535, 0, -573, 78, -577, 92, -586, 78, -596, 92, -600, 0, -609, 0, -531, 40, -537, 28, -537, 52, -546, 36, -554, 40, -558, 28, -564, 52, -564, 36, -571, 0, -578, 0, -441, 54, -446, 29, -455, 54, -464, 29, -464, 0, -471, 0, -547, 77, -553, 62, -558, 11, -566, 47, -575, 77, -588, 62, -598, 11, -598, 47, -598, 0, -605, 0, -433, 10, -439, 97, -451, 61, -452, 82, -452, 10, -452, 97, -456, 61, -461, 82, -470, 0, -480, 0, -533, 83, -544, 48, -554, 60, -558, 95, -562, 83, -570, 48, -580, 60, -580, 95, -589, 0, -597, 0, -503, 72, -508, 50, -508, 84, -516, 89, -520, 72, -526, 50, -535, 84, -535, 89, -535, 0, -545, 0, -444, 99, -451, 99, -458, 0, -468, 0, -494, 49, -500, 49, -509, 0, -519, 0, -517, 93, -523, 22, -528, 93, -535, 22, -544, 0, -551, 0, -487, 20, -493, 27, -501, 20, -501, 27, -507, 0, -514, 0, -537, 96, -543, 53, -550, 55, -550, 9, -560, 96, -570, 53, -570, 55, -584, 9, -589, 0, -598, 0, -480, 17, -490, 17, -499, 0, -505, 0, -566, 76, -576, 76, -581, 0, -590, 0, -538, 43, -548, 33, -558, 43, -569, 33, -574, 0, -584, 0, -526, 34, -530, 91, -536, 34, -539, 91, -549, 0, -559, 0, -513, 58, -522, 58, -529, 0, -536, 0, -469, 88, -475, 15, -480, 90, -487, 88, -498, 15, -503, 90, -508, 0, -518, 0, -541, 41, -552, 41, -561, 0, -568]
[0, -418, 46, -423, 4, -433, 3, -433, 4, -445, 3, -445, 5, -453, 46, -464, 5, -471, 0, -481, 0, -441, 23, -446, 51, -446, 44, -455, 23, -468, 51, -476, 6, -483, 6, -492, 44, -499, 0, -506, 0, -509, 59, -514, 45, -522, 37, -529, 39, -539, 59, -546, 45, -552, 37, -560, 39, -560, 0, -567, 0, -550, 38, -557, 71, -557, 69, -565, 68, -574, 38, -578, 64, -581, 71, -589, 64, -599, 69, -599, 68, -607, 0, -616, 0, -511, 25, -519, 16, -525, 73, -534, 86, -542, 25, -548, 16, -548, 73, -551, 86, -558, 0, -564, 0, -492, 42, -495, 31, -502, 66, -507, 42, -512, 31, -524, 66, -528, 0, -535, 0, -427, 57, -432, 87, -432, 1, -435, 70, -442, 57, -454, 87, -458, 1, -467, 70, -475, 0, -482, 0, -548, 30, -553, 8, -553, 26, -562, 80, -567, 30, -572, 8, -577, 26, -588, 80, -588, 0, -598, 0, -515, 19, -518, 56, -518, 79, -522, 75, -528, 19, -537, 56, -545, 79, -553, 75, -560, 0, -570, 0, -504, 18, -512, 13, -522, 24, -530, 18, -530, 13, -535, 24, -541, 0, -549, 0, -569, 21, -574, 7, -584, 65, -591, 98, -591, 21, -596, 7, -596, 65, -596, 98, -596, 0, -602, 0, -457, 2, -460, 12, -460, 85, -461, 2, -470, 12, -478, 85, -484, 0, -492, 0, -547, 100, -554, 14, -562, 74, -568, 63, -573, 100, -577, 14, -581, 74, -581, 63, -581, 0, -590, 0, -587, 94, -593, 94, -598, 0, -604, 0, -497, 35, -502, 32, -508, 67, -518, 81, -522, 35, -522, 32, -522, 67, -522, 81, -529, 0, -535, 0, -573, 78, -577, 92, -586, 78, -596, 92, -600, 0, -609, 0, -531, 40, -537, 28, -537, 52, -546, 36, -554, 40, -558, 28, -564, 52, -564, 36, -571, 0, -578, 0, -441, 54, -446, 29, -455, 54, -464, 29, -464, 0, -471, 0, -547, 77, -553, 62, -558, 11, -566, 47, -575, 77, -588, 62, -598, 11, -598, 47, -598, 0, -605, 0, -433, 10, -439, 97, -451, 61, -452, 82, -452, 10, -452, 97, -456, 61, -461, 82, -470, 0, -480, 0, -533, 83, -544, 48, -554, 60, -558, 95, -562, 83, -570, 48, -580, 60, -580, 95, -589, 0, -597, 0, -503, 72, -508, 50, -508, 84, -516, 89, -520, 72, -526, 50, -535, 84, -535, 89, -535, 0, -545, 0, -444, 99, -451, 99, -458, 0, -468, 0, -494, 49, -500, 49, -509, 0, -519, 0, -517, 93, -523, 22, -528, 93, -535, 22, -544, 0, -551, 0, -487, 20, -493, 27, -501, 20, -501, 27, -507, 0, -514, 0, -537, 96, -543, 53, -550, 55, -550, 9, -560, 96, -570, 53, -570, 55, -584, 9, -589, 0, -598, 0, -480, 17, -490, 17, -499, 0, -505, 0, -566, 76, -576, 76, -581, 0, -590, 0, -538, 43, -548, 33, -558, 43, -569, 33, -574, 0, -584, 0, -526, 34, -530, 91, -536, 34, -539, 91, -549, 0, -559, 0, -513, 58, -522, 58, -529, 0, -536, 0, -469, 88, -475, 15, -480, 90, -487, 88, -498, 15, -503, 90, -508, 0, -518, 0, -541, 41, -552, 41, -561, 0, -568]
[0, -418, 46, -423, 4, -433, 3, -433, 4, -445, 3, -445, 5, -453, 46, -464, 5, -471, 0, -481, 0, -441, 23, -446, 51, -446, 44, -455, 23, -468, 51, -476, 6, -483, 6, -492, 44, -499, 0, -506, 0, -509, 59, -514, 45, -522, 37, -529, 39, -539, 59, -546, 45, -552, 37, -560, 39, -560, 0, -567, 0, -550, 38, -557, 71, -557, 69, -565, 68, -574, 38, -578, 64, -581, 71, -589, 64, -599, 69, -599, 68, -607, 0, -616, 0, -511, 25, -519, 16, -525, 73, -534, 86, -542, 25, -548, 16, -548, 73, -551, 86, -558, 0, -564, 0, -492, 42, -495, 31, -502, 66, -507, 42, -512, 31, -524, 66, -528, 0, -535, 0, -427, 57, -432, 87, -432, 1, -435, 70, -442, 57, -454, 87, -458, 1, -467, 70, -475, 0, -482, 0, -548, 30, -553, 8, -553, 26, -562, 80, -567, 30, -572, 8, -577, 26, -588, 80, -588, 0, -598, 0, -515, 19, -518, 56, -518, 79, -522, 75, -528, 19, -537, 56, -545, 79, -553, 75, -560, 0, -570, 0, -504, 18, -512, 13, -522, 24, -530, 18, -530, 13, -535, 24, -541, 0, -549, 0, -569, 21, -574, 7, -584, 65, -591, 98, -591, 21, -596, 7, -596, 65, -596, 98, -596, 0, -602, 0, -457, 2, -460, 12, -460, 85, -461, 2, -470, 12, -478, 85, -484, 0, -492, 0, -547, 100, -554, 14, -562, 74, -568, 63, -573, 100, -577, 14, -581, 74, -581, 63, -581, 0, -590, 0, -587, 94, -593, 94, -598, 0, -604, 0, -497, 35, -502, 32, -508, 67, -518, 81, -522, 35, -522, 32, -522, 67, -522, 81, -529, 0, -535, 0, -573, 78, -577, 92, -586, 78, -596, 92, -600, 0, -609, 0, -531, 40, -537, 28, -537, 52, -546, 36, -554, 40, -558, 28, -564, 52, -564, 36, -571, 0, -578, 0, -441, 54, -446, 29, -455, 54, -464, 29, -464, 0, -471, 0, -547, 77, -553, 62, -558, 11, -566, 47, -575, 77, -588, 62, -598, 11, -598, 47, -598, 0, -605, 0, -433, 10, -439, 97, -451, 61, -452, 82, -452, 10, -452, 97, -456, 61, -461, 82, -470, 0, -480, 0, -533, 83, -544, 48, -554, 60, -558, 95, -562, 83, -570, 48, -580, 60, -580, 95, -589, 0, -597, 0, -503, 72, -508, 50, -508, 84, -516, 89, -520, 72, -526, 50, -535, 84, -535, 89, -535, 0, -545, 0, -444, 99, -451, 99, -458, 0, -468, 0, -494, 49, -500, 49, -509, 0, -519, 0, -517, 93, -523, 22, -528, 93, -535, 22, -544, 0, -551, 0, -487, 20, -493, 27, -501, 20, -501, 27, -507, 0, -514, 0, -537, 96, -543, 53, -550, 55, -550, 9, -560, 96, -570, 53, -570, 55, -584, 9, -589, 0, -598, 0, -480, 17, -490, 17, -499, 0, -505, 0, -566, 76, -576, 76, -581, 0, -590, 0, -538, 43, -548, 33, -558, 43, -569, 33, -574, 0, -584, 0, -526, 34, -530, 91, -536, 34, -539, 91, -549, 0, -559, 0, -513, 58, -522, 58, -529, 0, -536, 0, -469, 88, -475, 15, -480, 90, -487, 88, -498, 15, -503, 90, -508, 0, -518, 0, -541, 41, -552, 41, -561, 0, -568]
[0, -418, 46, -423, 4, -433, 3, -433, 4, -445, 3, -445, 5, -453, 46, -464, 5, -471, 0, -481, 0, -441, 23, -446, 51, -446, 44, -455, 23, -468, 51, -476, 6, -483, 6, -492, 44, -499, 0, -506, 0, -509, 59, -514, 45, -522, 37, -529, 39, -539, 59, -546, 45, -552, 37, -560, 39, -560, 0, -567, 0, -550, 38, -557, 71, -557, 69, -565, 68, -574, 38, -578, 64, -581, 71, -589, 64, -599, 69, -599, 68, -607, 0, -616, 0, -511, 25, -519, 16, -525, 73, -534, 86, -542, 25, -548, 16, -548, 73, -551, 86, -558, 0, -564, 0, -492, 42, -495, 31, -502, 66, -507, 42, -512, 31, -524, 66, -528, 0, -535, 0, -427, 57, -432, 87, -432, 1, -435, 70, -442, 57, -454, 87, -458, 1, -467, 70, -475, 0, -482, 0, -548, 30, -553, 8, -553, 26, -562, 80, -567, 30, -572, 8, -577, 26, -588, 80, -588, 0, -598, 0, -515, 19, -518, 56, -518, 79, -522, 75, -528, 19, -537, 56, -545, 79, -553, 75, -560, 0, -570, 0, -504, 18, -512, 13, -522, 24, -530, 18, -530, 13, -535, 24, -541, 0, -549, 0, -569, 21, -574, 7, -584, 65, -591, 98, -591, 21, -596, 7, -596, 65, -596, 98, -596, 0, -602, 0, -457, 2, -460, 12, -460, 85, -461, 2, -470, 12, -478, 85, -484, 0, -492, 0, -547, 100, -554, 14, -562, 74, -568, 63, -573, 100, -577, 14, -581, 74, -581, 63, -581, 0, -590, 0, -587, 94, -593, 94, -598, 0, -604, 0, -497, 35, -502, 32, -508, 67, -518, 81, -522, 35, -522, 32, -522, 67, -522, 81, -529, 0, -535, 0, -573, 78, -577, 92, -586, 78, -596, 92, -600, 0, -609, 0, -531, 40, -537, 28, -537, 52, -546, 36, -554, 40, -558, 28, -564, 52, -564, 36, -571, 0, -578, 0, -441, 54, -446, 29, -455, 54, -464, 29, -464, 0, -471, 0, -547, 77, -553, 62, -558, 11, -566, 47, -575, 77, -588, 62, -598, 11, -598, 47, -598, 0, -605, 0, -433, 10, -439, 97, -451, 61, -452, 82, -452, 10, -452, 97, -456, 61, -461, 82, -470, 0, -480, 0, -533, 83, -544, 48, -554, 60, -558, 95, -562, 83, -570, 48, -580, 60, -580, 95, -589, 0, -597, 0, -503, 72, -508, 50, -508, 84, -516, 89, -520, 72, -526, 50, -535, 84, -535, 89, -535, 0, -545, 0, -444, 99, -451, 99, -458, 0, -468, 0, -494, 49, -500, 49, -509, 0, -519, 0, -517, 93, -523, 22, -528, 93, -535, 22, -544, 0, -551, 0, -487, 20, -493, 27, -501, 20, -501, 27, -507, 0, -514, 0, -537, 96, -543, 53, -550, 55, -550, 9, -560, 96, -570, 53, -570, 55, -584, 9, -589, 0, -598, 0, -480, 17, -490, 17, -499, 0, -505, 0, -566, 76, -576, 76, -581, 0, -590, 0, -538, 43, -548, 33, -558, 43, -569, 33, -574, 0, -584, 0, -526, 34, -530, 91, -536, 34, -539, 91, -549, 0, -559, 0, -513, 58, -522, 58, -529, 0, -536, 0, -469, 88, -475, 15, -480, 90, -487, 88, -498, 15, -503, 90, -508, 0, -518, 0, -541, 41, -552, 41, -561, 0, -568]
[0, -418, 46, -423, 4, -433, 3, -433, 4, -445, 3, -445, 5, -453, 46, -464, 5, -471, 0, -481, 0, -441, 23, -446, 51, -446, 44, -455, 23, -468, 51, -476, 6, -483, 6, -492, 44, -499, 0, -506, 0, -509, 59, -514, 45, -522, 37, -529, 39, -539, 59, -546, 45, -552, 37, -560, 39, -560, 0, -567, 0, -550, 38, -557, 71, -557, 69, -565, 68, -574, 38, -578, 64, -581, 71, -589, 64, -599, 69, -599, 68, -607, 0, -616, 0, -511, 25, -519, 16, -525, 73, -534, 86, -542, 25, -548, 16, -548, 73, -551, 86, -558, 0, -564, 0, -492, 42, -495, 31, -502, 66, -507, 42, -512, 31, -524, 66, -528, 0, -535, 0, -427, 57, -432, 87, -432, 1, -435, 70, -442, 57, -454, 87, -458, 1, -467, 70, -475, 0, -482, 0, -548, 30, -553, 8, -553, 26, -562, 80, -567, 30, -572, 8, -577, 26, -588, 80, -588, 0, -598, 0, -515, 19, -518, 56, -518, 79, -522, 75, -528, 19, -537, 56, -545, 79, -553, 75, -560, 0, -570, 0, -504, 18, -512, 13, -522, 24, -530, 18, -530, 13, -535, 24, -541, 0, -549, 0, -569, 21, -574, 7, -584, 65, -591, 98, -591, 21, -596, 7, -596, 65, -596, 98, -596, 0, -602, 0, -457, 2, -460, 12, -460, 85, -461, 2, -470, 12, -478, 85, -484, 0, -492, 0, -547, 100, -554, 14, -562, 74, -568, 63, -573, 100, -577, 14, -581, 74, -581, 63, -581, 0, -590, 0, -587, 94, -593, 94, -598, 0, -604, 0, -497, 35, -502, 32, -508, 67, -518, 81, -522, 35, -522, 32, -522, 67, -522, 81, -529, 0, -535, 0, -573, 78, -577, 92, -586, 78, -596, 92, -600, 0, -609, 0, -531, 40, -537, 28, -537, 52, -546, 36, -554, 40, -558, 28, -564, 52, -564, 36, -571, 0, -578, 0, -441, 54, -446, 29, -455, 54, -464, 29, -464, 0, -471, 0, -547, 77, -553, 62, -558, 11, -566, 47, -575, 77, -588, 62, -598, 11, -598, 47, -598, 0, -605, 0, -433, 10, -439, 97, -451, 61, -452, 82, -452, 10, -452, 97, -456, 61, -461, 82, -470, 0, -480, 0, -533, 83, -544, 48, -554, 60, -558, 95, -562, 83, -570, 48, -580, 60, -580, 95, -589, 0, -597, 0, -503, 72, -508, 50, -508, 84, -516, 89, -520, 72, -526, 50, -535, 84, -535, 89, -535, 0, -545, 0, -444, 99, -451, 99, -458, 0, -468, 0, -494, 49, -500, 49, -509, 0, -519, 0, -517, 93, -523, 22, -528, 93, -535, 22, -544, 0, -551, 0, -487, 20, -493, 27, -501, 20, -501, 27, -507, 0, -514, 0, -537, 96, -543, 53, -550, 55, -550, 9, -560, 96, -570, 53, -570, 55, -584, 9, -589, 0, -598, 0, -480, 17, -490, 17, -499, 0, -505, 0, -566, 76, -576, 76, -581, 0, -590, 0, -538, 43, -548, 33, -558, 43, -569, 33, -574, 0, -584, 0, -526, 34, -530, 91, -536, 34, -539, 91, -549, 0, -559, 0, -513, 58, -522, 58, -529, 0, -536, 0, -469, 88, -475, 15, -480, 90, -487, 88, -498, 15, -503, 90, -508, 0, -518, 0, -541, 41, -552, 41, -561, 0, -568]
