Solution - 8270	345	1553	177	0	36
Solution - 8270	345	1553	177	0	36
Solution - 8270	345	1553	177	0	36
Solution - 8270	345	1553	177	0	36
Solution - 5949	349	1554	119	1	34
Solution - 8270	345	1553	177	0	36
Solution - 8270	345	1553	177	0	36
Solution - 8270	345	1553	177	0	36
Solution - 5907	352	1565	114	0	35
Solution - 6044	335	1509	120	0	35
Solution - 8270	345	1553	177	0	36
Solution - 8270	345	1553	177	0	36
Solution - 8270	345	1553	177	0	36
Solution - 8270	345	1553	177	0	36
Solution - 8270	345	1553	177	0	36
Solution - 8270	345	1553	177	0	36
Solution - 8270	345	1553	177	0	36
Solution - 8270	345	1553	177	0	36
Solution - 8270	345	1553	177	0	36
Solution - 8270	345	1553	177	0	36
Solution - 8270	345	1553	177	0	36
Solution - 8270	345	1553	177	0	36
Solution - 8270	345	1553	177	0	36
Solution - 6470	336	1510	136	1	34
Solution - 8270	345	1553	177	0	36
Solution - 8270	345	1553	177	0	36
Solution - 8270	345	1553	177	0	36
Solution - 8270	345	1553	177	0	36
Solution - 6733	341	1530	143	1	34
Solution - 8270	345	1553	177	0	36
