[0, -426, 1, -429, 4, -435, 5, -435, 3, -435, 3, -447, 4, -447, 5, -457, 1, -468, 0, -474, 0, -564, 7, -570, 9, -582, 7, -589, 9, -590, 0, -599, 0, -567, 8, -572, 8, -580, 0, -586, 0, -437, 10, -443, 10, -452, 0, -460, 0, -449, 2, -452, 6, -459, 2, -470, 6, -472, 0, -479]
[0, -434, 2, -437, 10, -443, 5, -443, 10, -452, 1, -457, 5, -464, 1, -475, 2, -475, 0, -481, 0, -427, 3, -433, 4, -433, 4, -445, 3, -445, 0, -455, 0, -458, 6, -469, 6, -478, 0, -485, 0, -567, 8, -572, 8, -580, 0, -586, 0, -564, 7, -570, 9, -582, 7, -589, 9, -590, 0, -599]
[0, -434, 2, -437, 10, -443, 5, -443, 10, -452, 1, -457, 5, -464, 1, -475, 2, -475, 0, -481, 0, -427, 3, -433, 4, -433, 4, -445, 3, -445, 0, -455, 0, -458, 6, -469, 6, -478, 0, -485, 0, -567, 8, -572, 8, -580, 0, -586, 0, -564, 7, -570, 9, -582, 7, -589, 9, -590, 0, -599]
[0, -434, 2, -437, 10, -443, 5, -443, 10, -452, 1, -457, 5, -464, 1, -475, 2, -475, 0, -481, 0, -427, 3, -433, 4, -433, 4, -445, 3, -445, 0, -455, 0, -458, 6, -469, 6, -478, 0, -485, 0, -567, 8, -572, 8, -580, 0, -586, 0, -564, 7, -570, 9, -582, 7, -589, 9, -590, 0, -599]
[0, -434, 2, -437, 10, -443, 5, -443, 10, -452, 1, -457, 5, -464, 1, -475, 2, -475, 0, -481, 0, -427, 3, -433, 4, -433, 4, -445, 3, -445, 0, -455, 0, -458, 6, -469, 6, -478, 0, -485, 0, -567, 8, -572, 8, -580, 0, -586, 0, -564, 7, -570, 9, -582, 7, -589, 9, -590, 0, -599]
[0, -434, 2, -437, 10, -443, 5, -443, 10, -452, 1, -457, 5, -464, 1, -475, 2, -475, 0, -481, 0, -427, 3, -433, 4, -433, 4, -445, 3, -445, 0, -455, 0, -458, 6, -469, 6, -478, 0, -485, 0, -567, 8, -572, 8, -580, 0, -586, 0, -564, 7, -570, 9, -582, 7, -589, 9, -590, 0, -599]
[0, -434, 2, -437, 10, -443, 5, -443, 10, -452, 1, -457, 5, -464, 1, -475, 2, -475, 0, -481, 0, -427, 3, -433, 4, -433, 4, -445, 3, -445, 0, -455, 0, -458, 6, -469, 6, -478, 0, -485, 0, -567, 8, -572, 8, -580, 0, -586, 0, -564, 7, -570, 9, -582, 7, -589, 9, -590, 0, -599]
[0, -434, 2, -437, 10, -443, 5, -443, 10, -452, 1, -457, 5, -464, 1, -475, 2, -475, 0, -481, 0, -427, 3, -433, 4, -433, 4, -445, 3, -445, 0, -455, 0, -458, 6, -469, 6, -478, 0, -485, 0, -567, 8, -572, 8, -580, 0, -586, 0, -564, 7, -570, 9, -582, 7, -589, 9, -590, 0, -599]
[0, -434, 2, -437, 10, -443, 5, -443, 10, -452, 1, -457, 5, -464, 1, -475, 2, -475, 0, -481, 0, -427, 3, -433, 4, -433, 4, -445, 3, -445, 0, -455, 0, -458, 6, -469, 6, -478, 0, -485, 0, -567, 8, -572, 8, -580, 0, -586, 0, -564, 7, -570, 9, -582, 7, -589, 9, -590, 0, -599]
[0, -434, 2, -437, 10, -443, 5, -443, 10, -452, 1, -457, 5, -464, 1, -475, 2, -475, 0, -481, 0, -427, 3, -433, 4, -433, 4, -445, 3, -445, 0, -455, 0, -458, 6, -469, 6, -478, 0, -485, 0, -567, 8, -572, 8, -580, 0, -586, 0, -564, 7, -570, 9, -582, 7, -589, 9, -590, 0, -599]
[0, -434, 2, -437, 10, -443, 5, -443, 10, -452, 1, -457, 5, -464, 1, -475, 2, -475, 0, -481, 0, -427, 3, -433, 4, -433, 4, -445, 3, -445, 0, -455, 0, -458, 6, -469, 6, -478, 0, -485, 0, -567, 8, -572, 8, -580, 0, -586, 0, -564, 7, -570, 9, -582, 7, -589, 9, -590, 0, -599]
[0, -434, 2, -437, 10, -443, 5, -443, 10, -452, 1, -457, 5, -464, 1, -475, 2, -475, 0, -481, 0, -427, 3, -433, 4, -433, 4, -445, 3, -445, 0, -455, 0, -458, 6, -469, 6, -478, 0, -485, 0, -567, 8, -572, 8, -580, 0, -586, 0, -564, 7, -570, 9, -582, 7, -589, 9, -590, 0, -599]
[0, -434, 2, -437, 10, -443, 5, -443, 10, -452, 1, -457, 5, -464, 1, -475, 2, -475, 0, -481, 0, -427, 3, -433, 4, -433, 4, -445, 3, -445, 0, -455, 0, -458, 6, -469, 6, -478, 0, -485, 0, -567, 8, -572, 8, -580, 0, -586, 0, -564, 7, -570, 9, -582, 7, -589, 9, -590, 0, -599]
[0, -434, 2, -437, 10, -443, 5, -443, 10, -452, 1, -457, 5, -464, 1, -475, 2, -475, 0, -481, 0, -427, 3, -433, 4, -433, 4, -445, 3, -445, 0, -455, 0, -458, 6, -469, 6, -478, 0, -485, 0, -567, 8, -572, 8, -580, 0, -586, 0, -564, 7, -570, 9, -582, 7, -589, 9, -590, 0, -599]
[0, -434, 2, -437, 10, -443, 5, -443, 10, -452, 1, -457, 5, -464, 1, -475, 2, -475, 0, -481, 0, -427, 3, -433, 4, -433, 4, -445, 3, -445, 0, -455, 0, -458, 6, -469, 6, -478, 0, -485, 0, -567, 8, -572, 8, -580, 0, -586, 0, -564, 7, -570, 9, -582, 7, -589, 9, -590, 0, -599]
[0, -434, 2, -437, 10, -443, 5, -443, 10, -452, 1, -457, 5, -464, 1, -475, 2, -475, 0, -481, 0, -427, 3, -433, 4, -433, 4, -445, 3, -445, 0, -455, 0, -458, 6, -469, 6, -478, 0, -485, 0, -567, 8, -572, 8, -580, 0, -586, 0, -564, 7, -570, 9, -582, 7, -589, 9, -590, 0, -599]
[0, -434, 2, -437, 10, -443, 5, -443, 10, -452, 1, -457, 5, -464, 1, -475, 2, -475, 0, -481, 0, -427, 3, -433, 4, -433, 4, -445, 3, -445, 0, -455, 0, -458, 6, -469, 6, -478, 0, -485, 0, -567, 8, -572, 8, -580, 0, -586, 0, -564, 7, -570, 9, -582, 7, -589, 9, -590, 0, -599]
[0, -434, 2, -437, 10, -443, 5, -443, 10, -452, 1, -457, 5, -464, 1, -475, 2, -475, 0, -481, 0, -427, 3, -433, 4, -433, 4, -445, 3, -445, 0, -455, 0, -458, 6, -469, 6, -478, 0, -485, 0, -567, 8, -572, 8, -580, 0, -586, 0, -564, 7, -570, 9, -582, 7, -589, 9, -590, 0, -599]
[0, -434, 2, -437, 10, -443, 5, -443, 10, -452, 1, -457, 5, -464, 1, -475, 2, -475, 0, -481, 0, -427, 3, -433, 4, -433, 4, -445, 3, -445, 0, -455, 0, -458, 6, -469, 6, -478, 0, -485, 0, -567, 8, -572, 8, -580, 0, -586, 0, -564, 7, -570, 9, -582, 7, -589, 9, -590, 0, -599]
[0, -434, 2, -437, 10, -443, 5, -443, 10, -452, 1, -457, 5, -464, 1, -475, 2, -475, 0, -481, 0, -427, 3, -433, 4, -433, 4, -445, 3, -445, 0, -455, 0, -458, 6, -469, 6, -478, 0, -485, 0, -567, 8, -572, 8, -580, 0, -586, 0, -564, 7, -570, 9, -582, 7, -589, 9, -590, 0, -599]
[0, -434, 2, -437, 10, -443, 5, -443, 10, -452, 1, -457, 5, -464, 1, -475, 2, -475, 0, -481, 0, -427, 3, -433, 4, -433, 4, -445, 3, -445, 0, -455, 0, -458, 6, -469, 6, -478, 0, -485, 0, -567, 8, -572, 8, -580, 0, -586, 0, -564, 7, -570, 9, -582, 7, -589, 9, -590, 0, -599]
[0, -434, 2, -437, 10, -443, 5, -443, 10, -452, 1, -457, 5, -464, 1, -475, 2, -475, 0, -481, 0, -427, 3, -433, 4, -433, 4, -445, 3, -445, 0, -455, 0, -458, 6, -469, 6, -478, 0, -485, 0, -567, 8, -572, 8, -580, 0, -586, 0, -564, 7, -570, 9, -582, 7, -589, 9, -590, 0, -599]
[0, -434, 2, -437, 10, -443, 5, -443, 10, -452, 1, -457, 5, -464, 1, -475, 2, -475, 0, -481, 0, -427, 3, -433, 4, -433, 4, -445, 3, -445, 0, -455, 0, -458, 6, -469, 6, -478, 0, -485, 0, -567, 8, -572, 8, -580, 0, -586, 0, -564, 7, -570, 9, -582, 7, -589, 9, -590, 0, -599]
[0, -434, 2, -437, 10, -443, 5, -443, 10, -452, 1, -457, 5, -464, 1, -475, 2, -475, 0, -481, 0, -427, 3, -433, 4, -433, 4, -445, 3, -445, 0, -455, 0, -458, 6, -469, 6, -478, 0, -485, 0, -567, 8, -572, 8, -580, 0, -586, 0, -564, 7, -570, 9, -582, 7, -589, 9, -590, 0, -599]
[0, -434, 2, -437, 10, -443, 5, -443, 10, -452, 1, -457, 5, -464, 1, -475, 2, -475, 0, -481, 0, -427, 3, -433, 4, -433, 4, -445, 3, -445, 0, -455, 0, -458, 6, -469, 6, -478, 0, -485, 0, -567, 8, -572, 8, -580, 0, -586, 0, -564, 7, -570, 9, -582, 7, -589, 9, -590, 0, -599]
[0, -434, 2, -437, 10, -443, 5, -443, 10, -452, 1, -457, 5, -464, 1, -475, 2, -475, 0, -481, 0, -427, 3, -433, 4, -433, 4, -445, 3, -445, 0, -455, 0, -458, 6, -469, 6, -478, 0, -485, 0, -567, 8, -572, 8, -580, 0, -586, 0, -564, 7, -570, 9, -582, 7, -589, 9, -590, 0, -599]
[0, -434, 2, -437, 10, -443, 5, -443, 10, -452, 1, -457, 5, -464, 1, -475, 2, -475, 0, -481, 0, -427, 3, -433, 4, -433, 4, -445, 3, -445, 0, -455, 0, -458, 6, -469, 6, -478, 0, -485, 0, -567, 8, -572, 8, -580, 0, -586, 0, -564, 7, -570, 9, -582, 7, -589, 9, -590, 0, -599]
[0, -434, 2, -437, 10, -443, 5, -443, 10, -452, 1, -457, 5, -464, 1, -475, 2, -475, 0, -481, 0, -427, 3, -433, 4, -433, 4, -445, 3, -445, 0, -455, 0, -458, 6, -469, 6, -478, 0, -485, 0, -567, 8, -572, 8, -580, 0, -586, 0, -564, 7, -570, 9, -582, 7, -589, 9, -590, 0, -599]
[0, -434, 2, -437, 10, -443, 5, -443, 10, -452, 1, -457, 5, -464, 1, -475, 2, -475, 0, -481, 0, -427, 3, -433, 4, -433, 4, -445, 3, -445, 0, -455, 0, -458, 6, -469, 6, -478, 0, -485, 0, -567, 8, -572, 8, -580, 0, -586, 0, -564, 7, -570, 9, -582, 7, -589, 9, -590, 0, -599]
[0, -434, 2, -437, 10, -443, 5, -443, 10, -452, 1, -457, 5, -464, 1, -475, 2, -475, 0, -481, 0, -427, 3, -433, 4, -433, 4, -445, 3, -445, 0, -455, 0, -458, 6, -469, 6, -478, 0, -485, 0, -567, 8, -572, 8, -580, 0, -586, 0, -564, 7, -570, 9, -582, 7, -589, 9, -590, 0, -599]
[0, -434, 2, -437, 10, -443, 5, -443, 10, -452, 1, -457, 5, -464, 1, -475, 2, -475, 0, -481, 0, -427, 3, -433, 4, -433, 4, -445, 3, -445, 0, -455, 0, -458, 6, -469, 6, -478, 0, -485, 0, -567, 8, -572, 8, -580, 0, -586, 0, -564, 7, -570, 9, -582, 7, -589, 9, -590, 0, -599]
[0, -434, 2, -437, 10, -443, 5, -443, 10, -452, 1, -457, 5, -464, 1, -475, 2, -475, 0, -481, 0, -427, 3, -433, 4, -433, 4, -445, 3, -445, 0, -455, 0, -458, 6, -469, 6, -478, 0, -485, 0, -567, 8, -572, 8, -580, 0, -586, 0, -564, 7, -570, 9, -582, 7, -589, 9, -590, 0, -599]
[0, -434, 2, -437, 10, -443, 5, -443, 10, -452, 1, -457, 5, -464, 1, -475, 2, -475, 0, -481, 0, -427, 3, -433, 4, -433, 4, -445, 3, -445, 0, -455, 0, -458, 6, -469, 6, -478, 0, -485, 0, -567, 8, -572, 8, -580, 0, -586, 0, -564, 7, -570, 9, -582, 7, -589, 9, -590, 0, -599]
[0, -434, 2, -437, 10, -443, 5, -443, 10, -452, 1, -457, 5, -464, 1, -475, 2, -475, 0, -481, 0, -427, 3, -433, 4, -433, 4, -445, 3, -445, 0, -455, 0, -458, 6, -469, 6, -478, 0, -485, 0, -567, 8, -572, 8, -580, 0, -586, 0, -564, 7, -570, 9, -582, 7, -589, 9, -590, 0, -599]
[0, -435, 2, -438, 10, -444, 10, -453, 5, -460, 6, -460, 5, -465, 2, -476, 6, -478, 0, -485, 0, -427, 4, -433, 3, -433, 3, -445, 4, -445, 0, -455, 0, -460, 1, -463, 1, -470, 0, -476, 0, -575, 9, -585, 9, -590, 0, -599, 0, -567, 8, -572, 8, -580, 7, -586, 7, -594, 0, -600]
[0, -435, 2, -438, 10, -444, 10, -453, 5, -460, 6, -460, 5, -465, 2, -476, 6, -478, 0, -485, 0, -427, 4, -433, 3, -433, 3, -445, 4, -445, 0, -455, 0, -460, 1, -463, 1, -470, 0, -476, 0, -575, 9, -585, 9, -590, 0, -599, 0, -567, 8, -572, 8, -580, 7, -586, 7, -594, 0, -600]
[0, -435, 2, -438, 10, -444, 10, -453, 5, -460, 6, -460, 5, -465, 2, -476, 6, -478, 0, -485, 0, -427, 4, -433, 3, -433, 3, -445, 4, -445, 0, -455, 0, -460, 1, -463, 1, -470, 0, -476, 0, -575, 9, -585, 9, -590, 0, -599, 0, -567, 8, -572, 8, -580, 7, -586, 7, -594, 0, -600]
[0, -435, 2, -438, 10, -444, 10, -453, 5, -460, 6, -460, 5, -465, 2, -476, 6, -478, 0, -485, 0, -427, 4, -433, 3, -433, 3, -445, 4, -445, 0, -455, 0, -460, 1, -463, 1, -470, 0, -476, 0, -575, 9, -585, 9, -590, 0, -599, 0, -567, 8, -572, 8, -580, 7, -586, 7, -594, 0, -600]
[0, -435, 2, -438, 10, -444, 10, -453, 5, -460, 6, -460, 5, -465, 2, -476, 6, -478, 0, -485, 0, -427, 4, -433, 3, -433, 3, -445, 4, -445, 0, -455, 0, -460, 1, -463, 1, -470, 0, -476, 0, -575, 9, -585, 9, -590, 0, -599, 0, -567, 8, -572, 8, -580, 7, -586, 7, -594, 0, -600]
[0, -435, 2, -438, 10, -444, 10, -453, 5, -460, 6, -460, 5, -465, 2, -476, 6, -478, 0, -485, 0, -427, 4, -433, 3, -433, 3, -445, 4, -445, 0, -455, 0, -460, 1, -463, 1, -470, 0, -476, 0, -575, 9, -585, 9, -590, 0, -599, 0, -567, 8, -572, 8, -580, 7, -586, 7, -594, 0, -600]
[0, -435, 2, -438, 10, -444, 10, -453, 5, -460, 6, -460, 5, -465, 2, -476, 6, -478, 0, -485, 0, -427, 4, -433, 3, -433, 3, -445, 4, -445, 0, -455, 0, -460, 1, -463, 1, -470, 0, -476, 0, -575, 9, -585, 9, -590, 0, -599, 0, -567, 8, -572, 8, -580, 7, -586, 7, -594, 0, -600]
[0, -435, 2, -438, 10, -444, 10, -453, 5, -460, 6, -460, 5, -465, 2, -476, 6, -478, 0, -485, 0, -427, 4, -433, 3, -433, 3, -445, 4, -445, 0, -455, 0, -460, 1, -463, 1, -470, 0, -476, 0, -575, 9, -585, 9, -590, 0, -599, 0, -567, 8, -572, 8, -580, 7, -586, 7, -594, 0, -600]
[0, -435, 2, -438, 10, -444, 10, -453, 5, -460, 6, -460, 5, -465, 2, -476, 6, -478, 0, -485, 0, -427, 4, -433, 3, -433, 3, -445, 4, -445, 0, -455, 0, -460, 1, -463, 1, -470, 0, -476, 0, -575, 9, -585, 9, -590, 0, -599, 0, -567, 8, -572, 8, -580, 7, -586, 7, -594, 0, -600]
[0, -435, 2, -438, 10, -444, 10, -453, 5, -460, 6, -460, 5, -465, 2, -476, 6, -478, 0, -485, 0, -427, 4, -433, 3, -433, 3, -445, 4, -445, 0, -455, 0, -460, 1, -463, 1, -470, 0, -476, 0, -575, 9, -585, 9, -590, 0, -599, 0, -567, 8, -572, 8, -580, 7, -586, 7, -594, 0, -600]
[0, -435, 2, -438, 10, -444, 10, -453, 5, -460, 6, -460, 5, -465, 2, -476, 6, -478, 0, -485, 0, -427, 4, -433, 3, -433, 3, -445, 4, -445, 0, -455, 0, -460, 1, -463, 1, -470, 0, -476, 0, -575, 9, -585, 9, -590, 0, -599, 0, -567, 8, -572, 8, -580, 7, -586, 7, -594, 0, -600]
[0, -435, 2, -438, 10, -444, 10, -453, 5, -460, 6, -460, 5, -465, 2, -476, 6, -478, 0, -485, 0, -427, 4, -433, 3, -433, 3, -445, 4, -445, 0, -455, 0, -460, 1, -463, 1, -470, 0, -476, 0, -575, 9, -585, 9, -590, 0, -599, 0, -567, 8, -572, 8, -580, 7, -586, 7, -594, 0, -600]
[0, -451, 1, -454, 5, -460, 6, -465, 5, -465, 2, -475, 1, -475, 2, -475, 6, -477, 0, -484, 0, -567, 8, -572, 8, -580, 9, -591, 9, -596, 0, -605, 0, -575, 7, -581, 7, -589, 0, -595, 0, -437, 10, -443, 10, -452, 0, -460, 0, -427, 4, -433, 3, -433, 3, -445, 4, -445, 0, -455]
[0, -451, 1, -454, 5, -460, 6, -465, 5, -465, 2, -475, 1, -475, 2, -475, 6, -477, 0, -484, 0, -567, 8, -572, 8, -580, 9, -591, 9, -596, 0, -605, 0, -575, 7, -581, 7, -589, 0, -595, 0, -437, 10, -443, 10, -452, 0, -460, 0, -427, 4, -433, 3, -433, 3, -445, 4, -445, 0, -455]
[0, -451, 1, -454, 5, -460, 6, -465, 5, -465, 2, -475, 1, -475, 2, -475, 6, -477, 0, -484, 0, -567, 8, -572, 8, -580, 9, -591, 9, -596, 0, -605, 0, -575, 7, -581, 7, -589, 0, -595, 0, -437, 10, -443, 10, -452, 0, -460, 0, -427, 4, -433, 3, -433, 3, -445, 4, -445, 0, -455]
[0, -451, 1, -454, 5, -460, 6, -465, 5, -465, 2, -475, 1, -475, 2, -475, 6, -477, 0, -484, 0, -567, 8, -572, 8, -580, 9, -591, 9, -596, 0, -605, 0, -575, 7, -581, 7, -589, 0, -595, 0, -437, 10, -443, 10, -452, 0, -460, 0, -427, 4, -433, 3, -433, 3, -445, 4, -445, 0, -455]
[0, -451, 1, -454, 5, -460, 6, -465, 5, -465, 2, -475, 1, -475, 2, -475, 6, -477, 0, -484, 0, -567, 8, -572, 8, -580, 9, -591, 9, -596, 0, -605, 0, -575, 7, -581, 7, -589, 0, -595, 0, -437, 10, -443, 10, -452, 0, -460, 0, -427, 4, -433, 3, -433, 3, -445, 4, -445, 0, -455]
[0, -451, 1, -454, 5, -460, 6, -465, 5, -465, 2, -475, 1, -475, 2, -475, 6, -477, 0, -484, 0, -567, 8, -572, 8, -580, 9, -591, 9, -596, 0, -605, 0, -575, 7, -581, 7, -589, 0, -595, 0, -437, 10, -443, 10, -452, 0, -460, 0, -427, 4, -433, 3, -433, 3, -445, 4, -445, 0, -455]
[0, -451, 1, -454, 5, -460, 6, -465, 5, -465, 2, -475, 1, -475, 2, -475, 6, -477, 0, -484, 0, -567, 8, -572, 8, -580, 9, -591, 9, -596, 0, -605, 0, -575, 7, -581, 7, -589, 0, -595, 0, -437, 10, -443, 10, -452, 0, -460, 0, -427, 4, -433, 3, -433, 3, -445, 4, -445, 0, -455]
[0, -451, 1, -454, 5, -460, 6, -465, 5, -465, 2, -475, 1, -475, 2, -475, 6, -477, 0, -484, 0, -567, 8, -572, 8, -580, 9, -591, 9, -596, 0, -605, 0, -575, 7, -581, 7, -589, 0, -595, 0, -437, 10, -443, 10, -452, 0, -460, 0, -427, 4, -433, 3, -433, 3, -445, 4, -445, 0, -455]
[0, -451, 1, -454, 5, -460, 6, -465, 5, -465, 2, -475, 1, -475, 2, -475, 6, -477, 0, -484, 0, -567, 8, -572, 8, -580, 9, -591, 9, -596, 0, -605, 0, -575, 7, -581, 7, -589, 0, -595, 0, -437, 10, -443, 10, -452, 0, -460, 0, -427, 4, -433, 3, -433, 3, -445, 4, -445, 0, -455]
[0, -451, 1, -454, 5, -460, 6, -465, 5, -465, 2, -475, 1, -475, 2, -475, 6, -477, 0, -484, 0, -567, 8, -572, 8, -580, 9, -591, 9, -596, 0, -605, 0, -575, 7, -581, 7, -589, 0, -595, 0, -437, 10, -443, 10, -452, 0, -460, 0, -427, 4, -433, 3, -433, 3, -445, 4, -445, 0, -455]
[0, -451, 1, -454, 5, -460, 6, -465, 5, -465, 2, -475, 1, -475, 2, -475, 6, -477, 0, -484, 0, -567, 8, -572, 8, -580, 9, -591, 9, -596, 0, -605, 0, -575, 7, -581, 7, -589, 0, -595, 0, -437, 10, -443, 10, -452, 0, -460, 0, -427, 4, -433, 3, -433, 3, -445, 4, -445, 0, -455]
[0, -451, 1, -454, 5, -460, 6, -465, 5, -465, 2, -475, 1, -475, 2, -475, 6, -477, 0, -484, 0, -567, 8, -572, 8, -580, 9, -591, 9, -596, 0, -605, 0, -575, 7, -581, 7, -589, 0, -595, 0, -437, 10, -443, 10, -452, 0, -460, 0, -427, 4, -433, 3, -433, 3, -445, 4, -445, 0, -455]
[0, -451, 1, -454, 5, -460, 6, -465, 5, -465, 2, -475, 1, -475, 2, -475, 6, -477, 0, -484, 0, -567, 8, -572, 8, -580, 9, -591, 9, -596, 0, -605, 0, -575, 7, -581, 7, -589, 0, -595, 0, -437, 10, -443, 10, -452, 0, -460, 0, -427, 4, -433, 3, -433, 3, -445, 4, -445, 0, -455]
[0, -451, 1, -454, 5, -460, 6, -465, 5, -465, 2, -475, 1, -475, 2, -475, 6, -477, 0, -484, 0, -567, 8, -572, 8, -580, 9, -591, 9, -596, 0, -605, 0, -575, 7, -581, 7, -589, 0, -595, 0, -437, 10, -443, 10, -452, 0, -460, 0, -427, 4, -433, 3, -433, 3, -445, 4, -445, 0, -455]
[0, -451, 1, -454, 5, -460, 6, -465, 5, -465, 2, -475, 1, -475, 2, -475, 6, -477, 0, -484, 0, -567, 8, -572, 8, -580, 9, -591, 9, -596, 0, -605, 0, -575, 7, -581, 7, -589, 0, -595, 0, -437, 10, -443, 10, -452, 0, -460, 0, -427, 4, -433, 3, -433, 3, -445, 4, -445, 0, -455]
[0, -451, 1, -454, 5, -460, 6, -465, 5, -465, 2, -475, 1, -475, 2, -475, 6, -477, 0, -484, 0, -567, 8, -572, 8, -580, 9, -591, 9, -596, 0, -605, 0, -575, 7, -581, 7, -589, 0, -595, 0, -437, 10, -443, 10, -452, 0, -460, 0, -427, 4, -433, 3, -433, 3, -445, 4, -445, 0, -455]
[0, -451, 1, -454, 5, -460, 6, -465, 5, -465, 2, -475, 1, -475, 2, -475, 6, -477, 0, -484, 0, -567, 8, -572, 8, -580, 9, -591, 9, -596, 0, -605, 0, -575, 7, -581, 7, -589, 0, -595, 0, -437, 10, -443, 10, -452, 0, -460, 0, -427, 4, -433, 3, -433, 3, -445, 4, -445, 0, -455]
[0, -451, 1, -454, 5, -460, 6, -465, 5, -465, 2, -475, 1, -475, 2, -475, 6, -477, 0, -484, 0, -567, 8, -572, 8, -580, 9, -591, 9, -596, 0, -605, 0, -575, 7, -581, 7, -589, 0, -595, 0, -437, 10, -443, 10, -452, 0, -460, 0, -427, 4, -433, 3, -433, 3, -445, 4, -445, 0, -455]
[0, -451, 1, -454, 5, -460, 6, -465, 5, -465, 2, -475, 1, -475, 2, -475, 6, -477, 0, -484, 0, -567, 8, -572, 8, -580, 9, -591, 9, -596, 0, -605, 0, -575, 7, -581, 7, -589, 0, -595, 0, -437, 10, -443, 10, -452, 0, -460, 0, -427, 4, -433, 3, -433, 3, -445, 4, -445, 0, -455]
[0, -451, 1, -454, 5, -460, 6, -465, 5, -465, 2, -475, 1, -475, 2, -475, 6, -477, 0, -484, 0, -567, 8, -572, 8, -580, 9, -591, 9, -596, 0, -605, 0, -575, 7, -581, 7, -589, 0, -595, 0, -437, 10, -443, 10, -452, 0, -460, 0, -427, 4, -433, 3, -433, 3, -445, 4, -445, 0, -455]
[0, -451, 1, -454, 5, -460, 6, -465, 5, -465, 2, -475, 1, -475, 2, -475, 6, -477, 0, -484, 0, -567, 8, -572, 8, -580, 9, -591, 9, -596, 0, -605, 0, -575, 7, -581, 7, -589, 0, -595, 0, -437, 10, -443, 10, -452, 0, -460, 0, -427, 4, -433, 3, -433, 3, -445, 4, -445, 0, -455]
[0, -451, 1, -454, 5, -460, 6, -465, 5, -465, 2, -475, 1, -475, 2, -475, 6, -477, 0, -484, 0, -567, 8, -572, 8, -580, 9, -591, 9, -596, 0, -605, 0, -575, 7, -581, 7, -589, 0, -595, 0, -437, 10, -443, 10, -452, 0, -460, 0, -427, 4, -433, 3, -433, 3, -445, 4, -445, 0, -455]
[0, -451, 1, -454, 5, -460, 6, -465, 5, -465, 2, -475, 1, -475, 2, -475, 6, -477, 0, -484, 0, -567, 8, -572, 8, -580, 9, -591, 9, -596, 0, -605, 0, -575, 7, -581, 7, -589, 0, -595, 0, -437, 10, -443, 10, -452, 0, -460, 0, -427, 4, -433, 3, -433, 3, -445, 4, -445, 0, -455]
[0, -451, 1, -454, 5, -460, 6, -465, 5, -465, 2, -475, 1, -475, 2, -475, 6, -477, 0, -484, 0, -567, 8, -572, 8, -580, 9, -591, 9, -596, 0, -605, 0, -575, 7, -581, 7, -589, 0, -595, 0, -437, 10, -443, 10, -452, 0, -460, 0, -427, 4, -433, 3, -433, 3, -445, 4, -445, 0, -455]
[0, -451, 1, -454, 5, -460, 6, -465, 5, -465, 2, -475, 1, -475, 2, -475, 6, -477, 0, -484, 0, -567, 8, -572, 8, -580, 9, -591, 9, -596, 0, -605, 0, -575, 7, -581, 7, -589, 0, -595, 0, -437, 10, -443, 10, -452, 0, -460, 0, -427, 4, -433, 3, -433, 3, -445, 4, -445, 0, -455]
[0, -451, 1, -454, 5, -460, 6, -465, 5, -465, 2, -475, 1, -475, 2, -475, 6, -477, 0, -484, 0, -567, 8, -572, 8, -580, 9, -591, 9, -596, 0, -605, 0, -575, 7, -581, 7, -589, 0, -595, 0, -437, 10, -443, 10, -452, 0, -460, 0, -427, 4, -433, 3, -433, 3, -445, 4, -445, 0, -455]
[0, -451, 1, -454, 5, -460, 6, -465, 5, -465, 2, -475, 1, -475, 2, -475, 6, -477, 0, -484, 0, -567, 8, -572, 8, -580, 9, -591, 9, -596, 0, -605, 0, -575, 7, -581, 7, -589, 0, -595, 0, -437, 10, -443, 10, -452, 0, -460, 0, -427, 4, -433, 3, -433, 3, -445, 4, -445, 0, -455]
[0, -451, 1, -454, 5, -460, 6, -465, 5, -465, 2, -475, 1, -475, 2, -475, 6, -477, 0, -484, 0, -567, 8, -572, 8, -580, 9, -591, 9, -596, 0, -605, 0, -575, 7, -581, 7, -589, 0, -595, 0, -437, 10, -443, 10, -452, 0, -460, 0, -427, 4, -433, 3, -433, 3, -445, 4, -445, 0, -455]
[0, -451, 1, -454, 5, -460, 6, -465, 5, -465, 2, -475, 1, -475, 2, -475, 6, -477, 0, -484, 0, -567, 8, -572, 8, -580, 9, -591, 9, -596, 0, -605, 0, -575, 7, -581, 7, -589, 0, -595, 0, -437, 10, -443, 10, -452, 0, -460, 0, -427, 4, -433, 3, -433, 3, -445, 4, -445, 0, -455]
[0, -451, 1, -454, 5, -460, 6, -465, 5, -465, 2, -475, 1, -475, 2, -475, 6, -477, 0, -484, 0, -567, 8, -572, 8, -580, 9, -591, 9, -596, 0, -605, 0, -575, 7, -581, 7, -589, 0, -595, 0, -437, 10, -443, 10, -452, 0, -460, 0, -427, 4, -433, 3, -433, 3, -445, 4, -445, 0, -455]
[0, -451, 1, -454, 5, -460, 6, -465, 5, -465, 2, -475, 1, -475, 2, -475, 6, -477, 0, -484, 0, -567, 8, -572, 8, -580, 9, -591, 9, -596, 0, -605, 0, -575, 7, -581, 7, -589, 0, -595, 0, -437, 10, -443, 10, -452, 0, -460, 0, -427, 4, -433, 3, -433, 3, -445, 4, -445, 0, -455]
[0, -451, 1, -454, 5, -460, 6, -465, 5, -465, 2, -475, 1, -475, 2, -475, 6, -477, 0, -484, 0, -567, 8, -572, 8, -580, 9, -591, 9, -596, 0, -605, 0, -575, 7, -581, 7, -589, 0, -595, 0, -437, 10, -443, 10, -452, 0, -460, 0, -427, 4, -433, 3, -433, 3, -445, 4, -445, 0, -455]
[0, -451, 1, -454, 5, -460, 6, -465, 5, -465, 2, -475, 1, -475, 2, -475, 6, -477, 0, -484, 0, -567, 8, -572, 8, -580, 9, -591, 9, -596, 0, -605, 0, -575, 7, -581, 7, -589, 0, -595, 0, -437, 10, -443, 10, -452, 0, -460, 0, -427, 4, -433, 3, -433, 3, -445, 4, -445, 0, -455]
[0, -451, 1, -454, 5, -460, 6, -465, 5, -465, 2, -475, 1, -475, 2, -475, 6, -477, 0, -484, 0, -567, 8, -572, 8, -580, 9, -591, 9, -596, 0, -605, 0, -575, 7, -581, 7, -589, 0, -595, 0, -437, 10, -443, 10, -452, 0, -460, 0, -427, 4, -433, 3, -433, 3, -445, 4, -445, 0, -455]
[0, -451, 1, -454, 5, -460, 6, -465, 5, -465, 2, -475, 1, -475, 2, -475, 6, -477, 0, -484, 0, -567, 8, -572, 8, -580, 9, -591, 9, -596, 0, -605, 0, -575, 7, -581, 7, -589, 0, -595, 0, -437, 10, -443, 10, -452, 0, -460, 0, -427, 4, -433, 3, -433, 3, -445, 4, -445, 0, -455]
[0, -451, 1, -454, 5, -460, 6, -465, 5, -465, 2, -475, 1, -475, 2, -475, 6, -477, 0, -484, 0, -567, 8, -572, 8, -580, 9, -591, 9, -596, 0, -605, 0, -575, 7, -581, 7, -589, 0, -595, 0, -437, 10, -443, 10, -452, 0, -460, 0, -427, 4, -433, 3, -433, 3, -445, 4, -445, 0, -455]
[0, -451, 1, -454, 5, -460, 6, -465, 5, -465, 2, -475, 1, -475, 2, -475, 6, -477, 0, -484, 0, -567, 8, -572, 8, -580, 9, -591, 9, -596, 0, -605, 0, -575, 7, -581, 7, -589, 0, -595, 0, -437, 10, -443, 10, -452, 0, -460, 0, -427, 4, -433, 3, -433, 3, -445, 4, -445, 0, -455]
[0, -451, 1, -454, 5, -460, 6, -465, 5, -465, 2, -475, 1, -475, 2, -475, 6, -477, 0, -484, 0, -567, 8, -572, 8, -580, 9, -591, 9, -596, 0, -605, 0, -575, 7, -581, 7, -589, 0, -595, 0, -437, 10, -443, 10, -452, 0, -460, 0, -427, 4, -433, 3, -433, 3, -445, 4, -445, 0, -455]
[0, -451, 1, -454, 5, -460, 6, -465, 5, -465, 2, -475, 1, -475, 2, -475, 6, -477, 0, -484, 0, -567, 8, -572, 8, -580, 9, -591, 9, -596, 0, -605, 0, -575, 7, -581, 7, -589, 0, -595, 0, -437, 10, -443, 10, -452, 0, -460, 0, -427, 4, -433, 3, -433, 3, -445, 4, -445, 0, -455]
[0, -451, 1, -454, 5, -460, 6, -465, 5, -465, 2, -475, 1, -475, 2, -475, 6, -477, 0, -484, 0, -567, 8, -572, 8, -580, 9, -591, 9, -596, 0, -605, 0, -575, 7, -581, 7, -589, 0, -595, 0, -437, 10, -443, 10, -452, 0, -460, 0, -427, 4, -433, 3, -433, 3, -445, 4, -445, 0, -455]
[0, -451, 1, -454, 5, -460, 6, -465, 5, -465, 2, -475, 1, -475, 2, -475, 6, -477, 0, -484, 0, -567, 8, -572, 8, -580, 9, -591, 9, -596, 0, -605, 0, -575, 7, -581, 7, -589, 0, -595, 0, -437, 10, -443, 10, -452, 0, -460, 0, -427, 4, -433, 3, -433, 3, -445, 4, -445, 0, -455]
[0, -451, 1, -454, 5, -460, 6, -465, 5, -465, 2, -475, 1, -475, 2, -475, 6, -477, 0, -484, 0, -567, 8, -572, 8, -580, 9, -591, 9, -596, 0, -605, 0, -575, 7, -581, 7, -589, 0, -595, 0, -437, 10, -443, 10, -452, 0, -460, 0, -427, 4, -433, 3, -433, 3, -445, 4, -445, 0, -455]
[0, -451, 1, -454, 5, -460, 6, -465, 5, -465, 2, -475, 1, -475, 2, -475, 6, -477, 0, -484, 0, -567, 8, -572, 8, -580, 9, -591, 9, -596, 0, -605, 0, -575, 7, -581, 7, -589, 0, -595, 0, -437, 10, -443, 10, -452, 0, -460, 0, -427, 4, -433, 3, -433, 3, -445, 4, -445, 0, -455]
[0, -451, 1, -454, 5, -460, 6, -465, 5, -465, 2, -475, 1, -475, 2, -475, 6, -477, 0, -484, 0, -567, 8, -572, 8, -580, 9, -591, 9, -596, 0, -605, 0, -575, 7, -581, 7, -589, 0, -595, 0, -437, 10, -443, 10, -452, 0, -460, 0, -427, 4, -433, 3, -433, 3, -445, 4, -445, 0, -455]
[0, -451, 1, -454, 5, -460, 6, -465, 5, -465, 2, -475, 1, -475, 2, -475, 6, -477, 0, -484, 0, -567, 8, -572, 8, -580, 9, -591, 9, -596, 0, -605, 0, -575, 7, -581, 7, -589, 0, -595, 0, -437, 10, -443, 10, -452, 0, -460, 0, -427, 4, -433, 3, -433, 3, -445, 4, -445, 0, -455]
[0, -451, 1, -454, 5, -460, 6, -465, 5, -465, 2, -475, 1, -475, 2, -475, 6, -477, 0, -484, 0, -567, 8, -572, 8, -580, 9, -591, 9, -596, 0, -605, 0, -575, 7, -581, 7, -589, 0, -595, 0, -437, 10, -443, 10, -452, 0, -460, 0, -427, 4, -433, 3, -433, 3, -445, 4, -445, 0, -455]
[0, -451, 1, -454, 5, -460, 6, -465, 5, -465, 2, -475, 1, -475, 2, -475, 6, -477, 0, -484, 0, -567, 8, -572, 8, -580, 9, -591, 9, -596, 0, -605, 0, -575, 7, -581, 7, -589, 0, -595, 0, -437, 10, -443, 10, -452, 0, -460, 0, -427, 4, -433, 3, -433, 3, -445, 4, -445, 0, -455]
[0, -451, 1, -454, 5, -460, 6, -465, 5, -465, 2, -475, 1, -475, 2, -475, 6, -477, 0, -484, 0, -567, 8, -572, 8, -580, 9, -591, 9, -596, 0, -605, 0, -575, 7, -581, 7, -589, 0, -595, 0, -437, 10, -443, 10, -452, 0, -460, 0, -427, 4, -433, 3, -433, 3, -445, 4, -445, 0, -455]
[0, -451, 1, -454, 5, -460, 6, -465, 5, -465, 2, -475, 1, -475, 2, -475, 6, -477, 0, -484, 0, -567, 8, -572, 8, -580, 9, -591, 9, -596, 0, -605, 0, -575, 7, -581, 7, -589, 0, -595, 0, -437, 10, -443, 10, -452, 0, -460, 0, -427, 4, -433, 3, -433, 3, -445, 4, -445, 0, -455]
[0, -451, 1, -454, 5, -460, 6, -465, 5, -465, 2, -475, 1, -475, 2, -475, 6, -477, 0, -484, 0, -567, 8, -572, 8, -580, 9, -591, 9, -596, 0, -605, 0, -575, 7, -581, 7, -589, 0, -595, 0, -437, 10, -443, 10, -452, 0, -460, 0, -427, 4, -433, 3, -433, 3, -445, 4, -445, 0, -455]
[0, -451, 1, -454, 5, -460, 6, -465, 5, -465, 2, -475, 1, -475, 2, -475, 6, -477, 0, -484, 0, -567, 8, -572, 8, -580, 9, -591, 9, -596, 0, -605, 0, -575, 7, -581, 7, -589, 0, -595, 0, -437, 10, -443, 10, -452, 0, -460, 0, -427, 4, -433, 3, -433, 3, -445, 4, -445, 0, -455]
[0, -451, 1, -454, 5, -460, 6, -465, 5, -465, 2, -475, 1, -475, 2, -475, 6, -477, 0, -484, 0, -567, 8, -572, 8, -580, 9, -591, 9, -596, 0, -605, 0, -575, 7, -581, 7, -589, 0, -595, 0, -437, 10, -443, 10, -452, 0, -460, 0, -427, 4, -433, 3, -433, 3, -445, 4, -445, 0, -455]
[0, -451, 1, -454, 5, -460, 6, -465, 5, -465, 2, -475, 1, -475, 2, -475, 6, -477, 0, -484, 0, -567, 8, -572, 8, -580, 9, -591, 9, -596, 0, -605, 0, -575, 7, -581, 7, -589, 0, -595, 0, -437, 10, -443, 10, -452, 0, -460, 0, -427, 4, -433, 3, -433, 3, -445, 4, -445, 0, -455]
[0, -451, 1, -454, 5, -460, 6, -465, 5, -465, 2, -475, 1, -475, 2, -475, 6, -477, 0, -484, 0, -567, 8, -572, 8, -580, 9, -591, 9, -596, 0, -605, 0, -575, 7, -581, 7, -589, 0, -595, 0, -437, 10, -443, 10, -452, 0, -460, 0, -427, 4, -433, 3, -433, 3, -445, 4, -445, 0, -455]
