[]
[]
[]
[]
[0, -427, 4, -433, 5, -433, 3, -433, 3, -445, 4, -445, 5, -455, 0, -465, 0, -564, 7, -570, 9, -582, 7, -589, 9, -590, 0, -599, 0, -567, 8, -572, 8, -580, 0, -586, 0, -434, 1, -437, 2, -437, 10, -443, 10, -452, 1, -459, 6, -466, 2, -471, 6, -473, 0, -480]
[0, -427, 4, -433, 5, -433, 3, -433, 3, -445, 4, -445, 5, -455, 0, -465, 0, -564, 7, -570, 9, -582, 7, -589, 9, -590, 0, -599, 0, -567, 8, -572, 8, -580, 0, -586, 0, -434, 1, -437, 2, -437, 10, -443, 10, -452, 1, -459, 6, -466, 2, -471, 6, -473, 0, -480]
[0, -427, 4, -433, 5, -433, 3, -433, 3, -445, 4, -445, 5, -455, 0, -465, 0, -564, 7, -570, 9, -582, 7, -589, 9, -590, 0, -599, 0, -567, 8, -572, 8, -580, 0, -586, 0, -434, 1, -437, 2, -437, 10, -443, 10, -452, 1, -459, 6, -466, 2, -471, 6, -473, 0, -480]
[0, -427, 4, -433, 5, -433, 3, -433, 3, -445, 4, -445, 5, -455, 0, -465, 0, -564, 7, -570, 9, -582, 7, -589, 9, -590, 0, -599, 0, -567, 8, -572, 8, -580, 0, -586, 0, -434, 1, -437, 2, -437, 10, -443, 10, -452, 1, -459, 6, -466, 2, -471, 6, -473, 0, -480]
[0, -427, 4, -433, 5, -433, 3, -433, 3, -445, 4, -445, 5, -455, 0, -465, 0, -564, 7, -570, 9, -582, 7, -589, 9, -590, 0, -599, 0, -567, 8, -572, 8, -580, 0, -586, 0, -434, 1, -437, 2, -437, 10, -443, 10, -452, 1, -459, 6, -466, 2, -471, 6, -473, 0, -480]
[0, -427, 4, -433, 5, -433, 3, -433, 3, -445, 4, -445, 5, -455, 0, -465, 0, -564, 7, -570, 9, -582, 7, -589, 9, -590, 0, -599, 0, -567, 8, -572, 8, -580, 0, -586, 0, -434, 1, -437, 2, -437, 10, -443, 10, -452, 1, -459, 6, -466, 2, -471, 6, -473, 0, -480]
[0, -427, 4, -433, 5, -433, 3, -433, 3, -445, 4, -445, 5, -455, 0, -465, 0, -564, 7, -570, 9, -582, 7, -589, 9, -590, 0, -599, 0, -567, 8, -572, 8, -580, 0, -586, 0, -434, 1, -437, 2, -437, 10, -443, 10, -452, 1, -459, 6, -466, 2, -471, 6, -473, 0, -480]
[0, -427, 4, -433, 5, -433, 3, -433, 3, -445, 4, -445, 5, -455, 0, -465, 0, -564, 7, -570, 9, -582, 7, -589, 9, -590, 0, -599, 0, -567, 8, -572, 8, -580, 0, -586, 0, -434, 1, -437, 2, -437, 10, -443, 10, -452, 1, -459, 6, -466, 2, -471, 6, -473, 0, -480]
[0, -427, 4, -433, 5, -433, 3, -433, 3, -445, 4, -445, 5, -455, 0, -465, 0, -564, 7, -570, 9, -582, 7, -589, 9, -590, 0, -599, 0, -567, 8, -572, 8, -580, 0, -586, 0, -434, 1, -437, 2, -437, 10, -443, 10, -452, 1, -459, 6, -466, 2, -471, 6, -473, 0, -480]
[0, -427, 4, -433, 5, -433, 3, -433, 3, -445, 4, -445, 5, -455, 0, -465, 0, -564, 7, -570, 9, -582, 7, -589, 9, -590, 0, -599, 0, -567, 8, -572, 8, -580, 0, -586, 0, -434, 1, -437, 2, -437, 10, -443, 10, -452, 1, -459, 6, -466, 2, -471, 6, -473, 0, -480]
[0, -427, 4, -433, 5, -433, 3, -433, 3, -445, 4, -445, 5, -455, 0, -465, 0, -564, 7, -570, 9, -582, 7, -589, 9, -590, 0, -599, 0, -567, 8, -572, 8, -580, 0, -586, 0, -434, 1, -437, 2, -437, 10, -443, 10, -452, 1, -459, 6, -466, 2, -471, 6, -473, 0, -480]
[0, -427, 4, -433, 5, -433, 3, -433, 3, -445, 4, -445, 5, -455, 0, -465, 0, -564, 7, -570, 9, -582, 7, -589, 9, -590, 0, -599, 0, -567, 8, -572, 8, -580, 0, -586, 0, -434, 1, -437, 2, -437, 10, -443, 10, -452, 1, -459, 6, -466, 2, -471, 6, -473, 0, -480]
[0, -427, 4, -433, 5, -433, 3, -433, 3, -445, 4, -445, 5, -455, 0, -465, 0, -564, 7, -570, 9, -582, 7, -589, 9, -590, 0, -599, 0, -567, 8, -572, 8, -580, 0, -586, 0, -434, 1, -437, 2, -437, 10, -443, 10, -452, 1, -459, 6, -466, 2, -471, 6, -473, 0, -480]
[0, -427, 4, -433, 5, -433, 3, -433, 3, -445, 4, -445, 5, -455, 0, -465, 0, -564, 7, -570, 9, -582, 7, -589, 9, -590, 0, -599, 0, -567, 8, -572, 8, -580, 0, -586, 0, -434, 1, -437, 2, -437, 10, -443, 10, -452, 1, -459, 6, -466, 2, -471, 6, -473, 0, -480]
[0, -427, 4, -433, 5, -433, 3, -433, 3, -445, 4, -445, 5, -455, 0, -465, 0, -564, 7, -570, 9, -582, 7, -589, 9, -590, 0, -599, 0, -567, 8, -572, 8, -580, 0, -586, 0, -434, 1, -437, 2, -437, 10, -443, 10, -452, 1, -459, 6, -466, 2, -471, 6, -473, 0, -480]
[0, -427, 4, -433, 5, -433, 3, -433, 3, -445, 4, -445, 5, -455, 0, -465, 0, -564, 7, -570, 9, -582, 7, -589, 9, -590, 0, -599, 0, -567, 8, -572, 8, -580, 0, -586, 0, -434, 1, -437, 2, -437, 10, -443, 10, -452, 1, -459, 6, -466, 2, -471, 6, -473, 0, -480]
[0, -427, 4, -433, 5, -433, 3, -433, 3, -445, 4, -445, 5, -455, 0, -465, 0, -564, 7, -570, 9, -582, 7, -589, 9, -590, 0, -599, 0, -567, 8, -572, 8, -580, 0, -586, 0, -434, 1, -437, 2, -437, 10, -443, 10, -452, 1, -459, 6, -466, 2, -471, 6, -473, 0, -480]
[0, -427, 4, -433, 5, -433, 3, -433, 3, -445, 4, -445, 5, -455, 0, -465, 0, -564, 7, -570, 9, -582, 7, -589, 9, -590, 0, -599, 0, -567, 8, -572, 8, -580, 0, -586, 0, -434, 1, -437, 2, -437, 10, -443, 10, -452, 1, -459, 6, -466, 2, -471, 6, -473, 0, -480]
[0, -427, 4, -433, 5, -433, 3, -433, 3, -445, 4, -445, 5, -455, 0, -465, 0, -564, 7, -570, 9, -582, 7, -589, 9, -590, 0, -599, 0, -567, 8, -572, 8, -580, 0, -586, 0, -434, 1, -437, 2, -437, 10, -443, 10, -452, 1, -459, 6, -466, 2, -471, 6, -473, 0, -480]
[0, -427, 4, -433, 5, -433, 3, -433, 3, -445, 4, -445, 5, -455, 0, -465, 0, -564, 7, -570, 9, -582, 7, -589, 9, -590, 0, -599, 0, -567, 8, -572, 8, -580, 0, -586, 0, -434, 1, -437, 2, -437, 10, -443, 10, -452, 1, -459, 6, -466, 2, -471, 6, -473, 0, -480]
[0, -427, 4, -433, 5, -433, 3, -433, 3, -445, 4, -445, 5, -455, 0, -465, 0, -564, 7, -570, 9, -582, 7, -589, 9, -590, 0, -599, 0, -567, 8, -572, 8, -580, 0, -586, 0, -434, 1, -437, 2, -437, 10, -443, 10, -452, 1, -459, 6, -466, 2, -471, 6, -473, 0, -480]
[0, -427, 4, -433, 5, -433, 3, -433, 3, -445, 4, -445, 5, -455, 0, -465, 0, -564, 7, -570, 9, -582, 7, -589, 9, -590, 0, -599, 0, -567, 8, -572, 8, -580, 0, -586, 0, -434, 1, -437, 2, -437, 10, -443, 10, -452, 1, -459, 6, -466, 2, -471, 6, -473, 0, -480]
[0, -427, 4, -433, 5, -433, 3, -433, 3, -445, 4, -445, 5, -455, 0, -465, 0, -564, 7, -570, 9, -582, 7, -589, 9, -590, 0, -599, 0, -567, 8, -572, 8, -580, 0, -586, 0, -434, 1, -437, 2, -437, 10, -443, 10, -452, 1, -459, 6, -466, 2, -471, 6, -473, 0, -480]
[0, -427, 4, -433, 5, -433, 3, -433, 3, -445, 4, -445, 5, -455, 0, -465, 0, -564, 7, -570, 9, -582, 7, -589, 9, -590, 0, -599, 0, -567, 8, -572, 8, -580, 0, -586, 0, -434, 1, -437, 2, -437, 10, -443, 10, -452, 1, -459, 6, -466, 2, -471, 6, -473, 0, -480]
[0, -427, 4, -433, 5, -433, 3, -433, 3, -445, 4, -445, 5, -455, 0, -465, 0, -564, 7, -570, 9, -582, 7, -589, 9, -590, 0, -599, 0, -567, 8, -572, 8, -580, 0, -586, 0, -434, 1, -437, 2, -437, 10, -443, 10, -452, 1, -459, 6, -466, 2, -471, 6, -473, 0, -480]
[0, -427, 4, -433, 5, -433, 3, -433, 3, -445, 4, -445, 5, -455, 0, -465, 0, -564, 7, -570, 9, -582, 7, -589, 9, -590, 0, -599, 0, -567, 8, -572, 8, -580, 0, -586, 0, -434, 1, -437, 2, -437, 10, -443, 10, -452, 1, -459, 6, -466, 2, -471, 6, -473, 0, -480]
[0, -427, 4, -433, 5, -433, 3, -433, 3, -445, 4, -445, 5, -455, 0, -465, 0, -564, 7, -570, 9, -582, 7, -589, 9, -590, 0, -599, 0, -567, 8, -572, 8, -580, 0, -586, 0, -434, 1, -437, 2, -437, 10, -443, 10, -452, 1, -459, 6, -466, 2, -471, 6, -473, 0, -480]
[0, -427, 4, -433, 5, -433, 3, -433, 3, -445, 4, -445, 5, -455, 0, -465, 0, -564, 7, -570, 9, -582, 7, -589, 9, -590, 0, -599, 0, -567, 8, -572, 8, -580, 0, -586, 0, -434, 1, -437, 2, -437, 10, -443, 10, -452, 1, -459, 6, -466, 2, -471, 6, -473, 0, -480]
[0, -427, 4, -433, 5, -433, 3, -433, 3, -445, 4, -445, 5, -455, 0, -465, 0, -564, 7, -570, 9, -582, 7, -589, 9, -590, 0, -599, 0, -567, 8, -572, 8, -580, 0, -586, 0, -434, 1, -437, 2, -437, 10, -443, 10, -452, 1, -459, 6, -466, 2, -471, 6, -473, 0, -480]
[0, -427, 4, -433, 5, -433, 3, -433, 3, -445, 4, -445, 5, -455, 0, -465, 0, -564, 7, -570, 9, -582, 7, -589, 9, -590, 0, -599, 0, -567, 8, -572, 8, -580, 0, -586, 0, -434, 1, -437, 2, -437, 10, -443, 10, -452, 1, -459, 6, -466, 2, -471, 6, -473, 0, -480]
[0, -427, 4, -433, 5, -433, 3, -433, 3, -445, 4, -445, 5, -455, 0, -465, 0, -564, 7, -570, 9, -582, 7, -589, 9, -590, 0, -599, 0, -567, 8, -572, 8, -580, 0, -586, 0, -434, 1, -437, 2, -437, 10, -443, 10, -452, 1, -459, 6, -466, 2, -471, 6, -473, 0, -480]
[0, -427, 4, -433, 5, -433, 3, -433, 3, -445, 4, -445, 5, -455, 0, -465, 0, -564, 7, -570, 9, -582, 7, -589, 9, -590, 0, -599, 0, -567, 8, -572, 8, -580, 0, -586, 0, -434, 1, -437, 2, -437, 10, -443, 10, -452, 1, -459, 6, -466, 2, -471, 6, -473, 0, -480]
[0, -427, 4, -433, 5, -433, 3, -433, 3, -445, 4, -445, 5, -455, 0, -465, 0, -564, 7, -570, 9, -582, 7, -589, 9, -590, 0, -599, 0, -567, 8, -572, 8, -580, 0, -586, 0, -434, 1, -437, 2, -437, 10, -443, 10, -452, 1, -459, 6, -466, 2, -471, 6, -473, 0, -480]
[0, -427, 4, -433, 5, -433, 3, -433, 3, -445, 4, -445, 5, -455, 0, -465, 0, -564, 7, -570, 9, -582, 7, -589, 9, -590, 0, -599, 0, -567, 8, -572, 8, -580, 0, -586, 0, -434, 1, -437, 2, -437, 10, -443, 10, -452, 1, -459, 6, -466, 2, -471, 6, -473, 0, -480]
[0, -427, 4, -433, 5, -433, 3, -433, 3, -445, 4, -445, 5, -455, 0, -465, 0, -564, 7, -570, 9, -582, 7, -589, 9, -590, 0, -599, 0, -567, 8, -572, 8, -580, 0, -586, 0, -434, 1, -437, 2, -437, 10, -443, 10, -452, 1, -459, 6, -466, 2, -471, 6, -473, 0, -480]
[0, -427, 4, -433, 5, -433, 3, -433, 3, -445, 4, -445, 5, -455, 0, -465, 0, -564, 7, -570, 9, -582, 7, -589, 9, -590, 0, -599, 0, -567, 8, -572, 8, -580, 0, -586, 0, -434, 1, -437, 2, -437, 10, -443, 10, -452, 1, -459, 6, -466, 2, -471, 6, -473, 0, -480]
[0, -427, 4, -433, 5, -433, 3, -433, 3, -445, 4, -445, 5, -455, 0, -465, 0, -564, 7, -570, 9, -582, 7, -589, 9, -590, 0, -599, 0, -567, 8, -572, 8, -580, 0, -586, 0, -434, 1, -437, 2, -437, 10, -443, 10, -452, 1, -459, 6, -466, 2, -471, 6, -473, 0, -480]
[0, -427, 4, -433, 5, -433, 3, -433, 3, -445, 4, -445, 5, -455, 0, -465, 0, -564, 7, -570, 9, -582, 7, -589, 9, -590, 0, -599, 0, -567, 8, -572, 8, -580, 0, -586, 0, -434, 1, -437, 2, -437, 10, -443, 10, -452, 1, -459, 6, -466, 2, -471, 6, -473, 0, -480]
[0, -427, 4, -433, 5, -433, 3, -433, 3, -445, 4, -445, 5, -455, 0, -465, 0, -564, 7, -570, 9, -582, 7, -589, 9, -590, 0, -599, 0, -567, 8, -572, 8, -580, 0, -586, 0, -434, 1, -437, 2, -437, 10, -443, 10, -452, 1, -459, 6, -466, 2, -471, 6, -473, 0, -480]
[0, -427, 4, -433, 5, -433, 3, -433, 3, -445, 4, -445, 5, -455, 0, -465, 0, -564, 7, -570, 9, -582, 7, -589, 9, -590, 0, -599, 0, -567, 8, -572, 8, -580, 0, -586, 0, -434, 1, -437, 2, -437, 10, -443, 10, -452, 1, -459, 6, -466, 2, -471, 6, -473, 0, -480]
[0, -427, 4, -433, 5, -433, 3, -433, 3, -445, 4, -445, 5, -455, 0, -465, 0, -564, 7, -570, 9, -582, 7, -589, 9, -590, 0, -599, 0, -567, 8, -572, 8, -580, 0, -586, 0, -434, 1, -437, 2, -437, 10, -443, 10, -452, 1, -459, 6, -466, 2, -471, 6, -473, 0, -480]
[0, -427, 4, -433, 5, -433, 3, -433, 3, -445, 4, -445, 5, -455, 0, -465, 0, -564, 7, -570, 9, -582, 7, -589, 9, -590, 0, -599, 0, -567, 8, -572, 8, -580, 0, -586, 0, -434, 1, -437, 2, -437, 10, -443, 10, -452, 1, -459, 6, -466, 2, -471, 6, -473, 0, -480]
[0, -427, 4, -433, 5, -433, 3, -433, 3, -445, 4, -445, 5, -455, 0, -465, 0, -564, 7, -570, 9, -582, 7, -589, 9, -590, 0, -599, 0, -567, 8, -572, 8, -580, 0, -586, 0, -434, 1, -437, 2, -437, 10, -443, 10, -452, 1, -459, 6, -466, 2, -471, 6, -473, 0, -480]
[0, -427, 4, -433, 5, -433, 3, -433, 3, -445, 4, -445, 5, -455, 0, -465, 0, -564, 7, -570, 9, -582, 7, -589, 9, -590, 0, -599, 0, -567, 8, -572, 8, -580, 0, -586, 0, -434, 1, -437, 2, -437, 10, -443, 10, -452, 1, -459, 6, -466, 2, -471, 6, -473, 0, -480]
[0, -427, 4, -433, 5, -433, 3, -433, 3, -445, 4, -445, 5, -455, 0, -465, 0, -564, 7, -570, 9, -582, 7, -589, 9, -590, 0, -599, 0, -567, 8, -572, 8, -580, 0, -586, 0, -434, 1, -437, 2, -437, 10, -443, 10, -452, 1, -459, 6, -466, 2, -471, 6, -473, 0, -480]
[0, -427, 4, -433, 5, -433, 3, -433, 3, -445, 4, -445, 5, -455, 0, -465, 0, -564, 7, -570, 9, -582, 7, -589, 9, -590, 0, -599, 0, -567, 8, -572, 8, -580, 0, -586, 0, -434, 1, -437, 2, -437, 10, -443, 10, -452, 1, -459, 6, -466, 2, -471, 6, -473, 0, -480]
[0, -427, 4, -433, 5, -433, 3, -433, 10, -433, 3, -445, 4, -445, 10, -446, 5, -455, 0, -465, 0, -564, 7, -570, 9, -582, 7, -589, 9, -590, 0, -599, 0, -567, 8, -572, 8, -580, 0, -586, 0, -442, 6, -453, 2, -463, 1, -463, 1, -470, 2, -470, 6, -472, 0, -479]
[0, -427, 4, -433, 5, -433, 3, -433, 10, -433, 3, -445, 4, -445, 10, -446, 5, -455, 0, -465, 0, -564, 7, -570, 9, -582, 7, -589, 9, -590, 0, -599, 0, -567, 8, -572, 8, -580, 0, -586, 0, -442, 6, -453, 2, -463, 1, -463, 1, -470, 2, -470, 6, -472, 0, -479]
[0, -427, 4, -433, 5, -433, 3, -433, 10, -433, 3, -445, 4, -445, 10, -446, 5, -455, 0, -465, 0, -564, 7, -570, 9, -582, 7, -589, 9, -590, 0, -599, 0, -567, 8, -572, 8, -580, 0, -586, 0, -442, 6, -453, 2, -463, 1, -463, 1, -470, 2, -470, 6, -472, 0, -479]
[0, -427, 4, -433, 5, -433, 3, -433, 10, -433, 3, -445, 4, -445, 10, -446, 5, -455, 0, -465, 0, -564, 7, -570, 9, -582, 7, -589, 9, -590, 0, -599, 0, -567, 8, -572, 8, -580, 0, -586, 0, -442, 6, -453, 2, -463, 1, -463, 1, -470, 2, -470, 6, -472, 0, -479]
[0, -427, 4, -433, 5, -433, 3, -433, 10, -433, 3, -445, 4, -445, 10, -446, 5, -455, 0, -465, 0, -564, 7, -570, 9, -582, 7, -589, 9, -590, 0, -599, 0, -567, 8, -572, 8, -580, 0, -586, 0, -442, 6, -453, 2, -463, 1, -463, 1, -470, 2, -470, 6, -472, 0, -479]
[0, -427, 4, -433, 5, -433, 3, -433, 10, -433, 3, -445, 4, -445, 10, -446, 5, -455, 0, -465, 0, -564, 7, -570, 9, -582, 7, -589, 9, -590, 0, -599, 0, -567, 8, -572, 8, -580, 0, -586, 0, -442, 6, -453, 2, -463, 1, -463, 1, -470, 2, -470, 6, -472, 0, -479]
[0, -427, 4, -433, 5, -433, 3, -433, 10, -433, 3, -445, 4, -445, 10, -446, 5, -455, 0, -465, 0, -564, 7, -570, 9, -582, 7, -589, 9, -590, 0, -599, 0, -567, 8, -572, 8, -580, 0, -586, 0, -442, 6, -453, 2, -463, 1, -463, 1, -470, 2, -470, 6, -472, 0, -479]
[0, -427, 4, -433, 5, -433, 3, -433, 10, -433, 3, -445, 4, -445, 10, -446, 5, -455, 0, -465, 0, -564, 7, -570, 9, -582, 7, -589, 9, -590, 0, -599, 0, -567, 8, -572, 8, -580, 0, -586, 0, -442, 6, -453, 2, -463, 1, -463, 1, -470, 2, -470, 6, -472, 0, -479]
[0, -427, 4, -433, 5, -433, 3, -433, 10, -433, 3, -445, 4, -445, 10, -446, 5, -455, 0, -465, 0, -564, 7, -570, 9, -582, 7, -589, 9, -590, 0, -599, 0, -567, 8, -572, 8, -580, 0, -586, 0, -442, 6, -453, 2, -463, 1, -463, 1, -470, 2, -470, 6, -472, 0, -479]
[0, -427, 4, -433, 5, -433, 3, -433, 10, -433, 3, -445, 4, -445, 10, -446, 5, -455, 0, -465, 0, -564, 7, -570, 9, -582, 7, -589, 9, -590, 0, -599, 0, -567, 8, -572, 8, -580, 0, -586, 0, -442, 6, -453, 2, -463, 1, -463, 1, -470, 2, -470, 6, -472, 0, -479]
[0, -427, 4, -433, 5, -433, 3, -433, 10, -433, 3, -445, 4, -445, 10, -446, 5, -455, 0, -465, 0, -564, 7, -570, 9, -582, 7, -589, 9, -590, 0, -599, 0, -567, 8, -572, 8, -580, 0, -586, 0, -442, 6, -453, 2, -463, 1, -463, 1, -470, 2, -470, 6, -472, 0, -479]
[0, -427, 4, -433, 5, -433, 3, -433, 10, -433, 3, -445, 4, -445, 10, -446, 5, -455, 0, -465, 0, -564, 7, -570, 9, -582, 7, -589, 9, -590, 0, -599, 0, -567, 8, -572, 8, -580, 0, -586, 0, -442, 6, -453, 2, -463, 1, -463, 1, -470, 2, -470, 6, -472, 0, -479]
[0, -427, 4, -433, 5, -433, 3, -433, 10, -433, 3, -445, 4, -445, 10, -446, 5, -455, 0, -465, 0, -564, 7, -570, 9, -582, 7, -589, 9, -590, 0, -599, 0, -567, 8, -572, 8, -580, 0, -586, 0, -442, 6, -453, 2, -463, 1, -463, 1, -470, 2, -470, 6, -472, 0, -479]
[0, -427, 4, -433, 5, -433, 3, -433, 10, -433, 3, -445, 4, -445, 10, -446, 5, -455, 0, -465, 0, -564, 7, -570, 9, -582, 7, -589, 9, -590, 0, -599, 0, -567, 8, -572, 8, -580, 0, -586, 0, -442, 6, -453, 2, -463, 1, -463, 1, -470, 2, -470, 6, -472, 0, -479]
[0, -427, 4, -433, 5, -433, 3, -433, 10, -433, 3, -445, 4, -445, 10, -446, 5, -455, 0, -465, 0, -564, 7, -570, 9, -582, 7, -589, 9, -590, 0, -599, 0, -567, 8, -572, 8, -580, 0, -586, 0, -442, 6, -453, 2, -463, 1, -463, 1, -470, 2, -470, 6, -472, 0, -479]
[0, -427, 4, -433, 5, -433, 3, -433, 10, -433, 3, -445, 4, -445, 10, -446, 5, -455, 0, -465, 0, -564, 7, -570, 9, -582, 7, -589, 9, -590, 0, -599, 0, -567, 8, -572, 8, -580, 0, -586, 0, -442, 6, -453, 2, -463, 1, -463, 1, -470, 2, -470, 6, -472, 0, -479]
[0, -427, 4, -433, 5, -433, 3, -433, 10, -433, 3, -445, 4, -445, 10, -446, 5, -455, 0, -465, 0, -564, 7, -570, 9, -582, 7, -589, 9, -590, 0, -599, 0, -567, 8, -572, 8, -580, 0, -586, 0, -442, 6, -453, 2, -463, 1, -463, 1, -470, 2, -470, 6, -472, 0, -479]
[0, -427, 4, -433, 5, -433, 3, -433, 10, -433, 3, -445, 4, -445, 10, -446, 5, -455, 0, -465, 0, -564, 7, -570, 9, -582, 7, -589, 9, -590, 0, -599, 0, -567, 8, -572, 8, -580, 0, -586, 0, -442, 6, -453, 2, -463, 1, -463, 1, -470, 2, -470, 6, -472, 0, -479]
[0, -427, 4, -433, 5, -433, 3, -433, 10, -433, 3, -445, 4, -445, 10, -446, 5, -455, 0, -465, 0, -564, 7, -570, 9, -582, 7, -589, 9, -590, 0, -599, 0, -567, 8, -572, 8, -580, 0, -586, 0, -442, 6, -453, 2, -463, 1, -463, 1, -470, 2, -470, 6, -472, 0, -479]
[0, -427, 4, -433, 5, -433, 3, -433, 10, -433, 3, -445, 4, -445, 10, -446, 5, -455, 0, -465, 0, -564, 7, -570, 9, -582, 7, -589, 9, -590, 0, -599, 0, -567, 8, -572, 8, -580, 0, -586, 0, -442, 6, -453, 2, -463, 1, -463, 1, -470, 2, -470, 6, -472, 0, -479]
[0, -427, 4, -433, 5, -433, 3, -433, 10, -433, 3, -445, 4, -445, 10, -446, 5, -455, 0, -465, 0, -564, 7, -570, 9, -582, 7, -589, 9, -590, 0, -599, 0, -567, 8, -572, 8, -580, 0, -586, 0, -442, 6, -453, 2, -463, 1, -463, 1, -470, 2, -470, 6, -472, 0, -479]
[0, -427, 4, -433, 5, -433, 3, -433, 10, -433, 3, -445, 4, -445, 10, -446, 5, -455, 0, -465, 0, -564, 7, -570, 9, -582, 7, -589, 9, -590, 0, -599, 0, -567, 8, -572, 8, -580, 0, -586, 0, -442, 6, -453, 2, -463, 1, -463, 1, -470, 2, -470, 6, -472, 0, -479]
[0, -427, 4, -433, 5, -433, 3, -433, 10, -433, 3, -445, 4, -445, 10, -446, 5, -455, 0, -465, 0, -564, 7, -570, 9, -582, 7, -589, 9, -590, 0, -599, 0, -567, 8, -572, 8, -580, 0, -586, 0, -442, 6, -453, 2, -463, 1, -463, 1, -470, 2, -470, 6, -472, 0, -479]
[0, -427, 4, -433, 5, -433, 3, -433, 10, -433, 3, -445, 4, -445, 10, -446, 5, -455, 0, -465, 0, -564, 7, -570, 9, -582, 7, -589, 9, -590, 0, -599, 0, -567, 8, -572, 8, -580, 0, -586, 0, -442, 6, -453, 2, -463, 1, -463, 1, -470, 2, -470, 6, -472, 0, -479]
[0, -427, 4, -433, 5, -433, 3, -433, 10, -433, 3, -445, 4, -445, 10, -446, 5, -455, 0, -465, 0, -564, 7, -570, 9, -582, 7, -589, 9, -590, 0, -599, 0, -567, 8, -572, 8, -580, 0, -586, 0, -442, 6, -453, 2, -463, 1, -463, 1, -470, 2, -470, 6, -472, 0, -479]
[0, -427, 4, -433, 5, -433, 3, -433, 10, -433, 3, -445, 4, -445, 10, -446, 5, -455, 0, -465, 0, -564, 7, -570, 9, -582, 7, -589, 9, -590, 0, -599, 0, -567, 8, -572, 8, -580, 0, -586, 0, -442, 6, -453, 2, -463, 1, -463, 1, -470, 2, -470, 6, -472, 0, -479]
[0, -427, 4, -433, 5, -433, 3, -433, 10, -433, 3, -445, 4, -445, 10, -446, 5, -455, 0, -465, 0, -564, 7, -570, 9, -582, 7, -589, 9, -590, 0, -599, 0, -567, 8, -572, 8, -580, 0, -586, 0, -442, 6, -453, 2, -463, 1, -463, 1, -470, 2, -470, 6, -472, 0, -479]
[0, -427, 4, -433, 5, -433, 3, -433, 10, -433, 3, -445, 4, -445, 10, -446, 5, -455, 0, -465, 0, -564, 7, -570, 9, -582, 7, -589, 9, -590, 0, -599, 0, -567, 8, -572, 8, -580, 0, -586, 0, -442, 6, -453, 2, -463, 1, -463, 1, -470, 2, -470, 6, -472, 0, -479]
[0, -427, 4, -433, 5, -433, 3, -433, 10, -433, 3, -445, 4, -445, 10, -446, 5, -455, 0, -465, 0, -564, 7, -570, 9, -582, 7, -589, 9, -590, 0, -599, 0, -567, 8, -572, 8, -580, 0, -586, 0, -442, 6, -453, 2, -463, 1, -463, 1, -470, 2, -470, 6, -472, 0, -479]
[0, -427, 4, -433, 5, -433, 3, -433, 10, -433, 3, -445, 4, -445, 10, -446, 5, -455, 0, -465, 0, -564, 7, -570, 9, -582, 7, -589, 9, -590, 0, -599, 0, -567, 8, -572, 8, -580, 0, -586, 0, -442, 6, -453, 2, -463, 1, -463, 1, -470, 2, -470, 6, -472, 0, -479]
[0, -427, 4, -433, 5, -433, 3, -433, 10, -433, 3, -445, 4, -445, 10, -446, 5, -455, 0, -465, 0, -564, 7, -570, 9, -582, 7, -589, 9, -590, 0, -599, 0, -567, 8, -572, 8, -580, 0, -586, 0, -442, 6, -453, 2, -463, 1, -463, 1, -470, 2, -470, 6, -472, 0, -479]
[0, -427, 4, -433, 5, -433, 3, -433, 10, -433, 3, -445, 4, -445, 10, -446, 5, -455, 0, -465, 0, -564, 7, -570, 9, -582, 7, -589, 9, -590, 0, -599, 0, -567, 8, -572, 8, -580, 0, -586, 0, -442, 6, -453, 2, -463, 1, -463, 1, -470, 2, -470, 6, -472, 0, -479]
[0, -427, 4, -433, 5, -433, 3, -433, 10, -433, 3, -445, 4, -445, 10, -446, 5, -455, 0, -465, 0, -564, 7, -570, 9, -582, 7, -589, 9, -590, 0, -599, 0, -567, 8, -572, 8, -580, 0, -586, 0, -442, 6, -453, 2, -463, 1, -463, 1, -470, 2, -470, 6, -472, 0, -479]
[0, -427, 4, -433, 5, -433, 3, -433, 10, -433, 3, -445, 4, -445, 10, -446, 5, -455, 0, -465, 0, -564, 7, -570, 9, -582, 7, -589, 9, -590, 0, -599, 0, -567, 8, -572, 8, -580, 0, -586, 0, -442, 6, -453, 2, -463, 1, -463, 1, -470, 2, -470, 6, -472, 0, -479]
[0, -427, 4, -433, 5, -433, 3, -433, 10, -433, 3, -445, 4, -445, 10, -446, 5, -455, 0, -465, 0, -564, 7, -570, 9, -582, 7, -589, 9, -590, 0, -599, 0, -567, 8, -572, 8, -580, 0, -586, 0, -442, 6, -453, 2, -463, 1, -463, 1, -470, 2, -470, 6, -472, 0, -479]
[0, -427, 4, -433, 5, -433, 3, -433, 10, -433, 3, -445, 4, -445, 10, -446, 5, -455, 0, -465, 0, -555, 9, -565, 8, -572, 8, -580, 7, -586, 7, -594, 9, -595, 0, -604, 0, -442, 6, -453, 2, -463, 1, -463, 1, -470, 2, -470, 6, -472, 0, -479]
[0, -427, 4, -433, 5, -433, 3, -433, 10, -433, 3, -445, 4, -445, 10, -446, 5, -455, 0, -465, 0, -555, 9, -565, 8, -572, 8, -580, 7, -586, 7, -594, 9, -595, 0, -604, 0, -442, 6, -453, 2, -463, 1, -463, 1, -470, 2, -470, 6, -472, 0, -479]
[0, -427, 4, -433, 5, -433, 3, -433, 10, -433, 3, -445, 4, -445, 10, -446, 5, -455, 0, -465, 0, -555, 9, -565, 8, -572, 8, -580, 7, -586, 7, -594, 9, -595, 0, -604, 0, -442, 6, -453, 2, -463, 1, -463, 1, -470, 2, -470, 6, -472, 0, -479]
[0, -427, 4, -433, 5, -433, 3, -433, 10, -433, 3, -445, 4, -445, 10, -446, 5, -455, 0, -465, 0, -555, 9, -565, 8, -572, 8, -580, 7, -586, 7, -594, 9, -595, 0, -604, 0, -442, 6, -453, 2, -463, 1, -463, 1, -470, 2, -470, 6, -472, 0, -479]
[0, -427, 4, -433, 5, -433, 3, -433, 10, -433, 3, -445, 4, -445, 10, -446, 5, -455, 0, -465, 0, -555, 9, -565, 8, -572, 8, -580, 7, -586, 7, -594, 9, -595, 0, -604, 0, -442, 6, -453, 2, -463, 1, -463, 1, -470, 2, -470, 6, -472, 0, -479]
[0, -427, 4, -433, 5, -433, 3, -433, 10, -433, 3, -445, 4, -445, 10, -446, 5, -455, 0, -465, 0, -555, 9, -565, 8, -572, 8, -580, 7, -586, 7, -594, 9, -595, 0, -604, 0, -442, 6, -453, 2, -463, 1, -463, 1, -470, 2, -470, 6, -472, 0, -479]
[0, -427, 4, -433, 5, -433, 3, -433, 10, -433, 3, -445, 4, -445, 10, -446, 5, -455, 0, -465, 0, -555, 9, -565, 8, -572, 8, -580, 7, -586, 7, -594, 9, -595, 0, -604, 0, -442, 6, -453, 2, -463, 1, -463, 1, -470, 2, -470, 6, -472, 0, -479]
[0, -427, 4, -433, 5, -433, 3, -433, 10, -433, 3, -445, 4, -445, 10, -446, 5, -455, 0, -465, 0, -555, 9, -565, 8, -572, 8, -580, 7, -586, 7, -594, 9, -595, 0, -604, 0, -442, 6, -453, 2, -463, 1, -463, 1, -470, 2, -470, 6, -472, 0, -479]
[0, -427, 4, -433, 5, -433, 3, -433, 10, -433, 3, -445, 4, -445, 10, -446, 5, -455, 0, -465, 0, -555, 9, -565, 8, -572, 8, -580, 7, -586, 7, -594, 9, -595, 0, -604, 0, -442, 6, -453, 2, -463, 1, -463, 1, -470, 2, -470, 6, -472, 0, -479]
[0, -427, 4, -433, 5, -433, 3, -433, 10, -433, 3, -445, 4, -445, 10, -446, 5, -455, 0, -465, 0, -555, 9, -565, 8, -572, 8, -580, 7, -586, 7, -594, 9, -595, 0, -604, 0, -442, 6, -453, 2, -463, 1, -463, 1, -470, 2, -470, 6, -472, 0, -479]
[0, -427, 4, -433, 5, -433, 3, -433, 10, -433, 3, -445, 4, -445, 10, -446, 5, -455, 0, -465, 0, -555, 9, -565, 8, -572, 8, -580, 7, -586, 7, -594, 9, -595, 0, -604, 0, -442, 6, -453, 2, -463, 1, -463, 1, -470, 2, -470, 6, -472, 0, -479]
[0, -427, 4, -433, 5, -433, 3, -433, 10, -433, 3, -445, 4, -445, 10, -446, 5, -455, 0, -465, 0, -555, 9, -565, 8, -572, 8, -580, 7, -586, 7, -594, 9, -595, 0, -604, 0, -442, 6, -453, 2, -463, 1, -463, 1, -470, 2, -470, 6, -472, 0, -479]
[0, -427, 4, -433, 5, -433, 3, -433, 10, -433, 3, -445, 4, -445, 10, -446, 5, -455, 0, -465, 0, -555, 9, -565, 8, -572, 8, -580, 7, -586, 7, -594, 9, -595, 0, -604, 0, -442, 6, -453, 2, -463, 1, -463, 1, -470, 2, -470, 6, -472, 0, -479]
[0, -427, 4, -433, 5, -433, 3, -433, 10, -433, 3, -445, 4, -445, 10, -446, 5, -455, 0, -465, 0, -555, 9, -565, 8, -572, 8, -580, 7, -586, 7, -594, 9, -595, 0, -604, 0, -442, 6, -453, 2, -463, 1, -463, 1, -470, 2, -470, 6, -472, 0, -479]
[0, -427, 4, -433, 5, -433, 3, -433, 10, -433, 3, -445, 4, -445, 10, -446, 5, -455, 0, -465, 0, -555, 9, -565, 8, -572, 8, -580, 7, -586, 7, -594, 9, -595, 0, -604, 0, -442, 6, -453, 2, -463, 1, -463, 1, -470, 2, -470, 6, -472, 0, -479]
