[]
[]
[]
[]
[]
[]
[]
[]
[]
[]
[]
[]
[]
[]
[]
[]
[]
[]
[]
[]
[]
[]
[]
[]
[]
[]
[]
[]
[]
[]
[]
[]
[]
[]
[]
[]
[]
[]
[]
[]
[]
[]
[]
[]
[]
[]
[]
[]
[]
[]
[]
[]
[]
[]
[]
[]
[]
[]
[]
[]
[]
[]
[]
[]
[]
[]
[]
[]
[]
[]
[]
[]
[]
[]
[]
[]
[]
[]
[]
[]
[0, -424, 1, -427, 4, -433, 5, -433, 3, -433, 3, -445, 4, -445, 5, -455, 1, -466, 0, -472, 0, -564, 7, -570, 9, -582, 7, -589, 9, -590, 0, -599, 0, -567, 8, -572, 8, -580, 0, -586, 0, -437, 10, -443, 10, -452, 6, -461, 2, -469, 2, -476, 6, -478, 0, -485]
[0, -424, 1, -427, 4, -433, 5, -433, 3, -433, 3, -445, 4, -445, 5, -455, 1, -466, 0, -472, 0, -555, 9, -565, 8, -572, 8, -580, 7, -586, 7, -594, 9, -595, 0, -604, 0, -437, 10, -443, 10, -452, 6, -461, 2, -469, 2, -476, 6, -478, 0, -485]
[0, -424, 1, -427, 4, -433, 5, -433, 3, -433, 3, -445, 4, -445, 5, -455, 1, -466, 0, -472, 0, -555, 9, -565, 8, -572, 8, -580, 7, -586, 7, -594, 9, -595, 0, -604, 0, -437, 10, -443, 10, -452, 6, -461, 2, -469, 2, -476, 6, -478, 0, -485]
[0, -424, 1, -427, 4, -433, 5, -433, 3, -433, 3, -445, 4, -445, 6, -455, 5, -460, 1, -471, 6, -473, 0, -480, 0, -555, 9, -565, 8, -572, 8, -580, 7, -586, 7, -594, 9, -595, 0, -604, 0, -437, 10, -443, 10, -452, 2, -457, 2, -464, 0, -470]
[0, -424, 1, -427, 4, -433, 5, -433, 3, -433, 3, -445, 4, -445, 6, -455, 5, -460, 1, -471, 6, -473, 0, -480, 0, -555, 9, -565, 8, -572, 8, -580, 7, -586, 7, -594, 9, -595, 0, -604, 0, -437, 10, -443, 10, -452, 2, -457, 2, -464, 0, -470]
[0, -424, 1, -427, 4, -433, 5, -433, 3, -433, 3, -445, 4, -445, 6, -455, 5, -460, 1, -471, 6, -473, 0, -480, 0, -555, 9, -565, 8, -572, 8, -580, 7, -586, 7, -594, 9, -595, 0, -604, 0, -437, 10, -443, 10, -452, 2, -457, 2, -464, 0, -470]
[0, -424, 1, -427, 4, -433, 5, -433, 3, -433, 3, -445, 4, -445, 6, -455, 5, -460, 1, -471, 6, -473, 0, -480, 0, -555, 9, -565, 8, -572, 8, -580, 7, -586, 7, -594, 9, -595, 0, -604, 0, -437, 10, -443, 10, -452, 2, -457, 2, -464, 0, -470]
[0, -424, 1, -427, 4, -433, 5, -433, 3, -433, 3, -445, 4, -445, 6, -455, 5, -460, 1, -471, 6, -473, 0, -480, 0, -555, 9, -565, 8, -572, 8, -580, 7, -586, 7, -594, 9, -595, 0, -604, 0, -437, 10, -443, 10, -452, 2, -457, 2, -464, 0, -470]
[0, -424, 1, -427, 4, -433, 5, -433, 3, -433, 3, -445, 4, -445, 6, -455, 5, -460, 1, -471, 6, -473, 0, -480, 0, -555, 9, -565, 8, -572, 8, -580, 7, -586, 7, -594, 9, -595, 0, -604, 0, -437, 10, -443, 10, -452, 2, -457, 2, -464, 0, -470]
[0, -424, 1, -427, 4, -433, 5, -433, 3, -433, 3, -445, 4, -445, 6, -455, 5, -460, 1, -471, 6, -473, 0, -480, 0, -555, 9, -565, 8, -572, 8, -580, 7, -586, 7, -594, 9, -595, 0, -604, 0, -437, 10, -443, 10, -452, 2, -457, 2, -464, 0, -470]
[0, -424, 1, -427, 4, -433, 5, -433, 3, -433, 3, -445, 4, -445, 6, -455, 5, -460, 1, -471, 6, -473, 0, -480, 0, -555, 9, -565, 8, -572, 8, -580, 7, -586, 7, -594, 9, -595, 0, -604, 0, -437, 10, -443, 10, -452, 2, -457, 2, -464, 0, -470]
[0, -424, 1, -427, 4, -433, 5, -433, 3, -433, 3, -445, 4, -445, 6, -455, 5, -460, 1, -471, 6, -473, 0, -480, 0, -555, 9, -565, 8, -572, 8, -580, 7, -586, 7, -594, 9, -595, 0, -604, 0, -437, 10, -443, 10, -452, 2, -457, 2, -464, 0, -470]
[0, -424, 1, -427, 4, -433, 5, -433, 3, -433, 3, -445, 4, -445, 6, -455, 5, -460, 1, -471, 6, -473, 0, -480, 0, -555, 9, -565, 8, -572, 8, -580, 7, -586, 7, -594, 9, -595, 0, -604, 0, -437, 10, -443, 10, -452, 2, -457, 2, -464, 0, -470]
[0, -424, 1, -427, 4, -433, 5, -433, 3, -433, 3, -445, 4, -445, 6, -455, 5, -460, 1, -471, 6, -473, 0, -480, 0, -555, 9, -565, 8, -572, 8, -580, 7, -586, 7, -594, 9, -595, 0, -604, 0, -437, 10, -443, 10, -452, 2, -457, 2, -464, 0, -470]
[0, -424, 1, -427, 4, -433, 5, -433, 3, -433, 3, -445, 4, -445, 6, -455, 5, -460, 1, -471, 6, -473, 0, -480, 0, -555, 9, -565, 8, -572, 8, -580, 7, -586, 7, -594, 9, -595, 0, -604, 0, -437, 10, -443, 10, -452, 2, -457, 2, -464, 0, -470]
[0, -424, 1, -427, 4, -433, 5, -433, 3, -433, 3, -445, 4, -445, 6, -455, 5, -460, 1, -471, 6, -473, 0, -480, 0, -555, 9, -565, 8, -572, 8, -580, 7, -586, 7, -594, 9, -595, 0, -604, 0, -437, 10, -443, 10, -452, 2, -457, 2, -464, 0, -470]
[0, -424, 1, -427, 4, -433, 5, -433, 3, -433, 3, -445, 4, -445, 6, -455, 5, -460, 1, -471, 6, -473, 0, -480, 0, -555, 9, -565, 8, -572, 8, -580, 7, -586, 7, -594, 9, -595, 0, -604, 0, -437, 10, -443, 10, -452, 2, -457, 2, -464, 0, -470]
[0, -424, 1, -427, 4, -433, 5, -433, 3, -433, 3, -445, 4, -445, 6, -455, 5, -460, 1, -471, 6, -473, 0, -480, 0, -555, 9, -565, 8, -572, 8, -580, 7, -586, 7, -594, 9, -595, 0, -604, 0, -437, 10, -443, 10, -452, 2, -457, 2, -464, 0, -470]
[0, -424, 1, -427, 4, -433, 5, -433, 3, -433, 3, -445, 4, -445, 6, -455, 5, -460, 1, -471, 6, -473, 0, -480, 0, -555, 9, -565, 8, -572, 8, -580, 7, -586, 7, -594, 9, -595, 0, -604, 0, -437, 10, -443, 10, -452, 2, -457, 2, -464, 0, -470]
[0, -424, 1, -427, 4, -433, 5, -433, 3, -433, 3, -445, 4, -445, 6, -455, 5, -460, 1, -471, 6, -473, 0, -480, 0, -555, 9, -565, 8, -572, 8, -580, 7, -586, 7, -594, 9, -595, 0, -604, 0, -437, 10, -443, 10, -452, 2, -457, 2, -464, 0, -470]
