[]
[]
[]
[0, -427, 4, -433, 10, -433, 3, -433, 3, -445, 10, -446, 4, -451, 5, -459, 5, -464, 0, -474, 0, -564, 7, -570, 9, -582, 7, -589, 9, -590, 0, -599, 0, -567, 8, -572, 8, -580, 0, -586, 0, -455, 2, -458, 1, -458, 6, -465, 1, -476, 2, -476, 6, -478, 0, -485]
[0, -427, 4, -433, 10, -433, 3, -433, 3, -445, 10, -446, 4, -451, 5, -459, 5, -464, 0, -474, 0, -564, 7, -570, 9, -582, 7, -589, 9, -590, 0, -599, 0, -567, 8, -572, 8, -580, 0, -586, 0, -455, 2, -458, 1, -458, 6, -465, 1, -476, 2, -476, 6, -478, 0, -485]
[0, -427, 4, -433, 10, -433, 3, -433, 3, -445, 10, -446, 4, -451, 5, -459, 5, -464, 0, -474, 0, -564, 7, -570, 9, -582, 7, -589, 9, -590, 0, -599, 0, -567, 8, -572, 8, -580, 0, -586, 0, -455, 2, -458, 1, -458, 6, -465, 1, -476, 2, -476, 6, -478, 0, -485]
[0, -427, 4, -433, 10, -433, 3, -433, 3, -445, 10, -446, 4, -451, 5, -459, 5, -464, 0, -474, 0, -564, 7, -570, 9, -582, 7, -589, 9, -590, 0, -599, 0, -567, 8, -572, 8, -580, 0, -586, 0, -455, 2, -458, 1, -458, 6, -465, 1, -476, 2, -476, 6, -478, 0, -485]
[0, -427, 4, -433, 10, -433, 3, -433, 3, -445, 4, -445, 10, -446, 0, -454, 0, -564, 7, -570, 9, -582, 7, -589, 9, -590, 0, -599, 0, -567, 8, -572, 8, -580, 0, -586, 0, -450, 5, -456, 2, -464, 1, -464, 5, -471, 6, -471, 1, -476, 2, -476, 6, -478, 0, -485]
[0, -427, 4, -433, 10, -433, 3, -433, 3, -445, 4, -445, 10, -446, 0, -454, 0, -564, 7, -570, 9, -582, 7, -589, 9, -590, 0, -599, 0, -567, 8, -572, 8, -580, 0, -586, 0, -450, 5, -456, 2, -464, 1, -464, 5, -471, 6, -471, 1, -476, 2, -476, 6, -478, 0, -485]
[0, -427, 4, -433, 10, -433, 3, -433, 3, -445, 4, -445, 10, -446, 0, -454, 0, -564, 7, -570, 9, -582, 7, -589, 9, -590, 0, -599, 0, -567, 8, -572, 8, -580, 0, -586, 0, -450, 5, -456, 2, -464, 1, -464, 5, -471, 6, -471, 1, -476, 2, -476, 6, -478, 0, -485]
[0, -427, 4, -433, 10, -433, 3, -433, 3, -445, 4, -445, 10, -446, 0, -454, 0, -564, 7, -570, 9, -582, 7, -589, 9, -590, 0, -599, 0, -567, 8, -572, 8, -580, 0, -586, 0, -450, 5, -456, 2, -464, 1, -464, 5, -471, 6, -471, 1, -476, 2, -476, 6, -478, 0, -485]
[0, -427, 4, -433, 10, -433, 3, -433, 3, -445, 4, -445, 10, -446, 0, -454, 0, -564, 7, -570, 9, -582, 7, -589, 9, -590, 0, -599, 0, -567, 8, -572, 8, -580, 0, -586, 0, -450, 5, -456, 2, -464, 1, -464, 5, -471, 6, -471, 1, -476, 2, -476, 6, -478, 0, -485]
[0, -427, 4, -433, 10, -433, 3, -433, 3, -445, 4, -445, 10, -446, 0, -454, 0, -564, 7, -570, 9, -582, 7, -589, 9, -590, 0, -599, 0, -567, 8, -572, 8, -580, 0, -586, 0, -450, 5, -456, 2, -464, 1, -464, 5, -471, 6, -471, 1, -476, 2, -476, 6, -478, 0, -485]
[0, -427, 4, -433, 10, -433, 3, -433, 3, -445, 4, -445, 10, -446, 0, -454, 0, -564, 7, -570, 9, -582, 7, -589, 9, -590, 0, -599, 0, -567, 8, -572, 8, -580, 0, -586, 0, -450, 5, -456, 2, -464, 1, -464, 5, -471, 6, -471, 1, -476, 2, -476, 6, -478, 0, -485]
[0, -427, 4, -433, 10, -433, 3, -433, 3, -445, 4, -445, 10, -446, 0, -454, 0, -564, 7, -570, 9, -582, 7, -589, 9, -590, 0, -599, 0, -567, 8, -572, 8, -580, 0, -586, 0, -450, 5, -456, 2, -464, 1, -464, 5, -471, 6, -471, 1, -476, 2, -476, 6, -478, 0, -485]
[0, -427, 4, -433, 10, -433, 3, -433, 3, -445, 4, -445, 10, -446, 0, -454, 0, -564, 7, -570, 9, -582, 7, -589, 9, -590, 0, -599, 0, -567, 8, -572, 8, -580, 0, -586, 0, -450, 5, -456, 2, -464, 1, -464, 5, -471, 6, -471, 1, -476, 2, -476, 6, -478, 0, -485]
[0, -427, 4, -433, 10, -433, 3, -433, 3, -445, 4, -445, 10, -446, 0, -454, 0, -564, 7, -570, 9, -582, 7, -589, 9, -590, 0, -599, 0, -567, 8, -572, 8, -580, 0, -586, 0, -450, 5, -456, 2, -464, 1, -464, 5, -471, 6, -471, 1, -476, 2, -476, 6, -478, 0, -485]
[0, -427, 4, -433, 10, -433, 3, -433, 3, -445, 4, -445, 10, -446, 0, -454, 0, -564, 7, -570, 9, -582, 7, -589, 9, -590, 0, -599, 0, -567, 8, -572, 8, -580, 0, -586, 0, -450, 5, -456, 2, -464, 1, -464, 5, -471, 6, -471, 1, -476, 2, -476, 6, -478, 0, -485]
[0, -427, 4, -433, 10, -433, 3, -433, 3, -445, 4, -445, 10, -446, 0, -454, 0, -564, 7, -570, 9, -582, 7, -589, 9, -590, 0, -599, 0, -567, 8, -572, 8, -580, 0, -586, 0, -450, 5, -456, 2, -464, 1, -464, 5, -471, 6, -471, 1, -476, 2, -476, 6, -478, 0, -485]
[0, -427, 4, -433, 10, -433, 3, -433, 3, -445, 4, -445, 10, -446, 0, -454, 0, -564, 7, -570, 9, -582, 7, -589, 9, -590, 0, -599, 0, -567, 8, -572, 8, -580, 0, -586, 0, -450, 5, -456, 2, -464, 1, -464, 5, -471, 6, -471, 1, -476, 2, -476, 6, -478, 0, -485]
[0, -427, 4, -433, 10, -433, 3, -433, 3, -445, 4, -445, 10, -446, 0, -454, 0, -564, 7, -570, 9, -582, 7, -589, 9, -590, 0, -599, 0, -567, 8, -572, 8, -580, 0, -586, 0, -450, 5, -456, 2, -464, 1, -464, 5, -471, 6, -471, 1, -476, 2, -476, 6, -478, 0, -485]
[0, -427, 4, -433, 10, -433, 3, -433, 3, -445, 4, -445, 10, -446, 0, -454, 0, -564, 7, -570, 9, -582, 7, -589, 9, -590, 0, -599, 0, -567, 8, -572, 8, -580, 0, -586, 0, -450, 5, -456, 2, -464, 1, -464, 5, -471, 6, -471, 1, -476, 2, -476, 6, -478, 0, -485]
[0, -427, 4, -433, 10, -433, 3, -433, 3, -445, 4, -445, 10, -446, 0, -454, 0, -564, 7, -570, 9, -582, 7, -589, 9, -590, 0, -599, 0, -567, 8, -572, 8, -580, 0, -586, 0, -450, 5, -456, 2, -464, 1, -464, 5, -471, 6, -471, 1, -476, 2, -476, 6, -478, 0, -485]
[0, -427, 4, -433, 10, -433, 3, -433, 3, -445, 4, -445, 10, -446, 0, -454, 0, -564, 7, -570, 9, -582, 7, -589, 9, -590, 0, -599, 0, -567, 8, -572, 8, -580, 0, -586, 0, -450, 5, -456, 2, -464, 1, -464, 5, -471, 6, -471, 1, -476, 2, -476, 6, -478, 0, -485]
[0, -427, 4, -433, 10, -433, 3, -433, 3, -445, 4, -445, 10, -446, 0, -454, 0, -564, 7, -570, 9, -582, 7, -589, 9, -590, 0, -599, 0, -567, 8, -572, 8, -580, 0, -586, 0, -450, 5, -456, 2, -464, 1, -464, 5, -471, 6, -471, 1, -476, 2, -476, 6, -478, 0, -485]
[0, -427, 4, -433, 10, -433, 3, -433, 3, -445, 4, -445, 10, -446, 0, -454, 0, -564, 7, -570, 9, -582, 7, -589, 9, -590, 0, -599, 0, -567, 8, -572, 8, -580, 0, -586, 0, -450, 5, -456, 2, -464, 1, -464, 5, -471, 6, -471, 1, -476, 2, -476, 6, -478, 0, -485]
[0, -427, 4, -433, 10, -433, 3, -433, 3, -445, 4, -445, 10, -446, 0, -454, 0, -564, 7, -570, 9, -582, 7, -589, 9, -590, 0, -599, 0, -567, 8, -572, 8, -580, 0, -586, 0, -450, 5, -456, 2, -464, 1, -464, 5, -471, 6, -471, 1, -476, 2, -476, 6, -478, 0, -485]
[0, -427, 4, -433, 10, -433, 3, -433, 3, -445, 4, -445, 10, -446, 0, -454, 0, -564, 7, -570, 9, -582, 7, -589, 9, -590, 0, -599, 0, -567, 8, -572, 8, -580, 0, -586, 0, -450, 5, -456, 2, -464, 1, -464, 5, -471, 6, -471, 1, -476, 2, -476, 6, -478, 0, -485]
[0, -427, 4, -433, 10, -433, 3, -433, 3, -445, 4, -445, 10, -446, 0, -454, 0, -564, 7, -570, 9, -582, 7, -589, 9, -590, 0, -599, 0, -567, 8, -572, 8, -580, 0, -586, 0, -450, 5, -456, 2, -464, 1, -464, 5, -471, 6, -471, 1, -476, 2, -476, 6, -478, 0, -485]
[0, -427, 4, -433, 10, -433, 3, -433, 3, -445, 4, -445, 10, -446, 0, -454, 0, -564, 7, -570, 9, -582, 7, -589, 9, -590, 0, -599, 0, -567, 8, -572, 8, -580, 0, -586, 0, -450, 5, -456, 2, -464, 1, -464, 5, -471, 6, -471, 1, -476, 2, -476, 6, -478, 0, -485]
[0, -427, 4, -433, 10, -433, 3, -433, 3, -445, 4, -445, 10, -446, 0, -454, 0, -564, 7, -570, 9, -582, 7, -589, 9, -590, 0, -599, 0, -567, 8, -572, 8, -580, 0, -586, 0, -450, 5, -456, 2, -464, 1, -464, 5, -471, 6, -471, 1, -476, 2, -476, 6, -478, 0, -485]
[0, -427, 4, -433, 10, -433, 3, -433, 3, -445, 4, -445, 10, -446, 0, -454, 0, -564, 7, -570, 9, -582, 7, -589, 9, -590, 0, -599, 0, -567, 8, -572, 8, -580, 0, -586, 0, -450, 5, -456, 2, -464, 1, -464, 5, -471, 6, -471, 1, -476, 2, -476, 6, -478, 0, -485]
[0, -427, 4, -433, 10, -433, 3, -433, 3, -445, 4, -445, 10, -446, 0, -454, 0, -564, 7, -570, 9, -582, 7, -589, 9, -590, 0, -599, 0, -567, 8, -572, 8, -580, 0, -586, 0, -450, 5, -456, 2, -464, 1, -464, 5, -471, 6, -471, 1, -476, 2, -476, 6, -478, 0, -485]
[0, -427, 4, -433, 10, -433, 3, -433, 3, -445, 4, -445, 10, -446, 0, -454, 0, -564, 7, -570, 9, -582, 7, -589, 9, -590, 0, -599, 0, -567, 8, -572, 8, -580, 0, -586, 0, -450, 5, -456, 2, -464, 1, -464, 5, -471, 6, -471, 1, -476, 2, -476, 6, -478, 0, -485]
[0, -427, 4, -433, 10, -433, 3, -433, 3, -445, 4, -445, 10, -446, 0, -454, 0, -564, 7, -570, 9, -582, 7, -589, 9, -590, 0, -599, 0, -567, 8, -572, 8, -580, 0, -586, 0, -450, 5, -456, 2, -464, 1, -464, 5, -471, 6, -471, 1, -476, 2, -476, 6, -478, 0, -485]
[0, -427, 4, -433, 10, -433, 3, -433, 3, -445, 4, -445, 10, -446, 0, -454, 0, -564, 7, -570, 9, -582, 7, -589, 9, -590, 0, -599, 0, -567, 8, -572, 8, -580, 0, -586, 0, -450, 5, -456, 2, -464, 1, -464, 5, -471, 6, -471, 1, -476, 2, -476, 6, -478, 0, -485]
[0, -427, 4, -433, 10, -433, 3, -433, 3, -445, 4, -445, 10, -446, 0, -454, 0, -564, 7, -570, 9, -582, 7, -589, 9, -590, 0, -599, 0, -567, 8, -572, 8, -580, 0, -586, 0, -450, 5, -456, 2, -464, 1, -464, 5, -471, 6, -471, 1, -476, 2, -476, 6, -478, 0, -485]
[0, -427, 4, -433, 10, -433, 3, -433, 3, -445, 4, -445, 10, -446, 0, -454, 0, -564, 7, -570, 9, -582, 7, -589, 9, -590, 0, -599, 0, -567, 8, -572, 8, -580, 0, -586, 0, -450, 5, -456, 2, -464, 1, -464, 5, -471, 6, -471, 1, -476, 2, -476, 6, -478, 0, -485]
[0, -427, 4, -433, 10, -433, 3, -433, 3, -445, 4, -445, 10, -446, 0, -454, 0, -564, 7, -570, 9, -582, 7, -589, 9, -590, 0, -599, 0, -567, 8, -572, 8, -580, 0, -586, 0, -450, 5, -456, 2, -464, 1, -464, 5, -471, 6, -471, 1, -476, 2, -476, 6, -478, 0, -485]
[0, -427, 4, -433, 10, -433, 3, -433, 3, -445, 4, -445, 10, -446, 0, -454, 0, -564, 7, -570, 9, -582, 7, -589, 9, -590, 0, -599, 0, -567, 8, -572, 8, -580, 0, -586, 0, -450, 5, -456, 2, -464, 1, -464, 5, -471, 6, -471, 1, -476, 2, -476, 6, -478, 0, -485]
[0, -427, 4, -433, 10, -433, 3, -433, 3, -445, 4, -445, 10, -446, 0, -454, 0, -564, 7, -570, 9, -582, 7, -589, 9, -590, 0, -599, 0, -567, 8, -572, 8, -580, 0, -586, 0, -450, 5, -456, 2, -464, 1, -464, 5, -471, 6, -471, 1, -476, 2, -476, 6, -478, 0, -485]
[0, -427, 4, -433, 10, -433, 3, -433, 3, -445, 4, -445, 10, -446, 0, -454, 0, -564, 7, -570, 9, -582, 7, -589, 9, -590, 0, -599, 0, -567, 8, -572, 8, -580, 0, -586, 0, -450, 5, -456, 2, -464, 1, -464, 5, -471, 6, -471, 1, -476, 2, -476, 6, -478, 0, -485]
[0, -427, 4, -433, 10, -433, 3, -433, 3, -445, 4, -445, 10, -446, 0, -454, 0, -564, 7, -570, 9, -582, 7, -589, 9, -590, 0, -599, 0, -567, 8, -572, 8, -580, 0, -586, 0, -450, 5, -456, 2, -464, 1, -464, 5, -471, 6, -471, 1, -476, 2, -476, 6, -478, 0, -485]
[0, -427, 4, -433, 10, -433, 3, -433, 3, -445, 4, -445, 10, -446, 0, -454, 0, -564, 7, -570, 9, -582, 7, -589, 9, -590, 0, -599, 0, -567, 8, -572, 8, -580, 0, -586, 0, -450, 5, -456, 2, -464, 1, -464, 5, -471, 6, -471, 1, -476, 2, -476, 6, -478, 0, -485]
[0, -427, 4, -433, 10, -433, 3, -433, 3, -445, 4, -445, 10, -446, 0, -454, 0, -564, 7, -570, 9, -582, 7, -589, 9, -590, 0, -599, 0, -567, 8, -572, 8, -580, 0, -586, 0, -450, 5, -456, 2, -464, 1, -464, 5, -471, 6, -471, 1, -476, 2, -476, 6, -478, 0, -485]
[0, -427, 4, -433, 10, -433, 3, -433, 3, -445, 4, -445, 10, -446, 0, -454, 0, -564, 7, -570, 9, -582, 7, -589, 9, -590, 0, -599, 0, -567, 8, -572, 8, -580, 0, -586, 0, -450, 5, -456, 2, -464, 1, -464, 5, -471, 6, -471, 1, -476, 2, -476, 6, -478, 0, -485]
[0, -427, 4, -433, 10, -433, 3, -433, 3, -445, 4, -445, 10, -446, 0, -454, 0, -564, 7, -570, 9, -582, 7, -589, 9, -590, 0, -599, 0, -567, 8, -572, 8, -580, 0, -586, 0, -450, 5, -456, 2, -464, 1, -464, 5, -471, 6, -471, 1, -476, 2, -476, 6, -478, 0, -485]
[0, -427, 4, -433, 10, -433, 3, -433, 3, -445, 4, -445, 10, -446, 0, -454, 0, -564, 7, -570, 9, -582, 7, -589, 9, -590, 0, -599, 0, -567, 8, -572, 8, -580, 0, -586, 0, -450, 5, -456, 2, -464, 1, -464, 5, -471, 6, -471, 1, -476, 2, -476, 6, -478, 0, -485]
[0, -427, 4, -433, 10, -433, 3, -433, 3, -445, 4, -445, 10, -446, 0, -454, 0, -564, 7, -570, 9, -582, 7, -589, 9, -590, 0, -599, 0, -567, 8, -572, 8, -580, 0, -586, 0, -450, 5, -456, 2, -464, 1, -464, 5, -471, 6, -471, 1, -476, 2, -476, 6, -478, 0, -485]
[0, -427, 4, -433, 10, -433, 3, -433, 3, -445, 4, -445, 10, -446, 0, -454, 0, -564, 7, -570, 9, -582, 7, -589, 9, -590, 0, -599, 0, -567, 8, -572, 8, -580, 0, -586, 0, -450, 5, -456, 2, -464, 1, -464, 5, -471, 6, -471, 1, -476, 2, -476, 6, -478, 0, -485]
[0, -427, 4, -433, 10, -433, 3, -433, 3, -445, 4, -445, 10, -446, 0, -454, 0, -564, 7, -570, 9, -582, 7, -589, 9, -590, 0, -599, 0, -567, 8, -572, 8, -580, 0, -586, 0, -450, 5, -456, 2, -464, 1, -464, 5, -471, 6, -471, 1, -476, 2, -476, 6, -478, 0, -485]
[0, -427, 4, -433, 10, -433, 3, -433, 3, -445, 4, -445, 10, -446, 0, -454, 0, -564, 7, -570, 9, -582, 7, -589, 9, -590, 0, -599, 0, -567, 8, -572, 8, -580, 0, -586, 0, -450, 5, -456, 2, -464, 1, -464, 5, -471, 6, -471, 1, -476, 2, -476, 6, -478, 0, -485]
[0, -427, 4, -433, 10, -433, 3, -433, 3, -445, 4, -445, 10, -446, 0, -454, 0, -564, 7, -570, 9, -582, 7, -589, 9, -590, 0, -599, 0, -567, 8, -572, 8, -580, 0, -586, 0, -450, 5, -456, 2, -464, 1, -464, 5, -471, 6, -471, 1, -476, 2, -476, 6, -478, 0, -485]
[0, -427, 4, -433, 10, -433, 3, -433, 3, -445, 4, -445, 10, -446, 0, -454, 0, -564, 7, -570, 9, -582, 7, -589, 9, -590, 0, -599, 0, -567, 8, -572, 8, -580, 0, -586, 0, -450, 5, -456, 2, -464, 1, -464, 5, -471, 6, -471, 1, -476, 2, -476, 6, -478, 0, -485]
[0, -427, 4, -433, 10, -433, 3, -433, 3, -445, 4, -445, 10, -446, 0, -454, 0, -564, 7, -570, 9, -582, 7, -589, 9, -590, 0, -599, 0, -567, 8, -572, 8, -580, 0, -586, 0, -450, 5, -456, 2, -464, 1, -464, 5, -471, 6, -471, 1, -476, 2, -476, 6, -478, 0, -485]
[0, -427, 4, -433, 10, -433, 3, -433, 3, -445, 4, -445, 10, -446, 0, -454, 0, -564, 7, -570, 9, -582, 7, -589, 9, -590, 0, -599, 0, -567, 8, -572, 8, -580, 0, -586, 0, -450, 5, -456, 2, -464, 1, -464, 5, -471, 6, -471, 1, -476, 2, -476, 6, -478, 0, -485]
[0, -427, 4, -433, 10, -433, 3, -433, 3, -445, 4, -445, 10, -446, 0, -454, 0, -564, 7, -570, 9, -582, 7, -589, 9, -590, 0, -599, 0, -567, 8, -572, 8, -580, 0, -586, 0, -450, 5, -456, 2, -464, 1, -464, 5, -471, 6, -471, 1, -476, 2, -476, 6, -478, 0, -485]
[0, -427, 4, -433, 10, -433, 3, -433, 3, -445, 4, -445, 10, -446, 0, -454, 0, -564, 7, -570, 9, -582, 7, -589, 9, -590, 0, -599, 0, -567, 8, -572, 8, -580, 0, -586, 0, -450, 5, -456, 2, -464, 1, -464, 5, -471, 6, -471, 1, -476, 2, -476, 6, -478, 0, -485]
[0, -427, 4, -433, 10, -433, 3, -433, 3, -445, 4, -445, 10, -446, 0, -454, 0, -564, 7, -570, 9, -582, 7, -589, 9, -590, 0, -599, 0, -567, 8, -572, 8, -580, 0, -586, 0, -450, 5, -456, 2, -464, 1, -464, 5, -471, 6, -471, 1, -476, 2, -476, 6, -478, 0, -485]
[0, -427, 4, -433, 10, -433, 3, -433, 3, -445, 4, -445, 10, -446, 0, -454, 0, -564, 7, -570, 9, -582, 7, -589, 9, -590, 0, -599, 0, -567, 8, -572, 8, -580, 0, -586, 0, -450, 5, -456, 2, -464, 1, -464, 5, -471, 6, -471, 1, -476, 2, -476, 6, -478, 0, -485]
[0, -427, 4, -433, 10, -433, 3, -433, 3, -445, 4, -445, 10, -446, 0, -454, 0, -564, 7, -570, 9, -582, 7, -589, 9, -590, 0, -599, 0, -567, 8, -572, 8, -580, 0, -586, 0, -450, 5, -456, 2, -464, 1, -464, 5, -471, 6, -471, 1, -476, 2, -476, 6, -478, 0, -485]
[0, -427, 4, -433, 10, -433, 3, -433, 3, -445, 4, -445, 10, -446, 0, -454, 0, -564, 7, -570, 9, -582, 7, -589, 9, -590, 0, -599, 0, -567, 8, -572, 8, -580, 0, -586, 0, -450, 5, -456, 2, -464, 1, -464, 5, -471, 6, -471, 1, -476, 2, -476, 6, -478, 0, -485]
[0, -427, 4, -433, 10, -433, 3, -433, 3, -445, 4, -445, 10, -446, 0, -454, 0, -564, 7, -570, 9, -582, 7, -589, 9, -590, 0, -599, 0, -567, 8, -572, 8, -580, 0, -586, 0, -450, 5, -456, 2, -464, 1, -464, 5, -471, 6, -471, 1, -476, 2, -476, 6, -478, 0, -485]
[0, -427, 4, -433, 10, -433, 3, -433, 3, -445, 4, -445, 10, -446, 0, -454, 0, -564, 7, -570, 9, -582, 7, -589, 9, -590, 0, -599, 0, -567, 8, -572, 8, -580, 0, -586, 0, -450, 5, -456, 2, -464, 1, -464, 5, -471, 6, -471, 1, -476, 2, -476, 6, -478, 0, -485]
[0, -427, 4, -433, 10, -433, 3, -433, 3, -445, 4, -445, 10, -446, 0, -454, 0, -564, 7, -570, 9, -582, 7, -589, 9, -590, 0, -599, 0, -567, 8, -572, 8, -580, 0, -586, 0, -450, 5, -456, 2, -464, 1, -464, 5, -471, 6, -471, 1, -476, 2, -476, 6, -478, 0, -485]
[0, -427, 4, -433, 10, -433, 3, -433, 3, -445, 4, -445, 10, -446, 0, -454, 0, -564, 7, -570, 9, -582, 7, -589, 9, -590, 0, -599, 0, -567, 8, -572, 8, -580, 0, -586, 0, -450, 5, -456, 2, -464, 1, -464, 5, -471, 6, -471, 1, -476, 2, -476, 6, -478, 0, -485]
[0, -427, 4, -433, 10, -433, 3, -433, 3, -445, 4, -445, 10, -446, 0, -454, 0, -564, 7, -570, 9, -582, 7, -589, 9, -590, 0, -599, 0, -567, 8, -572, 8, -580, 0, -586, 0, -450, 5, -456, 2, -464, 1, -464, 5, -471, 6, -471, 1, -476, 2, -476, 6, -478, 0, -485]
[0, -427, 4, -433, 10, -433, 3, -433, 3, -445, 4, -445, 10, -446, 0, -454, 0, -564, 7, -570, 9, -582, 7, -589, 9, -590, 0, -599, 0, -567, 8, -572, 8, -580, 0, -586, 0, -450, 5, -456, 2, -464, 1, -464, 5, -471, 6, -471, 1, -476, 2, -476, 6, -478, 0, -485]
[0, -427, 4, -433, 10, -433, 3, -433, 3, -445, 4, -445, 10, -446, 0, -454, 0, -564, 7, -570, 9, -582, 7, -589, 9, -590, 0, -599, 0, -567, 8, -572, 8, -580, 0, -586, 0, -450, 5, -456, 2, -464, 1, -464, 5, -471, 6, -471, 1, -476, 2, -476, 6, -478, 0, -485]
[0, -427, 4, -433, 10, -433, 3, -433, 3, -445, 4, -445, 10, -446, 0, -454, 0, -564, 7, -570, 9, -582, 7, -589, 9, -590, 0, -599, 0, -567, 8, -572, 8, -580, 0, -586, 0, -450, 5, -456, 2, -464, 1, -464, 5, -471, 6, -471, 1, -476, 2, -476, 6, -478, 0, -485]
[0, -427, 4, -433, 10, -433, 3, -433, 3, -445, 4, -445, 10, -446, 0, -454, 0, -564, 7, -570, 9, -582, 7, -589, 9, -590, 0, -599, 0, -567, 8, -572, 8, -580, 0, -586, 0, -450, 5, -456, 2, -464, 1, -464, 5, -471, 6, -471, 1, -476, 2, -476, 6, -478, 0, -485]
[0, -427, 4, -433, 10, -433, 3, -433, 3, -445, 4, -445, 10, -446, 0, -454, 0, -564, 7, -570, 9, -582, 7, -589, 9, -590, 0, -599, 0, -567, 8, -572, 8, -580, 0, -586, 0, -450, 5, -456, 2, -464, 1, -464, 5, -471, 6, -471, 1, -476, 2, -476, 6, -478, 0, -485]
[0, -427, 4, -433, 10, -433, 3, -433, 3, -445, 4, -445, 10, -446, 0, -454, 0, -564, 7, -570, 9, -582, 7, -589, 9, -590, 0, -599, 0, -567, 8, -572, 8, -580, 0, -586, 0, -450, 5, -456, 2, -464, 1, -464, 5, -471, 6, -471, 1, -476, 2, -476, 6, -478, 0, -485]
[0, -427, 4, -433, 10, -433, 3, -433, 3, -445, 4, -445, 10, -446, 0, -454, 0, -555, 9, -565, 8, -572, 8, -580, 7, -586, 7, -594, 9, -595, 0, -604, 0, -450, 5, -456, 2, -464, 1, -464, 5, -471, 6, -471, 1, -476, 2, -476, 6, -478, 0, -485]
[0, -427, 4, -433, 10, -433, 3, -433, 3, -445, 4, -445, 10, -446, 0, -454, 0, -555, 9, -565, 8, -572, 8, -580, 7, -586, 7, -594, 9, -595, 0, -604, 0, -450, 5, -456, 2, -464, 1, -464, 5, -471, 6, -471, 1, -476, 2, -476, 6, -478, 0, -485]
[0, -427, 4, -433, 10, -433, 3, -433, 3, -445, 4, -445, 10, -446, 0, -454, 0, -555, 9, -565, 8, -572, 8, -580, 7, -586, 7, -594, 9, -595, 0, -604, 0, -450, 5, -456, 2, -464, 1, -464, 5, -471, 6, -471, 1, -476, 2, -476, 6, -478, 0, -485]
[0, -427, 4, -433, 10, -433, 3, -433, 3, -445, 4, -445, 10, -446, 0, -454, 0, -555, 9, -565, 8, -572, 8, -580, 7, -586, 7, -594, 9, -595, 0, -604, 0, -450, 5, -456, 2, -464, 1, -464, 5, -471, 6, -471, 1, -476, 2, -476, 6, -478, 0, -485]
[0, -427, 4, -433, 10, -433, 3, -433, 3, -445, 4, -445, 10, -446, 0, -454, 0, -555, 9, -565, 8, -572, 8, -580, 7, -586, 7, -594, 9, -595, 0, -604, 0, -450, 5, -456, 2, -464, 1, -464, 5, -471, 6, -471, 1, -476, 2, -476, 6, -478, 0, -485]
[0, -427, 4, -433, 10, -433, 3, -433, 3, -445, 4, -445, 10, -446, 0, -454, 0, -555, 9, -565, 8, -572, 8, -580, 7, -586, 7, -594, 9, -595, 0, -604, 0, -450, 5, -456, 2, -464, 1, -464, 5, -471, 6, -471, 1, -476, 2, -476, 6, -478, 0, -485]
[0, -427, 4, -433, 10, -433, 3, -433, 3, -445, 4, -445, 10, -446, 0, -454, 0, -555, 9, -565, 8, -572, 8, -580, 7, -586, 7, -594, 9, -595, 0, -604, 0, -450, 5, -456, 2, -464, 1, -464, 5, -471, 6, -471, 1, -476, 2, -476, 6, -478, 0, -485]
[0, -427, 4, -433, 10, -433, 3, -433, 3, -445, 4, -445, 10, -446, 0, -454, 0, -555, 9, -565, 8, -572, 8, -580, 7, -586, 7, -594, 9, -595, 0, -604, 0, -450, 5, -456, 2, -464, 1, -464, 5, -471, 6, -471, 1, -476, 2, -476, 6, -478, 0, -485]
[0, -427, 4, -433, 10, -433, 3, -433, 3, -445, 4, -445, 10, -446, 0, -454, 0, -555, 9, -565, 8, -572, 8, -580, 7, -586, 7, -594, 9, -595, 0, -604, 0, -450, 5, -456, 2, -464, 1, -464, 5, -471, 6, -471, 1, -476, 2, -476, 6, -478, 0, -485]
[0, -427, 4, -433, 10, -433, 3, -433, 3, -445, 4, -445, 10, -446, 0, -454, 0, -555, 9, -565, 8, -572, 8, -580, 7, -586, 7, -594, 9, -595, 0, -604, 0, -450, 5, -456, 2, -464, 1, -464, 5, -471, 6, -471, 1, -476, 2, -476, 6, -478, 0, -485]
[0, -427, 4, -433, 10, -433, 3, -433, 3, -445, 4, -445, 10, -446, 0, -454, 0, -555, 9, -565, 8, -572, 8, -580, 7, -586, 7, -594, 9, -595, 0, -604, 0, -450, 5, -456, 2, -464, 1, -464, 5, -471, 6, -471, 1, -476, 2, -476, 6, -478, 0, -485]
[0, -427, 4, -433, 10, -433, 3, -433, 3, -445, 4, -445, 10, -446, 0, -454, 0, -555, 9, -565, 8, -572, 8, -580, 7, -586, 7, -594, 9, -595, 0, -604, 0, -450, 5, -456, 2, -464, 1, -464, 5, -471, 6, -471, 1, -476, 2, -476, 6, -478, 0, -485]
[0, -427, 4, -433, 10, -433, 3, -433, 3, -445, 4, -445, 10, -446, 0, -454, 0, -555, 9, -565, 8, -572, 8, -580, 7, -586, 7, -594, 9, -595, 0, -604, 0, -450, 5, -456, 2, -464, 1, -464, 5, -471, 6, -471, 1, -476, 2, -476, 6, -478, 0, -485]
[0, -427, 4, -433, 10, -433, 3, -433, 3, -445, 4, -445, 10, -446, 0, -454, 0, -555, 9, -565, 8, -572, 8, -580, 7, -586, 7, -594, 9, -595, 0, -604, 0, -450, 5, -456, 2, -464, 1, -464, 5, -471, 6, -471, 1, -476, 2, -476, 6, -478, 0, -485]
[0, -427, 4, -433, 10, -433, 3, -433, 3, -445, 4, -445, 10, -446, 0, -454, 0, -555, 9, -565, 8, -572, 8, -580, 7, -586, 7, -594, 9, -595, 0, -604, 0, -450, 5, -456, 2, -464, 1, -464, 5, -471, 6, -471, 1, -476, 2, -476, 6, -478, 0, -485]
[0, -427, 4, -433, 10, -433, 3, -433, 3, -445, 4, -445, 10, -446, 0, -454, 0, -555, 9, -565, 8, -572, 8, -580, 7, -586, 7, -594, 9, -595, 0, -604, 0, -450, 5, -456, 2, -464, 1, -464, 5, -471, 6, -471, 1, -476, 2, -476, 6, -478, 0, -485]
[0, -427, 4, -433, 10, -433, 3, -433, 3, -445, 4, -445, 10, -446, 0, -454, 0, -555, 9, -565, 8, -572, 8, -580, 7, -586, 7, -594, 9, -595, 0, -604, 0, -450, 5, -456, 2, -464, 1, -464, 5, -471, 6, -471, 1, -476, 2, -476, 6, -478, 0, -485]
[0, -427, 4, -433, 10, -433, 3, -433, 3, -445, 4, -445, 10, -446, 0, -454, 0, -555, 9, -565, 8, -572, 8, -580, 7, -586, 7, -594, 9, -595, 0, -604, 0, -450, 5, -456, 2, -464, 1, -464, 5, -471, 6, -471, 1, -476, 2, -476, 6, -478, 0, -485]
[0, -427, 4, -433, 10, -433, 3, -433, 3, -445, 4, -445, 10, -446, 0, -454, 0, -555, 9, -565, 8, -572, 8, -580, 7, -586, 7, -594, 9, -595, 0, -604, 0, -450, 5, -456, 2, -464, 1, -464, 5, -471, 6, -471, 1, -476, 2, -476, 6, -478, 0, -485]
[0, -427, 4, -433, 10, -433, 3, -433, 3, -445, 4, -445, 10, -446, 0, -454, 0, -555, 9, -565, 8, -572, 8, -580, 7, -586, 7, -594, 9, -595, 0, -604, 0, -450, 5, -456, 2, -464, 1, -464, 5, -471, 6, -471, 1, -476, 2, -476, 6, -478, 0, -485]
[0, -427, 4, -433, 10, -433, 3, -433, 3, -445, 4, -445, 10, -446, 0, -454, 0, -555, 9, -565, 8, -572, 8, -580, 7, -586, 7, -594, 9, -595, 0, -604, 0, -450, 5, -456, 2, -464, 1, -464, 5, -471, 6, -471, 1, -476, 2, -476, 6, -478, 0, -485]
[0, -427, 4, -433, 10, -433, 3, -433, 3, -445, 4, -445, 10, -446, 0, -454, 0, -555, 9, -565, 8, -572, 8, -580, 7, -586, 7, -594, 9, -595, 0, -604, 0, -450, 5, -456, 2, -464, 1, -464, 5, -471, 6, -471, 1, -476, 2, -476, 6, -478, 0, -485]
[0, -427, 4, -433, 10, -433, 3, -433, 3, -445, 4, -445, 10, -446, 0, -454, 0, -555, 9, -565, 8, -572, 8, -580, 7, -586, 7, -594, 9, -595, 0, -604, 0, -450, 5, -456, 2, -464, 1, -464, 5, -471, 6, -471, 1, -476, 2, -476, 6, -478, 0, -485]
[0, -427, 4, -433, 10, -433, 3, -433, 3, -445, 4, -445, 10, -446, 0, -454, 0, -555, 9, -565, 8, -572, 8, -580, 7, -586, 7, -594, 9, -595, 0, -604, 0, -450, 5, -456, 2, -464, 1, -464, 5, -471, 6, -471, 1, -476, 2, -476, 6, -478, 0, -485]
[0, -427, 4, -433, 10, -433, 3, -433, 3, -445, 4, -445, 10, -446, 0, -454, 0, -555, 9, -565, 8, -572, 8, -580, 7, -586, 7, -594, 9, -595, 0, -604, 0, -450, 5, -456, 2, -464, 1, -464, 5, -471, 6, -471, 1, -476, 2, -476, 6, -478, 0, -485]
[0, -427, 4, -433, 10, -433, 3, -433, 3, -445, 4, -445, 10, -446, 0, -454, 0, -555, 9, -565, 8, -572, 8, -580, 7, -586, 7, -594, 9, -595, 0, -604, 0, -450, 5, -456, 2, -464, 1, -464, 5, -471, 6, -471, 1, -476, 2, -476, 6, -478, 0, -485]
[0, -427, 4, -433, 10, -433, 3, -433, 3, -445, 4, -445, 10, -446, 0, -454, 0, -555, 9, -565, 8, -572, 8, -580, 7, -586, 7, -594, 9, -595, 0, -604, 0, -450, 5, -456, 2, -464, 1, -464, 5, -471, 6, -471, 1, -476, 2, -476, 6, -478, 0, -485]
