3665
3025
2736
2736
2736
2736
2736
2736
2736
2736
2736
2736
2736
2736
2736
2736
2736
2736
2736
2736
2736
2736
2736
2736
2736
2736
2736
2736
2673
2673
2673
2673
2673
2673
2673
2673
2673
2673
2673
2673
2673
2673
2673
2673
2673
2673
2673
2673
2673
2673
2673
2673
2673
2673
2673
2673
2673
2673
2673
2673
2673
2673
2673
2673
2673
2673
2673
2673
2673
2673
2673
2673
2673
2673
2673
2673
2673
2673
2673
2673
2673
2673
2673
2673
2673
2673
2673
2673
2673
2673
2673
2673
2673
2673
2673
2673
2673
2673
2673
2673
