0	Solution - 3211	178	801	124	0	18
1	Solution - 3211	178	801	124	0	18
2	Solution - 3211	178	801	124	0	18
3	Solution - 3211	178	801	124	0	18
4	Solution - 2724	175	785	98	0	18
5	Solution - 2724	175	785	98	0	18
6	Solution - 2724	175	785	98	0	18
7	Solution - 2724	175	785	98	0	18
8	Solution - 2724	175	785	98	0	18
9	Solution - 2724	175	785	98	0	18
10	Solution - 2724	175	785	98	0	18
11	Solution - 2724	175	785	98	0	18
12	Solution - 2724	175	785	98	0	18
13	Solution - 2724	175	785	98	0	18
14	Solution - 2724	175	785	98	0	18
15	Solution - 2724	175	785	98	0	18
16	Solution - 2724	175	785	98	0	18
17	Solution - 2724	175	785	98	0	18
18	Solution - 2724	175	785	98	0	18
19	Solution - 2724	175	785	98	0	18
20	Solution - 2724	175	785	98	0	18
21	Solution - 2724	175	785	98	0	18
22	Solution - 2724	175	785	98	0	18
23	Solution - 2724	175	785	98	0	18
24	Solution - 2724	175	785	98	0	18
25	Solution - 2724	175	785	98	0	18
26	Solution - 2724	175	785	98	0	18
27	Solution - 2724	175	785	98	0	18
28	Solution - 2724	175	785	98	0	18
29	Solution - 2724	175	785	98	0	18
30	Solution - 2724	175	785	98	0	18
31	Solution - 2724	175	785	98	0	18
32	Solution - 2724	175	785	98	0	18
33	Solution - 2724	175	785	98	0	18
34	Solution - 2724	175	785	98	0	18
35	Solution - 2724	175	785	98	0	18
36	Solution - 2724	175	785	98	0	18
37	Solution - 2724	175	785	98	0	18
38	Solution - 2724	175	785	98	0	18
39	Solution - 2724	175	785	98	0	18
40	Solution - 2724	175	785	98	0	18
41	Solution - 2724	175	785	98	0	18
42	Solution - 2724	175	785	98	0	18
43	Solution - 2724	175	785	98	0	18
44	Solution - 2724	175	785	98	0	18
45	Solution - 2724	175	785	98	0	18
46	Solution - 2724	175	785	98	0	18
47	Solution - 2724	175	785	98	0	18
48	Solution - 2724	175	785	98	0	18
49	Solution - 2724	175	785	98	0	18
50	Solution - 2724	175	785	98	0	18
51	Solution - 2724	175	785	98	0	18
52	Solution - 2724	175	785	98	0	18
53	Solution - 2724	175	785	98	0	18
54	Solution - 2724	175	785	98	0	18
55	Solution - 2724	175	785	98	0	18
56	Solution - 2724	175	785	98	0	18
57	Solution - 2724	175	785	98	0	18
58	Solution - 2724	175	785	98	0	18
59	Solution - 2724	175	785	98	0	18
60	Solution - 2724	175	785	98	0	18
61	Solution - 2724	175	785	98	0	18
62	Solution - 2724	175	785	98	0	18
63	Solution - 2724	175	785	98	0	18
64	Solution - 2724	175	785	98	0	18
65	Solution - 2724	175	785	98	0	18
66	Solution - 2623	180	823	81	0	20
67	Solution - 2623	180	823	81	0	20
68	Solution - 2623	180	823	81	0	20
69	Solution - 2623	180	823	81	0	20
70	Solution - 2623	180	823	81	0	20
71	Solution - 2623	180	823	81	0	20
72	Solution - 2623	180	823	81	0	20
73	Solution - 2623	180	823	81	0	20
74	Solution - 2623	180	823	81	0	20
75	Solution - 2623	180	823	81	0	20
76	Solution - 2623	180	823	81	0	20
77	Solution - 2623	180	823	81	0	20
78	Solution - 2623	180	823	81	0	20
79	Solution - 2623	180	823	81	0	20
80	Solution - 2623	180	823	81	0	20
81	Solution - 2623	180	823	81	0	20
82	Solution - 2623	180	823	81	0	20
83	Solution - 2623	180	823	81	0	20
84	Solution - 2623	180	823	81	0	20
85	Solution - 2623	180	823	81	0	20
86	Solution - 2623	180	823	81	0	20
87	Solution - 2623	180	823	81	0	20
88	Solution - 2623	180	823	81	0	20
89	Solution - 2623	180	823	81	0	20
90	Solution - 2623	180	823	81	0	20
91	Solution - 2623	180	823	81	0	20
92	Solution - 2623	180	823	81	0	20
93	Solution - 2623	180	823	81	0	20
94	Solution - 2623	180	823	81	0	20
95	Solution - 2623	180	823	81	0	20
96	Solution - 2623	180	823	81	0	20
97	Solution - 2623	180	823	81	0	20
98	Solution - 2623	180	823	81	0	20
99	Solution - 2623	180	823	81	0	20
