3511
3511
3419
2733
2733
2733
2733
2733
2733
2733
2733
2733
2733
2733
2733
2733
2733
2733
2733
2733
2733
2733
2733
2733
2733
2733
2733
2733
2733
2733
2733
2733
2733
2733
2733
2733
2724
2724
2724
2724
2724
2724
2724
2724
2724
2724
2724
2724
2724
2724
2724
2724
2724
2724
2724
2724
2724
2724
2724
2724
2724
2724
2724
2724
2724
2724
2724
2724
2724
2712
2712
2712
2712
2712
2623
2623
2623
2623
2623
2623
2623
2623
2623
2623
2623
2623
2623
2623
2623
2623
2623
2623
2623
2623
2623
2623
2623
2623
2623
2623
