3155
3155
3104
2880
2880
2880
2880
2880
2880
2880
2880
2775
2775
2775
2775
2775
2775
2775
2775
2775
2775
2724
2724
2724
2724
2724
2724
2724
2724
2724
2724
2724
2724
2724
2724
2724
2724
2724
2724
2724
2724
2724
2724
2724
2724
2724
2724
2724
2724
2724
2724
2724
2724
2724
2724
2724
2724
2724
2724
2724
2724
2724
2724
2724
2724
2724
2724
2673
2673
2673
2673
2673
2673
2673
2673
2673
2673
2673
2673
2673
2673
2673
2673
2673
2673
2673
2673
2673
2673
2673
2673
2673
2673
2673
2673
2673
2673
2673
2673
2673
