0	Solution - 3284	174	788	129	0	18
1	Solution - 3155	175	787	129	0	17
2	Solution - 3148	174	796	121	0	18
3	Solution - 3148	174	796	121	0	18
4	Solution - 3148	174	796	121	0	18
5	Solution - 2860	182	806	104	0	18
6	Solution - 2860	182	806	104	0	18
7	Solution - 2860	182	806	104	0	18
8	Solution - 2860	182	806	104	0	18
9	Solution - 2860	182	806	104	0	18
10	Solution - 2860	182	806	104	0	18
11	Solution - 2860	182	806	104	0	18
12	Solution - 2860	182	806	104	0	18
13	Solution - 2860	182	806	104	0	18
14	Solution - 2860	182	806	104	0	18
15	Solution - 2860	182	806	104	0	18
16	Solution - 2733	173	778	99	0	18
17	Solution - 2733	173	778	99	0	18
18	Solution - 2733	173	778	99	0	18
19	Solution - 2733	173	778	99	0	18
20	Solution - 2733	173	778	99	0	18
21	Solution - 2733	173	778	99	0	18
22	Solution - 2733	173	778	99	0	18
23	Solution - 2733	173	778	99	0	18
24	Solution - 2733	173	778	99	0	18
25	Solution - 2733	173	778	99	0	18
26	Solution - 2733	173	778	99	0	18
27	Solution - 2733	173	778	99	0	18
28	Solution - 2733	173	778	99	0	18
29	Solution - 2733	173	778	99	0	18
30	Solution - 2733	173	778	99	0	18
31	Solution - 2733	173	778	99	0	18
32	Solution - 2733	173	778	99	0	18
33	Solution - 2733	173	778	99	0	18
34	Solution - 2733	173	778	99	0	18
35	Solution - 2733	173	778	99	0	18
36	Solution - 2733	173	778	99	0	18
37	Solution - 2733	173	778	99	0	18
38	Solution - 2733	173	778	99	0	18
39	Solution - 2733	173	778	99	0	18
40	Solution - 2733	173	778	99	0	18
41	Solution - 2733	173	778	99	0	18
42	Solution - 2733	173	778	99	0	18
43	Solution - 2733	173	778	99	0	18
44	Solution - 2733	173	778	99	0	18
45	Solution - 2733	173	778	99	0	18
46	Solution - 2733	173	778	99	0	18
47	Solution - 2733	173	778	99	0	18
48	Solution - 2733	173	778	99	0	18
49	Solution - 2733	173	778	99	0	18
50	Solution - 2733	173	778	99	0	18
51	Solution - 2733	173	778	99	0	18
52	Solution - 2733	173	778	99	0	18
53	Solution - 2733	173	778	99	0	18
54	Solution - 2733	173	778	99	0	18
55	Solution - 2733	173	778	99	0	18
56	Solution - 2733	173	778	99	0	18
57	Solution - 2733	173	778	99	0	18
58	Solution - 2733	173	778	99	0	18
59	Solution - 2733	173	778	99	0	18
60	Solution - 2733	173	778	99	0	18
61	Solution - 2733	173	778	99	0	18
62	Solution - 2733	173	778	99	0	18
63	Solution - 2733	173	778	99	0	18
64	Solution - 2733	173	778	99	0	18
65	Solution - 2733	173	778	99	0	18
66	Solution - 2733	173	778	99	0	18
67	Solution - 2733	173	778	99	0	18
68	Solution - 2712	180	798	102	0	17
69	Solution - 2712	180	798	102	0	17
70	Solution - 2712	180	798	102	0	17
71	Solution - 2712	180	798	102	0	17
72	Solution - 2712	180	798	102	0	17
73	Solution - 2712	180	798	102	0	17
74	Solution - 2712	180	798	102	0	17
75	Solution - 2712	180	798	102	0	17
76	Solution - 2712	180	798	102	0	17
77	Solution - 2712	180	798	102	0	17
78	Solution - 2712	180	798	102	0	17
79	Solution - 2712	180	798	102	0	17
80	Solution - 2712	180	798	102	0	17
81	Solution - 2712	180	798	102	0	17
82	Solution - 2712	180	798	102	0	17
83	Solution - 2712	180	798	102	0	17
84	Solution - 2712	180	798	102	0	17
85	Solution - 2712	180	798	102	0	17
86	Solution - 2712	180	798	102	0	17
87	Solution - 2712	180	798	102	0	17
88	Solution - 2712	180	798	102	0	17
89	Solution - 2712	180	798	102	0	17
90	Solution - 2712	180	798	102	0	17
91	Solution - 2712	180	798	102	0	17
92	Solution - 2712	180	798	102	0	17
93	Solution - 2712	180	798	102	0	17
94	Solution - 2712	180	798	102	0	17
95	Solution - 2712	180	798	102	0	17
96	Solution - 2712	180	798	102	0	17
97	Solution - 2712	180	798	102	0	17
98	Solution - 2712	180	798	102	0	17
99	Solution - 2712	180	798	102	0	17
