3270
3069
3069
3069
2775
2775
2775
2775
2775
2775
2775
2775
2775
2775
2775
2775
2724
2724
2724
2724
2724
2724
2724
2724
2724
2724
2724
2724
2724
2724
2724
2724
2724
2724
2724
2724
2724
2724
2724
2724
2724
2724
2724
2724
2724
2724
2724
2724
2724
2724
2724
2724
2724
2724
2724
2724
2724
2724
2724
2724
2724
2724
2724
2724
2724
2724
2724
2724
2724
2724
2724
2724
2724
2724
2724
2724
2724
2724
2724
2724
2724
2724
2724
2724
2724
2724
2724
2724
2724
2724
2724
2724
2724
2724
2724
2724
2724
2724
2724
2724
