0	Solution - 3293	173	774	138	0	17
1	Solution - 3293	173	774	138	0	17
2	Solution - 2712	180	798	102	0	17
3	Solution - 2712	180	798	102	0	17
4	Solution - 2712	180	798	102	0	17
5	Solution - 2712	180	798	102	0	17
6	Solution - 2712	180	798	102	0	17
7	Solution - 2712	180	798	102	0	17
8	Solution - 2712	180	798	102	0	17
9	Solution - 2712	180	798	102	0	17
10	Solution - 2712	180	798	102	0	17
11	Solution - 2712	180	798	102	0	17
12	Solution - 2712	180	798	102	0	17
13	Solution - 2712	180	798	102	0	17
14	Solution - 2712	180	798	102	0	17
15	Solution - 2712	180	798	102	0	17
16	Solution - 2712	180	798	102	0	17
17	Solution - 2712	180	798	102	0	17
18	Solution - 2712	180	798	102	0	17
19	Solution - 2712	180	798	102	0	17
20	Solution - 2712	180	798	102	0	17
21	Solution - 2712	180	798	102	0	17
22	Solution - 2712	180	798	102	0	17
23	Solution - 2712	180	798	102	0	17
24	Solution - 2712	180	798	102	0	17
25	Solution - 2712	180	798	102	0	17
26	Solution - 2712	180	798	102	0	17
27	Solution - 2712	180	798	102	0	17
28	Solution - 2712	180	798	102	0	17
29	Solution - 2712	180	798	102	0	17
30	Solution - 2712	180	798	102	0	17
31	Solution - 2712	180	798	102	0	17
32	Solution - 2712	180	798	102	0	17
33	Solution - 2712	180	798	102	0	17
34	Solution - 2712	180	798	102	0	17
35	Solution - 2712	180	798	102	0	17
36	Solution - 2712	180	798	102	0	17
37	Solution - 2712	180	798	102	0	17
38	Solution - 2712	180	798	102	0	17
39	Solution - 2712	180	798	102	0	17
40	Solution - 2712	180	798	102	0	17
41	Solution - 2712	180	798	102	0	17
42	Solution - 2712	180	798	102	0	17
43	Solution - 2712	180	798	102	0	17
44	Solution - 2712	180	798	102	0	17
45	Solution - 2712	180	798	102	0	17
46	Solution - 2712	180	798	102	0	17
47	Solution - 2712	180	798	102	0	17
48	Solution - 2712	180	798	102	0	17
49	Solution - 2712	180	798	102	0	17
50	Solution - 2712	180	798	102	0	17
51	Solution - 2712	180	798	102	0	17
52	Solution - 2712	180	798	102	0	17
53	Solution - 2712	180	798	102	0	17
54	Solution - 2712	180	798	102	0	17
55	Solution - 2712	180	798	102	0	17
56	Solution - 2712	180	798	102	0	17
57	Solution - 2712	180	798	102	0	17
58	Solution - 2712	180	798	102	0	17
59	Solution - 2712	180	798	102	0	17
60	Solution - 2712	180	798	102	0	17
61	Solution - 2712	180	798	102	0	17
62	Solution - 2712	180	798	102	0	17
63	Solution - 2712	180	798	102	0	17
64	Solution - 2712	180	798	102	0	17
65	Solution - 2712	180	798	102	0	17
66	Solution - 2712	180	798	102	0	17
67	Solution - 2712	180	798	102	0	17
68	Solution - 2712	180	798	102	0	17
69	Solution - 2712	180	798	102	0	17
70	Solution - 2712	180	798	102	0	17
71	Solution - 2712	180	798	102	0	17
72	Solution - 2712	180	798	102	0	17
73	Solution - 2712	180	798	102	0	17
74	Solution - 2712	180	798	102	0	17
75	Solution - 2712	180	798	102	0	17
76	Solution - 2712	180	798	102	0	17
77	Solution - 2712	180	798	102	0	17
78	Solution - 2712	180	798	102	0	17
79	Solution - 2712	180	798	102	0	17
80	Solution - 2712	180	798	102	0	17
81	Solution - 2712	180	798	102	0	17
82	Solution - 2712	180	798	102	0	17
83	Solution - 2712	180	798	102	0	17
84	Solution - 2712	180	798	102	0	17
85	Solution - 2712	180	798	102	0	17
86	Solution - 2712	180	798	102	0	17
87	Solution - 2712	180	798	102	0	17
88	Solution - 2712	180	798	102	0	17
89	Solution - 2712	180	798	102	0	17
90	Solution - 2673	167	760	97	0	18
91	Solution - 2673	167	760	97	0	18
92	Solution - 2673	167	760	97	0	18
93	Solution - 2673	167	760	97	0	18
94	Solution - 2673	167	760	97	0	18
95	Solution - 2673	167	760	97	0	18
96	Solution - 2673	167	760	97	0	18
97	Solution - 2673	167	760	97	0	18
98	Solution - 2673	167	760	97	0	18
99	Solution - 2673	167	760	97	0	18
