3827
3104
3104
3104
3104
3104
3104
3104
3104
3104
3104
3104
2880
2880
2880
2880
2880
2880
2880
2880
2880
2880
2880
2880
2880
2880
2880
2880
2880
2880
2880
2880
2880
2880
2673
2673
2673
2673
2673
2673
2673
2673
2673
2673
2673
2673
2673
2673
2673
2673
2673
2673
2673
2673
2673
2673
2673
2673
2673
2673
2673
2673
2673
2673
2673
2673
2673
2673
2673
2673
2673
2673
2673
2673
2673
2673
2673
2673
2673
2673
2673
2673
2673
2673
2673
2673
2673
2673
2673
2673
2673
2673
2673
2673
2673
2673
2673
2673
2673
2673
