Solution - 3473	176	795	139	0	18
Solution - 3202	178	792	124	0	18
Solution - 3155	175	787	129	0	17
Solution - 3433	177	808	136	0	18
Solution - 3151	175	783	129	0	17
Solution - 3155	175	787	129	0	17
Solution - 3222	176	796	125	0	18
Solution - 3302	177	796	137	0	17
Solution - 3104	171	774	127	0	17
Solution - 3074	178	806	110	0	19
Solution - 2623	180	823	81	0	20
Solution - 3632	183	827	138	0	19
Solution - 3290	171	779	130	0	18
Solution - 3281	183	818	120	0	19
Solution - 3445	179	800	137	0	18
Solution - 3148	174	796	121	0	18
Solution - 3284	174	788	129	0	18
Solution - 3155	175	787	129	0	17
Solution - 3160	182	818	108	1	20
Solution - 3493	173	787	149	0	17
Solution - 3035	185	830	101	0	20
Solution - 3493	173	787	149	0	17
Solution - 3442	174	786	146	0	17
Solution - 3078	174	795	111	0	19
Solution - 3433	177	808	136	0	18
Solution - 3188	174	787	131	0	17
Solution - 3035	185	830	101	0	20
Solution - 2736	173	781	99	0	18
Solution - 3222	176	796	125	0	18
Solution - 3415	177	790	144	0	17
