3163
3163
3104
3104
3104
3104
3104
3104
3104
3104
3104
3104
3104
3104
3104
3104
3104
3078
3078
3078
3078
3078
3078
3078
3078
3078
3078
2860
2860
2860
2860
2860
2860
2860
2860
2751
2751
2751
2751
2751
2751
2751
2751
2751
2751
2751
2751
2751
2751
2751
2751
2751
2751
2751
2751
2751
2751
2751
2751
2751
2733
2733
2733
2733
2733
2733
2733
2733
2733
2733
2733
2733
2733
2733
2733
2733
2733
2733
2733
2733
2733
2733
2733
2733
2733
2733
2733
2733
2733
2733
2733
2733
2733
2733
2733
2733
2733
2733
2733
2733
