0	Solution - 3284	174	788	129	0	18
1	Solution - 3077	187	838	108	0	19
2	Solution - 2751	179	812	88	0	20
3	Solution - 2751	179	812	88	0	20
4	Solution - 2751	179	812	88	0	20
5	Solution - 2751	179	812	88	0	20
6	Solution - 2751	179	812	88	0	20
7	Solution - 2751	179	812	88	0	20
8	Solution - 2751	179	812	88	0	20
9	Solution - 2751	179	812	88	0	20
10	Solution - 2751	179	812	88	0	20
11	Solution - 2751	179	812	88	0	20
12	Solution - 2751	179	812	88	0	20
13	Solution - 2751	179	812	88	0	20
14	Solution - 2751	179	812	88	0	20
15	Solution - 2751	179	812	88	0	20
16	Solution - 2751	179	812	88	0	20
17	Solution - 2751	179	812	88	0	20
18	Solution - 2751	179	812	88	0	20
19	Solution - 2751	179	812	88	0	20
20	Solution - 2751	179	812	88	0	20
21	Solution - 2751	179	812	88	0	20
22	Solution - 2751	179	812	88	0	20
23	Solution - 2751	179	812	88	0	20
24	Solution - 2751	179	812	88	0	20
25	Solution - 2751	179	812	88	0	20
26	Solution - 2751	179	812	88	0	20
27	Solution - 2751	179	812	88	0	20
28	Solution - 2751	179	812	88	0	20
29	Solution - 2751	179	812	88	0	20
30	Solution - 2751	179	812	88	0	20
31	Solution - 2751	179	812	88	0	20
32	Solution - 2751	179	812	88	0	20
33	Solution - 2751	179	812	88	0	20
34	Solution - 2751	179	812	88	0	20
35	Solution - 2751	179	812	88	0	20
36	Solution - 2751	179	812	88	0	20
37	Solution - 2751	179	812	88	0	20
38	Solution - 2751	179	812	88	0	20
39	Solution - 2751	179	812	88	0	20
40	Solution - 2751	179	812	88	0	20
41	Solution - 2751	179	812	88	0	20
42	Solution - 2751	179	812	88	0	20
43	Solution - 2751	179	812	88	0	20
44	Solution - 2751	179	812	88	0	20
45	Solution - 2751	179	812	88	0	20
46	Solution - 2751	179	812	88	0	20
47	Solution - 2751	179	812	88	0	20
48	Solution - 2751	179	812	88	0	20
49	Solution - 2751	179	812	88	0	20
50	Solution - 2751	179	812	88	0	20
51	Solution - 2751	179	812	88	0	20
52	Solution - 2751	179	812	88	0	20
53	Solution - 2751	179	812	88	0	20
54	Solution - 2733	173	778	99	0	18
55	Solution - 2733	173	778	99	0	18
56	Solution - 2733	173	778	99	0	18
57	Solution - 2733	173	778	99	0	18
58	Solution - 2733	173	778	99	0	18
59	Solution - 2733	173	778	99	0	18
60	Solution - 2733	173	778	99	0	18
61	Solution - 2733	173	778	99	0	18
62	Solution - 2733	173	778	99	0	18
63	Solution - 2733	173	778	99	0	18
64	Solution - 2733	173	778	99	0	18
65	Solution - 2733	173	778	99	0	18
66	Solution - 2733	173	778	99	0	18
67	Solution - 2733	173	778	99	0	18
68	Solution - 2733	173	778	99	0	18
69	Solution - 2733	173	778	99	0	18
70	Solution - 2733	173	778	99	0	18
71	Solution - 2733	173	778	99	0	18
72	Solution - 2733	173	778	99	0	18
73	Solution - 2733	173	778	99	0	18
74	Solution - 2733	173	778	99	0	18
75	Solution - 2733	173	778	99	0	18
76	Solution - 2733	173	778	99	0	18
77	Solution - 2733	173	778	99	0	18
78	Solution - 2733	173	778	99	0	18
79	Solution - 2733	173	778	99	0	18
80	Solution - 2733	173	778	99	0	18
81	Solution - 2733	173	778	99	0	18
82	Solution - 2733	173	778	99	0	18
83	Solution - 2623	180	823	81	0	20
84	Solution - 2623	180	823	81	0	20
85	Solution - 2623	180	823	81	0	20
86	Solution - 2623	180	823	81	0	20
87	Solution - 2623	180	823	81	0	20
88	Solution - 2623	180	823	81	0	20
89	Solution - 2623	180	823	81	0	20
90	Solution - 2623	180	823	81	0	20
91	Solution - 2623	180	823	81	0	20
92	Solution - 2623	180	823	81	0	20
93	Solution - 2623	180	823	81	0	20
94	Solution - 2623	180	823	81	0	20
95	Solution - 2623	180	823	81	0	20
96	Solution - 2623	180	823	81	0	20
97	Solution - 2623	180	823	81	0	20
98	Solution - 2623	180	823	81	0	20
99	Solution - 2623	180	823	81	0	20
