3284
3077
2751
2751
2751
2751
2751
2751
2751
2751
2751
2751
2751
2751
2751
2751
2751
2751
2751
2751
2751
2751
2751
2751
2751
2751
2751
2751
2751
2751
2751
2751
2751
2751
2751
2751
2751
2751
2751
2751
2751
2751
2751
2751
2751
2751
2751
2751
2751
2751
2751
2751
2751
2751
2733
2733
2733
2733
2733
2733
2733
2733
2733
2733
2733
2733
2733
2733
2733
2733
2733
2733
2733
2733
2733
2733
2733
2733
2733
2733
2733
2733
2733
2623
2623
2623
2623
2623
2623
2623
2623
2623
2623
2623
2623
2623
2623
2623
2623
2623
