0	Solution - 1192	170	775	13	1	19
1	Solution - 1192	170	775	13	1	19
2	Solution - 1138	159	727	14	1	18
3	Solution - 1138	159	727	14	1	18
4	Solution - 1093	164	749	10	1	18
5	Solution - 1093	164	749	10	1	18
6	Solution - 1093	164	749	10	1	18
7	Solution - 1034	165	755	6	1	19
8	Solution - 1034	165	755	6	1	19
9	Solution - 1034	165	755	6	1	19
10	Solution - 1034	165	755	6	1	19
11	Solution - 1034	165	755	6	1	19
12	Solution - 990	172	780	2	1	19
13	Solution - 990	172	780	2	1	19
14	Solution - 990	172	780	2	1	19
15	Solution - 990	172	780	2	1	19
16	Solution - 990	172	780	2	1	19
17	Solution - 990	172	780	2	1	19
18	Solution - 990	172	780	2	1	19
19	Solution - 990	172	780	2	1	19
20	Solution - 990	172	780	2	1	19
21	Solution - 990	172	780	2	1	19
22	Solution - 990	172	780	2	1	19
23	Solution - 990	172	780	2	1	19
24	Solution - 990	172	780	2	1	19
25	Solution - 990	172	780	2	1	19
26	Solution - 990	172	780	2	1	19
27	Solution - 990	172	780	2	1	19
28	Solution - 990	172	780	2	1	19
29	Solution - 990	172	780	2	1	19
30	Solution - 990	172	780	2	1	19
31	Solution - 990	172	780	2	1	19
32	Solution - 990	172	780	2	1	19
33	Solution - 990	172	780	2	1	19
34	Solution - 990	172	780	2	1	19
35	Solution - 990	172	780	2	1	19
36	Solution - 990	172	780	2	1	19
37	Solution - 990	172	780	2	1	19
38	Solution - 990	172	780	2	1	19
39	Solution - 990	172	780	2	1	19
40	Solution - 990	172	780	2	1	19
41	Solution - 990	172	780	2	1	19
42	Solution - 990	172	780	2	1	19
43	Solution - 990	172	780	2	1	19
44	Solution - 990	172	780	2	1	19
45	Solution - 990	172	780	2	1	19
46	Solution - 990	172	780	2	1	19
47	Solution - 990	172	780	2	1	19
48	Solution - 990	172	780	2	1	19
49	Solution - 990	172	780	2	1	19
50	Solution - 990	172	780	2	1	19
51	Solution - 990	172	780	2	1	19
52	Solution - 977	162	730	5	1	17
53	Solution - 977	162	730	5	1	17
54	Solution - 977	162	730	5	1	17
55	Solution - 977	162	730	5	1	17
56	Solution - 977	162	730	5	1	17
57	Solution - 977	162	730	5	1	17
58	Solution - 977	162	730	5	1	17
59	Solution - 977	162	730	5	1	17
60	Solution - 977	162	730	5	1	17
61	Solution - 977	162	730	5	1	17
62	Solution - 977	162	730	5	1	17
63	Solution - 977	162	730	5	1	17
64	Solution - 977	162	730	5	1	17
65	Solution - 977	162	730	5	1	17
66	Solution - 977	162	730	5	1	17
67	Solution - 977	162	730	5	1	17
68	Solution - 977	162	730	5	1	17
69	Solution - 977	162	730	5	1	17
70	Solution - 977	162	730	5	1	17
71	Solution - 977	162	730	5	1	17
72	Solution - 977	162	730	5	1	17
73	Solution - 977	162	730	5	1	17
74	Solution - 977	162	730	5	1	17
75	Solution - 977	162	730	5	1	17
76	Solution - 977	162	730	5	1	17
77	Solution - 977	162	730	5	1	17
78	Solution - 977	162	730	5	1	17
79	Solution - 977	162	730	5	1	17
80	Solution - 977	162	730	5	1	17
81	Solution - 977	162	730	5	1	17
82	Solution - 977	162	730	5	1	17
83	Solution - 977	162	730	5	1	17
84	Solution - 977	162	730	5	1	17
85	Solution - 977	162	730	5	1	17
86	Solution - 977	162	730	5	1	17
87	Solution - 977	162	730	5	1	17
88	Solution - 977	162	730	5	1	17
