0	Solution - 3605	183	821	153	0	17
1	Solution - 3605	183	821	153	0	17
2	Solution - 3605	183	821	153	0	17
3	Solution - 3004	182	806	112	0	18
4	Solution - 3004	182	806	112	0	18
5	Solution - 3004	182	806	112	0	18
6	Solution - 3004	182	806	112	0	18
7	Solution - 3004	182	806	112	0	18
8	Solution - 3004	182	806	112	0	18
9	Solution - 3004	182	806	112	0	18
10	Solution - 2775	179	794	106	0	17
11	Solution - 2775	179	794	106	0	17
12	Solution - 2775	179	794	106	0	17
13	Solution - 2775	179	794	106	0	17
14	Solution - 2775	179	794	106	0	17
15	Solution - 2775	179	794	106	0	17
16	Solution - 2775	179	794	106	0	17
17	Solution - 2775	179	794	106	0	17
18	Solution - 2775	179	794	106	0	17
19	Solution - 2775	179	794	106	0	17
20	Solution - 2775	179	794	106	0	17
21	Solution - 2775	179	794	106	0	17
22	Solution - 2775	179	794	106	0	17
23	Solution - 2775	179	794	106	0	17
24	Solution - 2775	179	794	106	0	17
25	Solution - 2775	179	794	106	0	17
26	Solution - 2775	179	794	106	0	17
27	Solution - 2775	179	794	106	0	17
28	Solution - 2724	175	785	98	0	18
29	Solution - 2724	175	785	98	0	18
30	Solution - 2724	175	785	98	0	18
31	Solution - 2724	175	785	98	0	18
32	Solution - 2724	175	785	98	0	18
33	Solution - 2724	175	785	98	0	18
34	Solution - 2724	175	785	98	0	18
35	Solution - 2724	175	785	98	0	18
36	Solution - 2724	175	785	98	0	18
37	Solution - 2724	175	785	98	0	18
38	Solution - 2724	175	785	98	0	18
39	Solution - 2724	175	785	98	0	18
40	Solution - 2724	175	785	98	0	18
41	Solution - 2724	175	785	98	0	18
42	Solution - 2724	175	785	98	0	18
43	Solution - 2724	175	785	98	0	18
44	Solution - 2724	175	785	98	0	18
45	Solution - 2724	175	785	98	0	18
46	Solution - 2724	175	785	98	0	18
47	Solution - 2724	175	785	98	0	18
48	Solution - 2724	175	785	98	0	18
49	Solution - 2724	175	785	98	0	18
50	Solution - 2724	175	785	98	0	18
51	Solution - 2724	175	785	98	0	18
52	Solution - 2724	175	785	98	0	18
53	Solution - 2724	175	785	98	0	18
54	Solution - 2724	175	785	98	0	18
55	Solution - 2724	175	785	98	0	18
56	Solution - 2724	175	785	98	0	18
57	Solution - 2724	175	785	98	0	18
58	Solution - 2724	175	785	98	0	18
59	Solution - 2724	175	785	98	0	18
60	Solution - 2724	175	785	98	0	18
61	Solution - 2724	175	785	98	0	18
62	Solution - 2724	175	785	98	0	18
63	Solution - 2724	175	785	98	0	18
64	Solution - 2724	175	785	98	0	18
65	Solution - 2724	175	785	98	0	18
66	Solution - 2724	175	785	98	0	18
67	Solution - 2724	175	785	98	0	18
68	Solution - 2724	175	785	98	0	18
69	Solution - 2724	175	785	98	0	18
70	Solution - 2724	175	785	98	0	18
71	Solution - 2724	175	785	98	0	18
72	Solution - 2724	175	785	98	0	18
73	Solution - 2724	175	785	98	0	18
74	Solution - 2724	175	785	98	0	18
75	Solution - 2724	175	785	98	0	18
76	Solution - 2724	175	785	98	0	18
77	Solution - 2724	175	785	98	0	18
78	Solution - 2724	175	785	98	0	18
79	Solution - 2724	175	785	98	0	18
80	Solution - 2724	175	785	98	0	18
81	Solution - 2724	175	785	98	0	18
82	Solution - 2724	175	785	98	0	18
83	Solution - 2724	175	785	98	0	18
84	Solution - 2724	175	785	98	0	18
85	Solution - 2724	175	785	98	0	18
86	Solution - 2724	175	785	98	0	18
87	Solution - 2623	180	823	81	0	20
88	Solution - 2623	180	823	81	0	20
89	Solution - 2623	180	823	81	0	20
90	Solution - 2623	180	823	81	0	20
91	Solution - 2623	180	823	81	0	20
92	Solution - 2623	180	823	81	0	20
93	Solution - 2623	180	823	81	0	20
94	Solution - 2623	180	823	81	0	20
95	Solution - 2623	180	823	81	0	20
96	Solution - 2623	180	823	81	0	20
97	Solution - 2623	180	823	81	0	20
98	Solution - 2623	180	823	81	0	20
99	Solution - 2623	180	823	81	0	20
