3281
3147
3147
2822
2822
2822
2822
2822
2822
2822
2712
2712
2712
2712
2712
2712
2712
2712
2712
2712
2712
2712
2712
2712
2712
2712
2712
2712
2712
2712
2712
2712
2712
2712
2712
2712
2712
2712
2712
2712
2712
2712
2712
2712
2712
2712
2712
2712
2712
2712
2712
2712
2712
2623
2623
2623
2623
2623
2623
2623
2623
2623
2623
2623
2623
2623
2623
2623
2623
2623
2623
2623
2623
2623
2623
2623
2623
2623
2623
2623
2623
2623
2623
2623
2623
2623
2623
2623
2623
2623
2623
2623
2623
2623
2623
2623
2623
2623
2623
2623
