3619
3619
3433
3433
3160
3160
3160
3154
3154
3154
3154
3154
3154
3154
3154
3153
3153
3147
3147
3147
3012
3012
3012
3012
3012
3012
3012
3012
3012
3012
3012
3012
3012
3012
3012
3012
3012
3012
3012
3012
3012
3012
3012
3012
3004
2775
2775
2775
2775
2775
2775
2775
2775
2775
2775
2775
2775
2775
2775
2775
2775
2775
2775
2775
2775
2775
2775
2775
2775
2775
2775
2775
2775
2775
2775
2736
2736
2736
2736
2736
2736
2736
2736
2736
2736
2736
2736
2736
2736
2736
2736
2736
2736
2736
2736
2736
2736
2736
2736
2736
