0	Solution - 3270	173	777	145	0	16
1	Solution - 3270	173	777	145	0	16
2	Solution - 3270	173	777	145	0	16
3	Solution - 3164	173	781	130	0	17
4	Solution - 3164	173	781	130	0	17
5	Solution - 3164	173	781	130	0	17
6	Solution - 3164	173	781	130	0	17
7	Solution - 3146	185	819	119	0	18
8	Solution - 3025	185	824	112	0	18
9	Solution - 3025	185	824	112	0	18
10	Solution - 3025	185	824	112	0	18
11	Solution - 3025	185	824	112	0	18
12	Solution - 3025	185	824	112	0	18
13	Solution - 3025	185	824	112	0	18
14	Solution - 3025	185	824	112	0	18
15	Solution - 3025	185	824	112	0	18
16	Solution - 3025	185	824	112	0	18
17	Solution - 2789	178	806	95	0	19
18	Solution - 2789	178	806	95	0	19
19	Solution - 2789	178	806	95	0	19
20	Solution - 2789	178	806	95	0	19
21	Solution - 2789	178	806	95	0	19
22	Solution - 2789	178	806	95	0	19
23	Solution - 2789	178	806	95	0	19
24	Solution - 2789	178	806	95	0	19
25	Solution - 2789	178	806	95	0	19
26	Solution - 2789	178	806	95	0	19
27	Solution - 2789	178	806	95	0	19
28	Solution - 2724	175	785	98	0	18
29	Solution - 2724	175	785	98	0	18
30	Solution - 2724	175	785	98	0	18
31	Solution - 2724	175	785	98	0	18
32	Solution - 2724	175	785	98	0	18
33	Solution - 2724	175	785	98	0	18
34	Solution - 2724	175	785	98	0	18
35	Solution - 2724	175	785	98	0	18
36	Solution - 2724	175	785	98	0	18
37	Solution - 2724	175	785	98	0	18
38	Solution - 2724	175	785	98	0	18
39	Solution - 2724	175	785	98	0	18
40	Solution - 2724	175	785	98	0	18
41	Solution - 2724	175	785	98	0	18
42	Solution - 2724	175	785	98	0	18
43	Solution - 2724	175	785	98	0	18
44	Solution - 2724	175	785	98	0	18
45	Solution - 2724	175	785	98	0	18
46	Solution - 2724	175	785	98	0	18
47	Solution - 2724	175	785	98	0	18
48	Solution - 2724	175	785	98	0	18
49	Solution - 2724	175	785	98	0	18
50	Solution - 2724	175	785	98	0	18
51	Solution - 2724	175	785	98	0	18
52	Solution - 2724	175	785	98	0	18
53	Solution - 2724	175	785	98	0	18
54	Solution - 2724	175	785	98	0	18
55	Solution - 2724	175	785	98	0	18
56	Solution - 2724	175	785	98	0	18
57	Solution - 2724	175	785	98	0	18
58	Solution - 2724	175	785	98	0	18
59	Solution - 2724	175	785	98	0	18
60	Solution - 2724	175	785	98	0	18
61	Solution - 2724	175	785	98	0	18
62	Solution - 2724	175	785	98	0	18
63	Solution - 2724	175	785	98	0	18
64	Solution - 2724	175	785	98	0	18
65	Solution - 2712	180	798	102	0	17
66	Solution - 2712	180	798	102	0	17
67	Solution - 2712	180	798	102	0	17
68	Solution - 2712	180	798	102	0	17
69	Solution - 2712	180	798	102	0	17
70	Solution - 2712	180	798	102	0	17
71	Solution - 2712	180	798	102	0	17
72	Solution - 2712	180	798	102	0	17
73	Solution - 2712	180	798	102	0	17
74	Solution - 2712	180	798	102	0	17
75	Solution - 2712	180	798	102	0	17
76	Solution - 2712	180	798	102	0	17
77	Solution - 2712	180	798	102	0	17
78	Solution - 2712	180	798	102	0	17
79	Solution - 2712	180	798	102	0	17
80	Solution - 2712	180	798	102	0	17
81	Solution - 2712	180	798	102	0	17
82	Solution - 2712	180	798	102	0	17
83	Solution - 2712	180	798	102	0	17
84	Solution - 2712	180	798	102	0	17
85	Solution - 2712	180	798	102	0	17
86	Solution - 2712	180	798	102	0	17
87	Solution - 2712	180	798	102	0	17
88	Solution - 2712	180	798	102	0	17
89	Solution - 2712	180	798	102	0	17
90	Solution - 2712	180	798	102	0	17
91	Solution - 2712	180	798	102	0	17
92	Solution - 2712	180	798	102	0	17
93	Solution - 2712	180	798	102	0	17
94	Solution - 2712	180	798	102	0	17
95	Solution - 2712	180	798	102	0	17
96	Solution - 2712	180	798	102	0	17
97	Solution - 2712	180	798	102	0	17
98	Solution - 2712	180	798	102	0	17
99	Solution - 2712	180	798	102	0	17
