0	Solution - 3619	181	816	138	0	19
1	Solution - 3619	181	816	138	0	19
2	Solution - 3433	177	808	136	0	18
3	Solution - 3433	177	808	136	0	18
4	Solution - 3160	182	818	108	1	20
5	Solution - 3160	182	818	108	1	20
6	Solution - 3160	182	818	108	1	20
7	Solution - 3154	174	787	129	0	17
8	Solution - 3154	174	787	129	0	17
9	Solution - 3154	174	787	129	0	17
10	Solution - 3154	174	787	129	0	17
11	Solution - 3154	174	787	129	0	17
12	Solution - 3154	174	787	129	0	17
13	Solution - 3154	174	787	129	0	17
14	Solution - 3154	174	787	129	0	17
15	Solution - 3153	175	785	129	0	17
16	Solution - 3153	175	785	129	0	17
17	Solution - 3147	176	795	128	0	17
18	Solution - 3147	176	795	128	0	17
19	Solution - 3147	176	795	128	0	17
20	Solution - 3012	186	850	104	0	19
21	Solution - 3012	186	850	104	0	19
22	Solution - 3012	186	850	104	0	19
23	Solution - 3012	186	850	104	0	19
24	Solution - 3012	186	850	104	0	19
25	Solution - 3012	186	850	104	0	19
26	Solution - 3012	186	850	104	0	19
27	Solution - 3012	186	850	104	0	19
28	Solution - 3012	186	850	104	0	19
29	Solution - 3012	186	850	104	0	19
30	Solution - 3012	186	850	104	0	19
31	Solution - 3012	186	850	104	0	19
32	Solution - 3012	186	850	104	0	19
33	Solution - 3012	186	850	104	0	19
34	Solution - 3012	186	850	104	0	19
35	Solution - 3012	186	850	104	0	19
36	Solution - 3012	186	850	104	0	19
37	Solution - 3012	186	850	104	0	19
38	Solution - 3012	186	850	104	0	19
39	Solution - 3012	186	850	104	0	19
40	Solution - 3012	186	850	104	0	19
41	Solution - 3012	186	850	104	0	19
42	Solution - 3012	186	850	104	0	19
43	Solution - 3012	186	850	104	0	19
44	Solution - 3004	182	806	112	0	18
45	Solution - 2775	179	794	106	0	17
46	Solution - 2775	179	794	106	0	17
47	Solution - 2775	179	794	106	0	17
48	Solution - 2775	179	794	106	0	17
49	Solution - 2775	179	794	106	0	17
50	Solution - 2775	179	794	106	0	17
51	Solution - 2775	179	794	106	0	17
52	Solution - 2775	179	794	106	0	17
53	Solution - 2775	179	794	106	0	17
54	Solution - 2775	179	794	106	0	17
55	Solution - 2775	179	794	106	0	17
56	Solution - 2775	179	794	106	0	17
57	Solution - 2775	179	794	106	0	17
58	Solution - 2775	179	794	106	0	17
59	Solution - 2775	179	794	106	0	17
60	Solution - 2775	179	794	106	0	17
61	Solution - 2775	179	794	106	0	17
62	Solution - 2775	179	794	106	0	17
63	Solution - 2775	179	794	106	0	17
64	Solution - 2775	179	794	106	0	17
65	Solution - 2775	179	794	106	0	17
66	Solution - 2775	179	794	106	0	17
67	Solution - 2775	179	794	106	0	17
68	Solution - 2775	179	794	106	0	17
69	Solution - 2775	179	794	106	0	17
70	Solution - 2775	179	794	106	0	17
71	Solution - 2775	179	794	106	0	17
72	Solution - 2775	179	794	106	0	17
73	Solution - 2775	179	794	106	0	17
74	Solution - 2775	179	794	106	0	17
75	Solution - 2736	173	781	99	0	18
76	Solution - 2736	173	781	99	0	18
77	Solution - 2736	173	781	99	0	18
78	Solution - 2736	173	781	99	0	18
79	Solution - 2736	173	781	99	0	18
80	Solution - 2736	173	781	99	0	18
81	Solution - 2736	173	781	99	0	18
82	Solution - 2736	173	781	99	0	18
83	Solution - 2736	173	781	99	0	18
84	Solution - 2736	173	781	99	0	18
85	Solution - 2736	173	781	99	0	18
86	Solution - 2736	173	781	99	0	18
87	Solution - 2736	173	781	99	0	18
88	Solution - 2736	173	781	99	0	18
89	Solution - 2736	173	781	99	0	18
90	Solution - 2736	173	781	99	0	18
91	Solution - 2736	173	781	99	0	18
92	Solution - 2736	173	781	99	0	18
93	Solution - 2736	173	781	99	0	18
94	Solution - 2736	173	781	99	0	18
95	Solution - 2736	173	781	99	0	18
96	Solution - 2736	173	781	99	0	18
97	Solution - 2736	173	781	99	0	18
98	Solution - 2736	173	781	99	0	18
99	Solution - 2736	173	781	99	0	18
