3445
3418
3183
3183
3183
3183
3183
3183
3074
2724
2724
2724
2724
2724
2724
2724
2724
2724
2724
2724
2724
2724
2724
2724
2724
2724
2724
2724
2724
2724
2724
2724
2724
2724
2724
2724
2724
2724
2724
2724
2724
2724
2724
2724
2724
2724
2724
2724
2724
2724
2724
2724
2724
2623
2623
2623
2623
2623
2623
2623
2623
2623
2623
2623
2623
2623
2623
2623
2623
2623
2623
2623
2623
2623
2623
2623
2623
2623
2623
2623
2623
2623
2623
2623
2623
2623
2623
2623
2623
2623
2623
2623
2623
2623
2623
2623
2623
2623
2623
2623
