3270
3270
3270
3164
3164
3164
3164
3146
3025
3025
3025
3025
3025
3025
3025
3025
3025
2789
2789
2789
2789
2789
2789
2789
2789
2789
2789
2789
2724
2724
2724
2724
2724
2724
2724
2724
2724
2724
2724
2724
2724
2724
2724
2724
2724
2724
2724
2724
2724
2724
2724
2724
2724
2724
2724
2724
2724
2724
2724
2724
2724
2724
2724
2724
2724
2712
2712
2712
2712
2712
2712
2712
2712
2712
2712
2712
2712
2712
2712
2712
2712
2712
2712
2712
2712
2712
2712
2712
2712
2712
2712
2712
2712
2712
2712
2712
2712
2712
2712
2712
