0	Solution - 3632	183	827	138	0	19
1	Solution - 3632	183	827	138	0	19
2	Solution - 3376	176	803	141	0	17
3	Solution - 3376	176	803	141	0	17
4	Solution - 3376	176	803	141	0	17
5	Solution - 3376	176	803	141	0	17
6	Solution - 3151	175	783	129	0	17
7	Solution - 3151	175	783	129	0	17
8	Solution - 3147	176	795	128	0	17
9	Solution - 3147	176	795	128	0	17
10	Solution - 3147	176	795	128	0	17
11	Solution - 2751	179	812	88	0	20
12	Solution - 2751	179	812	88	0	20
13	Solution - 2751	179	812	88	0	20
14	Solution - 2751	179	812	88	0	20
15	Solution - 2751	179	812	88	0	20
16	Solution - 2751	179	812	88	0	20
17	Solution - 2751	179	812	88	0	20
18	Solution - 2751	179	812	88	0	20
19	Solution - 2751	179	812	88	0	20
20	Solution - 2751	179	812	88	0	20
21	Solution - 2751	179	812	88	0	20
22	Solution - 2751	179	812	88	0	20
23	Solution - 2751	179	812	88	0	20
24	Solution - 2751	179	812	88	0	20
25	Solution - 2751	179	812	88	0	20
26	Solution - 2751	179	812	88	0	20
27	Solution - 2751	179	812	88	0	20
28	Solution - 2751	179	812	88	0	20
29	Solution - 2751	179	812	88	0	20
30	Solution - 2751	179	812	88	0	20
31	Solution - 2751	179	812	88	0	20
32	Solution - 2751	179	812	88	0	20
33	Solution - 2751	179	812	88	0	20
34	Solution - 2751	179	812	88	0	20
35	Solution - 2751	179	812	88	0	20
36	Solution - 2751	179	812	88	0	20
37	Solution - 2751	179	812	88	0	20
38	Solution - 2751	179	812	88	0	20
39	Solution - 2751	179	812	88	0	20
40	Solution - 2751	179	812	88	0	20
41	Solution - 2751	179	812	88	0	20
42	Solution - 2751	179	812	88	0	20
43	Solution - 2751	179	812	88	0	20
44	Solution - 2751	179	812	88	0	20
45	Solution - 2751	179	812	88	0	20
46	Solution - 2751	179	812	88	0	20
47	Solution - 2751	179	812	88	0	20
48	Solution - 2751	179	812	88	0	20
49	Solution - 2751	179	812	88	0	20
50	Solution - 2751	179	812	88	0	20
51	Solution - 2751	179	812	88	0	20
52	Solution - 2712	180	798	102	0	17
53	Solution - 2712	180	798	102	0	17
54	Solution - 2712	180	798	102	0	17
55	Solution - 2712	180	798	102	0	17
56	Solution - 2712	180	798	102	0	17
57	Solution - 2712	180	798	102	0	17
58	Solution - 2712	180	798	102	0	17
59	Solution - 2712	180	798	102	0	17
60	Solution - 2712	180	798	102	0	17
61	Solution - 2712	180	798	102	0	17
62	Solution - 2712	180	798	102	0	17
63	Solution - 2712	180	798	102	0	17
64	Solution - 2712	180	798	102	0	17
65	Solution - 2712	180	798	102	0	17
66	Solution - 2712	180	798	102	0	17
67	Solution - 2712	180	798	102	0	17
68	Solution - 2712	180	798	102	0	17
69	Solution - 2712	180	798	102	0	17
70	Solution - 2712	180	798	102	0	17
71	Solution - 2712	180	798	102	0	17
72	Solution - 2712	180	798	102	0	17
73	Solution - 2712	180	798	102	0	17
74	Solution - 2712	180	798	102	0	17
75	Solution - 2712	180	798	102	0	17
76	Solution - 2712	180	798	102	0	17
77	Solution - 2712	180	798	102	0	17
78	Solution - 2712	180	798	102	0	17
79	Solution - 2712	180	798	102	0	17
80	Solution - 2712	180	798	102	0	17
81	Solution - 2712	180	798	102	0	17
82	Solution - 2712	180	798	102	0	17
83	Solution - 2712	180	798	102	0	17
84	Solution - 2712	180	798	102	0	17
85	Solution - 2712	180	798	102	0	17
86	Solution - 2712	180	798	102	0	17
87	Solution - 2712	180	798	102	0	17
88	Solution - 2712	180	798	102	0	17
89	Solution - 2712	180	798	102	0	17
90	Solution - 2712	180	798	102	0	17
91	Solution - 2712	180	798	102	0	17
92	Solution - 2712	180	798	102	0	17
93	Solution - 2712	180	798	102	0	17
94	Solution - 2712	180	798	102	0	17
95	Solution - 2712	180	798	102	0	17
96	Solution - 2673	167	760	97	0	18
97	Solution - 2673	167	760	97	0	18
98	Solution - 2673	167	760	97	0	18
99	Solution - 2673	167	760	97	0	18
