0	Solution - 3419	177	794	144	0	17
1	Solution - 3419	177	794	144	0	17
2	Solution - 3419	177	794	144	0	17
3	Solution - 2788	172	780	102	0	18
4	Solution - 2788	172	780	102	0	18
5	Solution - 2788	172	780	102	0	18
6	Solution - 2788	172	780	102	0	18
7	Solution - 2788	172	780	102	0	18
8	Solution - 2775	179	794	106	0	17
9	Solution - 2775	179	794	106	0	17
10	Solution - 2775	179	794	106	0	17
11	Solution - 2775	179	794	106	0	17
12	Solution - 2775	179	794	106	0	17
13	Solution - 2775	179	794	106	0	17
14	Solution - 2775	179	794	106	0	17
15	Solution - 2775	179	794	106	0	17
16	Solution - 2775	179	794	106	0	17
17	Solution - 2775	179	794	106	0	17
18	Solution - 2775	179	794	106	0	17
19	Solution - 2775	179	794	106	0	17
20	Solution - 2775	179	794	106	0	17
21	Solution - 2775	179	794	106	0	17
22	Solution - 2775	179	794	106	0	17
23	Solution - 2775	179	794	106	0	17
24	Solution - 2775	179	794	106	0	17
25	Solution - 2775	179	794	106	0	17
26	Solution - 2775	179	794	106	0	17
27	Solution - 2775	179	794	106	0	17
28	Solution - 2775	179	794	106	0	17
29	Solution - 2775	179	794	106	0	17
30	Solution - 2775	179	794	106	0	17
31	Solution - 2673	167	760	97	0	18
32	Solution - 2673	167	760	97	0	18
33	Solution - 2673	167	760	97	0	18
34	Solution - 2673	167	760	97	0	18
35	Solution - 2673	167	760	97	0	18
36	Solution - 2673	167	760	97	0	18
37	Solution - 2673	167	760	97	0	18
38	Solution - 2673	167	760	97	0	18
39	Solution - 2673	167	760	97	0	18
40	Solution - 2673	167	760	97	0	18
41	Solution - 2673	167	760	97	0	18
42	Solution - 2673	167	760	97	0	18
43	Solution - 2673	167	760	97	0	18
44	Solution - 2673	167	760	97	0	18
45	Solution - 2673	167	760	97	0	18
46	Solution - 2673	167	760	97	0	18
47	Solution - 2673	167	760	97	0	18
48	Solution - 2623	180	823	81	0	20
49	Solution - 2623	180	823	81	0	20
50	Solution - 2623	180	823	81	0	20
51	Solution - 2623	180	823	81	0	20
52	Solution - 2623	180	823	81	0	20
53	Solution - 2623	180	823	81	0	20
54	Solution - 2623	180	823	81	0	20
55	Solution - 2623	180	823	81	0	20
56	Solution - 2623	180	823	81	0	20
57	Solution - 2623	180	823	81	0	20
58	Solution - 2623	180	823	81	0	20
59	Solution - 2623	180	823	81	0	20
60	Solution - 2623	180	823	81	0	20
61	Solution - 2623	180	823	81	0	20
62	Solution - 2623	180	823	81	0	20
63	Solution - 2623	180	823	81	0	20
64	Solution - 2623	180	823	81	0	20
65	Solution - 2623	180	823	81	0	20
66	Solution - 2623	180	823	81	0	20
67	Solution - 2623	180	823	81	0	20
68	Solution - 2623	180	823	81	0	20
69	Solution - 2623	180	823	81	0	20
70	Solution - 2623	180	823	81	0	20
71	Solution - 2623	180	823	81	0	20
72	Solution - 2623	180	823	81	0	20
73	Solution - 2623	180	823	81	0	20
74	Solution - 2623	180	823	81	0	20
75	Solution - 2623	180	823	81	0	20
76	Solution - 2623	180	823	81	0	20
77	Solution - 2623	180	823	81	0	20
78	Solution - 2623	180	823	81	0	20
79	Solution - 2623	180	823	81	0	20
80	Solution - 2623	180	823	81	0	20
81	Solution - 2623	180	823	81	0	20
82	Solution - 2623	180	823	81	0	20
83	Solution - 2623	180	823	81	0	20
84	Solution - 2623	180	823	81	0	20
85	Solution - 2623	180	823	81	0	20
86	Solution - 2623	180	823	81	0	20
87	Solution - 2623	180	823	81	0	20
88	Solution - 2623	180	823	81	0	20
89	Solution - 2623	180	823	81	0	20
90	Solution - 2623	180	823	81	0	20
91	Solution - 2623	180	823	81	0	20
92	Solution - 2623	180	823	81	0	20
93	Solution - 2623	180	823	81	0	20
94	Solution - 2623	180	823	81	0	20
95	Solution - 2623	180	823	81	0	20
96	Solution - 2623	180	823	81	0	20
97	Solution - 2623	180	823	81	0	20
98	Solution - 2623	180	823	81	0	20
99	Solution - 2623	180	823	81	0	20
