3001
3001
3001
3001
3001
3001
3001
3001
2623
2623
2623
2623
2623
2623
2623
2623
2623
2623
2623
2623
2623
2623
2623
2623
2623
2623
2623
2623
2623
2623
2623
2623
2623
2623
2623
2623
2623
2623
2623
2623
2623
2623
2623
2623
2623
2623
2623
2623
2623
2623
2623
2623
2623
2623
2623
2623
2623
2623
2623
2623
2623
2623
2623
2623
2623
2623
2623
2623
2623
2623
2623
2623
2623
2623
2623
2623
2623
2623
2623
2623
2623
2623
2623
2623
2623
2623
2623
2623
2623
2623
2623
2623
2623
2623
2623
2623
2623
2623
2623
2623
