3077
3055
3012
3012
3012
3012
3012
3012
3012
3012
3012
3012
3012
3012
3001
2789
2789
2789
2789
2789
2789
2789
2789
2789
2789
2789
2789
2789
2673
2673
2673
2673
2673
2673
2673
2673
2673
2673
2673
2673
2673
2673
2673
2673
2673
2673
2673
2673
2673
2673
2673
2673
2673
2673
2673
2673
2673
2673
2673
2673
2673
2673
2673
2673
2673
2673
2673
2673
2673
2673
2673
2673
2673
2673
2673
2673
2673
2673
2673
2673
2673
2673
2673
2673
2673
2673
2673
2673
2673
2673
2673
2673
2673
2673
2673
2673
2673
2673
2673
2673
