2715
2715
2389
2312
2312
2312
2312
2312
2144
2144
2077
2077
2077
2077
2077
2077
1869
1869
1869
1869
1869
1869
1869
1869
1869
1869
1815
1815
1815
1815
1815
1815
1526
1526
1526
1526
1526
1526
1526
1526
1526
1526
1526
1526
1526
1526
1526
1526
1526
1526
1526
1526
1526
1526
1526
1471
1469
1469
1469
1429
1429
1429
1429
1429
1429
1429
1429
1429
1429
1429
1429
1429
1429
1429
1429
1429
1429
1384
1384
1384
1384
1384
1384
1384
1384
1384
1384
1384
1384
1384
1384
1384
1384
1384
1384
1384
1384
1384
1384
1384
1384
1384
1384
1384
1384
1384
1384
1383
1383
1383
1383
1380
1380
1380
1380
1379
1379
1379
1379
1379
1379
1379
1379
1379
1379
1379
1379
1379
1379
1379
1379
1379
1309
1309
1309
1309
1309
1309
1309
1309
1309
1309
1283
1283
1283
1283
1283
1283
1283
1283
1250
1250
1250
1250
1250
1250
1250
1250
1250
1222
1222
1222
1222
1222
1222
1222
1222
1222
1222
1222
1222
1222
1222
1222
1222
1222
1222
1222
1222
1222
1222
1222
1222
1222
1222
1222
1222
1222
1222
1222
1222
