1	Solution - 2884	191	853	92	0	20	[0, 31, 50, 22, 40, 31, 50, 22, 40, 0, 0, 3, 4, 46, 5, 3, 4, 46, 5, 0, 0, 21, 7, 47, 11, 21, 7, 47, 11, 0, 0, 8, 26, 9, 8, 26, 9, 0, 0, 30, 37, 48, 30, 37, 48, 0, 0, 12, 44, 15, 27, 12, 44, 15, 27, 0, 0, 20, 42, 32, 20, 42, 32, 0, 0, 19, 19, 0, 0, 23, 2, 6, 23, 2, 6, 0, 0, 10, 10, 0, 0, 49, 35, 18, 13, 49, 35, 18, 13, 0, 0, 25, 16, 45, 33, 25, 16, 45, 33, 0, 0, 1, 1, 0, 0, 38, 14, 38, 14, 0, 0, 34, 34, 0, 0, 28, 43, 28, 43, 0, 0, 39, 36, 41, 39, 36, 41, 0, 0, 29, 29, 0, 0, 24, 24, 0, 0, 17, 17, 0]
2	Solution - 2723	190	861	88	0	19	[0, 28, 43, 8, 26, 28, 43, 8, 26, 0, 0, 3, 4, 5, 3, 4, 5, 0, 0, 21, 7, 47, 11, 21, 7, 47, 11, 0, 0, 44, 15, 27, 44, 15, 27, 0, 0, 30, 37, 48, 9, 30, 37, 48, 9, 0, 0, 50, 22, 40, 36, 50, 22, 40, 36, 0, 0, 20, 42, 32, 31, 20, 42, 32, 31, 0, 0, 19, 19, 0, 0, 23, 6, 23, 6, 0, 0, 10, 10, 0, 0, 49, 35, 18, 13, 49, 35, 18, 13, 0, 0, 25, 16, 45, 33, 25, 16, 45, 33, 0, 0, 2, 46, 1, 12, 2, 46, 1, 12, 0, 0, 38, 14, 38, 14, 0, 0, 34, 34, 0, 0, 24, 24, 0, 0, 39, 41, 39, 41, 0, 0, 29, 29, 0, 0, 17, 17, 0]
3	Solution - 1232	184	801	13	1	19	[0, 5, 3, 4, 3, 4, 10, 10, 5, 0, 0, 7, 47, 21, 9, 21, 7, 9, 47, 0, 0, 8, 11, 26, 8, 26, 11, 0, 0, 30, 38, 37, 30, 37, 38, 0, 0, 15, 44, 12, 12, 17, 44, 15, 17, 0, 0, 32, 20, 42, 20, 31, 42, 32, 31, 0, 0, 50, 36, 22, 50, 40, 22, 40, 36, 0, 0, 23, 1, 23, 6, 1, 6, 0, 0, 46, 46, 0, 0, 19, 19, 0, 0, 2, 2, 0, 0, 13, 13, 34, 25, 34, 25, 14, 14, 0, 0, 49, 49, 35, 35, 18, 18, 0, 0, 33, 39, 39, 45, 45, 33, 0, 0, 16, 24, 16, 24, 0, 0, 48, 28, 43, 28, 43, 48, 0, 0, 41, 41, 0, 0, 29, 29, 0, 0, 27, 27, 0]
4	Solution - 1232	184	801	13	1	19	[0, 5, 3, 4, 3, 4, 10, 10, 5, 0, 0, 7, 47, 21, 9, 21, 7, 9, 47, 0, 0, 8, 11, 26, 8, 26, 11, 0, 0, 30, 38, 37, 30, 37, 38, 0, 0, 15, 44, 12, 12, 17, 44, 15, 17, 0, 0, 32, 20, 42, 20, 31, 42, 32, 31, 0, 0, 50, 36, 22, 50, 40, 22, 40, 36, 0, 0, 23, 1, 23, 6, 1, 6, 0, 0, 46, 46, 0, 0, 19, 19, 0, 0, 2, 2, 0, 0, 13, 13, 34, 25, 34, 25, 14, 14, 0, 0, 49, 49, 35, 35, 18, 18, 0, 0, 33, 39, 39, 45, 45, 33, 0, 0, 16, 24, 16, 24, 0, 0, 48, 28, 43, 28, 43, 48, 0, 0, 41, 41, 0, 0, 29, 29, 0, 0, 27, 27, 0]
5	Solution - 1232	184	801	13	1	19	[0, 5, 3, 4, 3, 4, 10, 10, 5, 0, 0, 7, 47, 21, 9, 21, 7, 9, 47, 0, 0, 8, 11, 26, 8, 26, 11, 0, 0, 30, 38, 37, 30, 37, 38, 0, 0, 15, 44, 12, 12, 17, 44, 15, 17, 0, 0, 32, 20, 42, 20, 31, 42, 32, 31, 0, 0, 50, 36, 22, 50, 40, 22, 40, 36, 0, 0, 23, 1, 23, 6, 1, 6, 0, 0, 46, 46, 0, 0, 19, 19, 0, 0, 2, 2, 0, 0, 13, 13, 34, 25, 34, 25, 14, 14, 0, 0, 49, 49, 35, 35, 18, 18, 0, 0, 33, 39, 39, 45, 45, 33, 0, 0, 16, 24, 16, 24, 0, 0, 48, 28, 43, 28, 43, 48, 0, 0, 41, 41, 0, 0, 29, 29, 0, 0, 27, 27, 0]
6	Solution - 1232	184	801	13	1	19	[0, 5, 3, 4, 3, 4, 10, 10, 5, 0, 0, 7, 47, 21, 9, 21, 7, 9, 47, 0, 0, 8, 11, 26, 8, 26, 11, 0, 0, 30, 38, 37, 30, 37, 38, 0, 0, 15, 44, 12, 12, 17, 44, 15, 17, 0, 0, 32, 20, 42, 20, 31, 42, 32, 31, 0, 0, 50, 36, 22, 50, 40, 22, 40, 36, 0, 0, 23, 1, 23, 6, 1, 6, 0, 0, 46, 46, 0, 0, 19, 19, 0, 0, 2, 2, 0, 0, 13, 13, 34, 25, 34, 25, 14, 14, 0, 0, 49, 49, 35, 35, 18, 18, 0, 0, 33, 39, 39, 45, 45, 33, 0, 0, 16, 24, 16, 24, 0, 0, 48, 28, 43, 28, 43, 48, 0, 0, 41, 41, 0, 0, 29, 29, 0, 0, 27, 27, 0]
7	Solution - 1232	184	801	13	1	19	[0, 5, 3, 4, 3, 4, 10, 10, 5, 0, 0, 7, 47, 21, 9, 21, 7, 9, 47, 0, 0, 8, 11, 26, 8, 26, 11, 0, 0, 30, 38, 37, 30, 37, 38, 0, 0, 15, 44, 12, 12, 17, 44, 15, 17, 0, 0, 32, 20, 42, 20, 31, 42, 32, 31, 0, 0, 50, 36, 22, 50, 40, 22, 40, 36, 0, 0, 23, 1, 23, 6, 1, 6, 0, 0, 46, 46, 0, 0, 19, 19, 0, 0, 2, 2, 0, 0, 13, 13, 34, 25, 34, 25, 14, 14, 0, 0, 49, 49, 35, 35, 18, 18, 0, 0, 33, 39, 39, 45, 45, 33, 0, 0, 16, 24, 16, 24, 0, 0, 48, 28, 43, 28, 43, 48, 0, 0, 41, 41, 0, 0, 29, 29, 0, 0, 27, 27, 0]
8	Solution - 1232	184	801	13	1	19	[0, 5, 3, 4, 3, 4, 10, 10, 5, 0, 0, 7, 47, 21, 9, 21, 7, 9, 47, 0, 0, 8, 11, 26, 8, 26, 11, 0, 0, 30, 38, 37, 30, 37, 38, 0, 0, 15, 44, 12, 12, 17, 44, 15, 17, 0, 0, 32, 20, 42, 20, 31, 42, 32, 31, 0, 0, 50, 36, 22, 50, 40, 22, 40, 36, 0, 0, 23, 1, 23, 6, 1, 6, 0, 0, 46, 46, 0, 0, 19, 19, 0, 0, 2, 2, 0, 0, 13, 13, 34, 25, 34, 25, 14, 14, 0, 0, 49, 49, 35, 35, 18, 18, 0, 0, 33, 39, 39, 45, 45, 33, 0, 0, 16, 24, 16, 24, 0, 0, 48, 28, 43, 28, 43, 48, 0, 0, 41, 41, 0, 0, 29, 29, 0, 0, 27, 27, 0]
9	Solution - 1232	184	801	13	1	19	[0, 5, 3, 4, 3, 4, 10, 10, 5, 0, 0, 7, 47, 21, 9, 21, 7, 9, 47, 0, 0, 8, 11, 26, 8, 26, 11, 0, 0, 30, 38, 37, 30, 37, 38, 0, 0, 15, 44, 12, 12, 17, 44, 15, 17, 0, 0, 32, 20, 42, 20, 31, 42, 32, 31, 0, 0, 50, 36, 22, 50, 40, 22, 40, 36, 0, 0, 23, 1, 23, 6, 1, 6, 0, 0, 46, 46, 0, 0, 19, 19, 0, 0, 2, 2, 0, 0, 13, 13, 34, 25, 34, 25, 14, 14, 0, 0, 49, 49, 35, 35, 18, 18, 0, 0, 33, 39, 39, 45, 45, 33, 0, 0, 16, 24, 16, 24, 0, 0, 48, 28, 43, 28, 43, 48, 0, 0, 41, 41, 0, 0, 29, 29, 0, 0, 27, 27, 0]
10	Solution - 1232	184	801	13	1	19	[0, 5, 3, 4, 3, 4, 10, 10, 5, 0, 0, 7, 47, 21, 9, 21, 7, 9, 47, 0, 0, 8, 11, 26, 8, 26, 11, 0, 0, 30, 38, 37, 30, 37, 38, 0, 0, 15, 44, 12, 12, 17, 44, 15, 17, 0, 0, 32, 20, 42, 20, 31, 42, 32, 31, 0, 0, 50, 36, 22, 50, 40, 22, 40, 36, 0, 0, 23, 1, 23, 6, 1, 6, 0, 0, 46, 46, 0, 0, 19, 19, 0, 0, 2, 2, 0, 0, 13, 13, 34, 25, 34, 25, 14, 14, 0, 0, 49, 49, 35, 35, 18, 18, 0, 0, 33, 39, 39, 45, 45, 33, 0, 0, 16, 24, 16, 24, 0, 0, 48, 28, 43, 28, 43, 48, 0, 0, 41, 41, 0, 0, 29, 29, 0, 0, 27, 27, 0]
11	Solution - 1232	184	801	13	1	19	[0, 5, 3, 4, 3, 4, 10, 10, 5, 0, 0, 7, 47, 21, 9, 21, 7, 9, 47, 0, 0, 8, 11, 26, 8, 26, 11, 0, 0, 30, 38, 37, 30, 37, 38, 0, 0, 15, 44, 12, 12, 17, 44, 15, 17, 0, 0, 32, 20, 42, 20, 31, 42, 32, 31, 0, 0, 50, 36, 22, 50, 40, 22, 40, 36, 0, 0, 23, 1, 23, 6, 1, 6, 0, 0, 46, 46, 0, 0, 19, 19, 0, 0, 2, 2, 0, 0, 13, 13, 34, 25, 34, 25, 14, 14, 0, 0, 49, 49, 35, 35, 18, 18, 0, 0, 33, 39, 39, 45, 45, 33, 0, 0, 16, 24, 16, 24, 0, 0, 48, 28, 43, 28, 43, 48, 0, 0, 41, 41, 0, 0, 29, 29, 0, 0, 27, 27, 0]
12	Solution - 1232	184	801	13	1	19	[0, 5, 3, 4, 3, 4, 10, 10, 5, 0, 0, 7, 47, 21, 9, 21, 7, 9, 47, 0, 0, 8, 11, 26, 8, 26, 11, 0, 0, 30, 38, 37, 30, 37, 38, 0, 0, 15, 44, 12, 12, 17, 44, 15, 17, 0, 0, 32, 20, 42, 20, 31, 42, 32, 31, 0, 0, 50, 36, 22, 50, 40, 22, 40, 36, 0, 0, 23, 1, 23, 6, 1, 6, 0, 0, 46, 46, 0, 0, 19, 19, 0, 0, 2, 2, 0, 0, 13, 13, 34, 25, 34, 25, 14, 14, 0, 0, 49, 49, 35, 35, 18, 18, 0, 0, 33, 39, 39, 45, 45, 33, 0, 0, 16, 24, 16, 24, 0, 0, 48, 28, 43, 28, 43, 48, 0, 0, 41, 41, 0, 0, 29, 29, 0, 0, 27, 27, 0]
13	Solution - 1232	184	801	13	1	19	[0, 5, 3, 4, 3, 4, 10, 10, 5, 0, 0, 7, 47, 21, 9, 21, 7, 9, 47, 0, 0, 8, 11, 26, 8, 26, 11, 0, 0, 30, 38, 37, 30, 37, 38, 0, 0, 15, 44, 12, 12, 17, 44, 15, 17, 0, 0, 32, 20, 42, 20, 31, 42, 32, 31, 0, 0, 50, 36, 22, 50, 40, 22, 40, 36, 0, 0, 23, 1, 23, 6, 1, 6, 0, 0, 46, 46, 0, 0, 19, 19, 0, 0, 2, 2, 0, 0, 13, 13, 34, 25, 34, 25, 14, 14, 0, 0, 49, 49, 35, 35, 18, 18, 0, 0, 33, 39, 39, 45, 45, 33, 0, 0, 16, 24, 16, 24, 0, 0, 48, 28, 43, 28, 43, 48, 0, 0, 41, 41, 0, 0, 29, 29, 0, 0, 27, 27, 0]
14	Solution - 1232	184	801	13	1	19	[0, 5, 3, 4, 3, 4, 10, 10, 5, 0, 0, 7, 47, 21, 9, 21, 7, 9, 47, 0, 0, 8, 11, 26, 8, 26, 11, 0, 0, 30, 38, 37, 30, 37, 38, 0, 0, 15, 44, 12, 12, 17, 44, 15, 17, 0, 0, 32, 20, 42, 20, 31, 42, 32, 31, 0, 0, 50, 36, 22, 50, 40, 22, 40, 36, 0, 0, 23, 1, 23, 6, 1, 6, 0, 0, 46, 46, 0, 0, 19, 19, 0, 0, 2, 2, 0, 0, 13, 13, 34, 25, 34, 25, 14, 14, 0, 0, 49, 49, 35, 35, 18, 18, 0, 0, 33, 39, 39, 45, 45, 33, 0, 0, 16, 24, 16, 24, 0, 0, 48, 28, 43, 28, 43, 48, 0, 0, 41, 41, 0, 0, 29, 29, 0, 0, 27, 27, 0]
15	Solution - 1232	184	801	13	1	19	[0, 5, 3, 4, 3, 4, 10, 10, 5, 0, 0, 7, 47, 21, 9, 21, 7, 9, 47, 0, 0, 8, 11, 26, 8, 26, 11, 0, 0, 30, 38, 37, 30, 37, 38, 0, 0, 15, 44, 12, 12, 17, 44, 15, 17, 0, 0, 32, 20, 42, 20, 31, 42, 32, 31, 0, 0, 50, 36, 22, 50, 40, 22, 40, 36, 0, 0, 23, 1, 23, 6, 1, 6, 0, 0, 46, 46, 0, 0, 19, 19, 0, 0, 2, 2, 0, 0, 13, 13, 34, 25, 34, 25, 14, 14, 0, 0, 49, 49, 35, 35, 18, 18, 0, 0, 33, 39, 39, 45, 45, 33, 0, 0, 16, 24, 16, 24, 0, 0, 48, 28, 43, 28, 43, 48, 0, 0, 41, 41, 0, 0, 29, 29, 0, 0, 27, 27, 0]
16	Solution - 1232	184	801	13	1	19	[0, 5, 3, 4, 3, 4, 10, 10, 5, 0, 0, 7, 47, 21, 9, 21, 7, 9, 47, 0, 0, 8, 11, 26, 8, 26, 11, 0, 0, 30, 38, 37, 30, 37, 38, 0, 0, 15, 44, 12, 12, 17, 44, 15, 17, 0, 0, 32, 20, 42, 20, 31, 42, 32, 31, 0, 0, 50, 36, 22, 50, 40, 22, 40, 36, 0, 0, 23, 1, 23, 6, 1, 6, 0, 0, 46, 46, 0, 0, 19, 19, 0, 0, 2, 2, 0, 0, 13, 13, 34, 25, 34, 25, 14, 14, 0, 0, 49, 49, 35, 35, 18, 18, 0, 0, 33, 39, 39, 45, 45, 33, 0, 0, 16, 24, 16, 24, 0, 0, 48, 28, 43, 28, 43, 48, 0, 0, 41, 41, 0, 0, 29, 29, 0, 0, 27, 27, 0]
17	Solution - 1232	184	801	13	1	19	[0, 5, 3, 4, 3, 4, 10, 10, 5, 0, 0, 7, 47, 21, 9, 21, 7, 9, 47, 0, 0, 8, 11, 26, 8, 26, 11, 0, 0, 30, 38, 37, 30, 37, 38, 0, 0, 15, 44, 12, 12, 17, 44, 15, 17, 0, 0, 32, 20, 42, 20, 31, 42, 32, 31, 0, 0, 50, 36, 22, 50, 40, 22, 40, 36, 0, 0, 23, 1, 23, 6, 1, 6, 0, 0, 46, 46, 0, 0, 19, 19, 0, 0, 2, 2, 0, 0, 13, 13, 34, 25, 34, 25, 14, 14, 0, 0, 49, 49, 35, 35, 18, 18, 0, 0, 33, 39, 39, 45, 45, 33, 0, 0, 16, 24, 16, 24, 0, 0, 48, 28, 43, 28, 43, 48, 0, 0, 41, 41, 0, 0, 29, 29, 0, 0, 27, 27, 0]
18	Solution - 1232	184	801	13	1	19	[0, 5, 3, 4, 3, 4, 10, 10, 5, 0, 0, 7, 47, 21, 9, 21, 7, 9, 47, 0, 0, 8, 11, 26, 8, 26, 11, 0, 0, 30, 38, 37, 30, 37, 38, 0, 0, 15, 44, 12, 12, 17, 44, 15, 17, 0, 0, 32, 20, 42, 20, 31, 42, 32, 31, 0, 0, 50, 36, 22, 50, 40, 22, 40, 36, 0, 0, 23, 1, 23, 6, 1, 6, 0, 0, 46, 46, 0, 0, 19, 19, 0, 0, 2, 2, 0, 0, 13, 13, 34, 25, 34, 25, 14, 14, 0, 0, 49, 49, 35, 35, 18, 18, 0, 0, 33, 39, 39, 45, 45, 33, 0, 0, 16, 24, 16, 24, 0, 0, 48, 28, 43, 28, 43, 48, 0, 0, 41, 41, 0, 0, 29, 29, 0, 0, 27, 27, 0]
19	Solution - 1232	184	801	13	1	19	[0, 5, 3, 4, 3, 4, 10, 10, 5, 0, 0, 7, 47, 21, 9, 21, 7, 9, 47, 0, 0, 8, 11, 26, 8, 26, 11, 0, 0, 30, 38, 37, 30, 37, 38, 0, 0, 15, 44, 12, 12, 17, 44, 15, 17, 0, 0, 32, 20, 42, 20, 31, 42, 32, 31, 0, 0, 50, 36, 22, 50, 40, 22, 40, 36, 0, 0, 23, 1, 23, 6, 1, 6, 0, 0, 46, 46, 0, 0, 19, 19, 0, 0, 2, 2, 0, 0, 13, 13, 34, 25, 34, 25, 14, 14, 0, 0, 49, 49, 35, 35, 18, 18, 0, 0, 33, 39, 39, 45, 45, 33, 0, 0, 16, 24, 16, 24, 0, 0, 48, 28, 43, 28, 43, 48, 0, 0, 41, 41, 0, 0, 29, 29, 0, 0, 27, 27, 0]
20	Solution - 1232	184	801	13	1	19	[0, 5, 3, 4, 3, 4, 10, 10, 5, 0, 0, 7, 47, 21, 9, 21, 7, 9, 47, 0, 0, 8, 11, 26, 8, 26, 11, 0, 0, 30, 38, 37, 30, 37, 38, 0, 0, 15, 44, 12, 12, 17, 44, 15, 17, 0, 0, 32, 20, 42, 20, 31, 42, 32, 31, 0, 0, 50, 36, 22, 50, 40, 22, 40, 36, 0, 0, 23, 1, 23, 6, 1, 6, 0, 0, 46, 46, 0, 0, 19, 19, 0, 0, 2, 2, 0, 0, 13, 13, 34, 25, 34, 25, 14, 14, 0, 0, 49, 49, 35, 35, 18, 18, 0, 0, 33, 39, 39, 45, 45, 33, 0, 0, 16, 24, 16, 24, 0, 0, 48, 28, 43, 28, 43, 48, 0, 0, 41, 41, 0, 0, 29, 29, 0, 0, 27, 27, 0]
21	Solution - 1232	184	801	13	1	19	[0, 5, 3, 4, 3, 4, 10, 10, 5, 0, 0, 7, 47, 21, 9, 21, 7, 9, 47, 0, 0, 8, 11, 26, 8, 26, 11, 0, 0, 30, 38, 37, 30, 37, 38, 0, 0, 15, 44, 12, 12, 17, 44, 15, 17, 0, 0, 32, 20, 42, 20, 31, 42, 32, 31, 0, 0, 50, 36, 22, 50, 40, 22, 40, 36, 0, 0, 23, 1, 23, 6, 1, 6, 0, 0, 46, 46, 0, 0, 19, 19, 0, 0, 2, 2, 0, 0, 13, 13, 34, 25, 34, 25, 14, 14, 0, 0, 49, 49, 35, 35, 18, 18, 0, 0, 33, 39, 39, 45, 45, 33, 0, 0, 16, 24, 16, 24, 0, 0, 48, 28, 43, 28, 43, 48, 0, 0, 41, 41, 0, 0, 29, 29, 0, 0, 27, 27, 0]
22	Solution - 1232	184	801	13	1	19	[0, 5, 3, 4, 3, 4, 10, 10, 5, 0, 0, 7, 47, 21, 9, 21, 7, 9, 47, 0, 0, 8, 11, 26, 8, 26, 11, 0, 0, 30, 38, 37, 30, 37, 38, 0, 0, 15, 44, 12, 12, 17, 44, 15, 17, 0, 0, 32, 20, 42, 20, 31, 42, 32, 31, 0, 0, 50, 36, 22, 50, 40, 22, 40, 36, 0, 0, 23, 1, 23, 6, 1, 6, 0, 0, 46, 46, 0, 0, 19, 19, 0, 0, 2, 2, 0, 0, 13, 13, 34, 25, 34, 25, 14, 14, 0, 0, 49, 49, 35, 35, 18, 18, 0, 0, 33, 39, 39, 45, 45, 33, 0, 0, 16, 24, 16, 24, 0, 0, 48, 28, 43, 28, 43, 48, 0, 0, 41, 41, 0, 0, 29, 29, 0, 0, 27, 27, 0]
23	Solution - 1232	184	801	13	1	19	[0, 5, 3, 4, 3, 4, 10, 10, 5, 0, 0, 7, 47, 21, 9, 21, 7, 9, 47, 0, 0, 8, 11, 26, 8, 26, 11, 0, 0, 30, 38, 37, 30, 37, 38, 0, 0, 15, 44, 12, 12, 17, 44, 15, 17, 0, 0, 32, 20, 42, 20, 31, 42, 32, 31, 0, 0, 50, 36, 22, 50, 40, 22, 40, 36, 0, 0, 23, 1, 23, 6, 1, 6, 0, 0, 46, 46, 0, 0, 19, 19, 0, 0, 2, 2, 0, 0, 13, 13, 34, 25, 34, 25, 14, 14, 0, 0, 49, 49, 35, 35, 18, 18, 0, 0, 33, 39, 39, 45, 45, 33, 0, 0, 16, 24, 16, 24, 0, 0, 48, 28, 43, 28, 43, 48, 0, 0, 41, 41, 0, 0, 29, 29, 0, 0, 27, 27, 0]
24	Solution - 1232	184	801	13	1	19	[0, 5, 3, 4, 3, 4, 10, 10, 5, 0, 0, 7, 47, 21, 9, 21, 7, 9, 47, 0, 0, 8, 11, 26, 8, 26, 11, 0, 0, 30, 38, 37, 30, 37, 38, 0, 0, 15, 44, 12, 12, 17, 44, 15, 17, 0, 0, 32, 20, 42, 20, 31, 42, 32, 31, 0, 0, 50, 36, 22, 50, 40, 22, 40, 36, 0, 0, 23, 1, 23, 6, 1, 6, 0, 0, 46, 46, 0, 0, 19, 19, 0, 0, 2, 2, 0, 0, 13, 13, 34, 25, 34, 25, 14, 14, 0, 0, 49, 49, 35, 35, 18, 18, 0, 0, 33, 39, 39, 45, 45, 33, 0, 0, 16, 24, 16, 24, 0, 0, 48, 28, 43, 28, 43, 48, 0, 0, 41, 41, 0, 0, 29, 29, 0, 0, 27, 27, 0]
25	Solution - 1232	184	801	13	1	19	[0, 5, 3, 4, 3, 4, 10, 10, 5, 0, 0, 7, 47, 21, 9, 21, 7, 9, 47, 0, 0, 8, 11, 26, 8, 26, 11, 0, 0, 30, 38, 37, 30, 37, 38, 0, 0, 15, 44, 12, 12, 17, 44, 15, 17, 0, 0, 32, 20, 42, 20, 31, 42, 32, 31, 0, 0, 50, 36, 22, 50, 40, 22, 40, 36, 0, 0, 23, 1, 23, 6, 1, 6, 0, 0, 46, 46, 0, 0, 19, 19, 0, 0, 2, 2, 0, 0, 13, 13, 34, 25, 34, 25, 14, 14, 0, 0, 49, 49, 35, 35, 18, 18, 0, 0, 33, 39, 39, 45, 45, 33, 0, 0, 16, 24, 16, 24, 0, 0, 48, 28, 43, 28, 43, 48, 0, 0, 41, 41, 0, 0, 29, 29, 0, 0, 27, 27, 0]
26	Solution - 1232	184	801	13	1	19	[0, 5, 3, 4, 3, 4, 10, 10, 5, 0, 0, 7, 47, 21, 9, 21, 7, 9, 47, 0, 0, 8, 11, 26, 8, 26, 11, 0, 0, 30, 38, 37, 30, 37, 38, 0, 0, 15, 44, 12, 12, 17, 44, 15, 17, 0, 0, 32, 20, 42, 20, 31, 42, 32, 31, 0, 0, 50, 36, 22, 50, 40, 22, 40, 36, 0, 0, 23, 1, 23, 6, 1, 6, 0, 0, 46, 46, 0, 0, 19, 19, 0, 0, 2, 2, 0, 0, 13, 13, 34, 25, 34, 25, 14, 14, 0, 0, 49, 49, 35, 35, 18, 18, 0, 0, 33, 39, 39, 45, 45, 33, 0, 0, 16, 24, 16, 24, 0, 0, 48, 28, 43, 28, 43, 48, 0, 0, 41, 41, 0, 0, 29, 29, 0, 0, 27, 27, 0]
27	Solution - 1232	184	801	13	1	19	[0, 5, 3, 4, 3, 4, 10, 10, 5, 0, 0, 7, 47, 21, 9, 21, 7, 9, 47, 0, 0, 8, 11, 26, 8, 26, 11, 0, 0, 30, 38, 37, 30, 37, 38, 0, 0, 15, 44, 12, 12, 17, 44, 15, 17, 0, 0, 32, 20, 42, 20, 31, 42, 32, 31, 0, 0, 50, 36, 22, 50, 40, 22, 40, 36, 0, 0, 23, 1, 23, 6, 1, 6, 0, 0, 46, 46, 0, 0, 19, 19, 0, 0, 2, 2, 0, 0, 13, 13, 34, 25, 34, 25, 14, 14, 0, 0, 49, 49, 35, 35, 18, 18, 0, 0, 33, 39, 39, 45, 45, 33, 0, 0, 16, 24, 16, 24, 0, 0, 48, 28, 43, 28, 43, 48, 0, 0, 41, 41, 0, 0, 29, 29, 0, 0, 27, 27, 0]
28	Solution - 1232	184	801	13	1	19	[0, 5, 3, 4, 3, 4, 10, 10, 5, 0, 0, 7, 47, 21, 9, 21, 7, 9, 47, 0, 0, 8, 11, 26, 8, 26, 11, 0, 0, 30, 38, 37, 30, 37, 38, 0, 0, 15, 44, 12, 12, 17, 44, 15, 17, 0, 0, 32, 20, 42, 20, 31, 42, 32, 31, 0, 0, 50, 36, 22, 50, 40, 22, 40, 36, 0, 0, 23, 1, 23, 6, 1, 6, 0, 0, 46, 46, 0, 0, 19, 19, 0, 0, 2, 2, 0, 0, 13, 13, 34, 25, 34, 25, 14, 14, 0, 0, 49, 49, 35, 35, 18, 18, 0, 0, 33, 39, 39, 45, 45, 33, 0, 0, 16, 24, 16, 24, 0, 0, 48, 28, 43, 28, 43, 48, 0, 0, 41, 41, 0, 0, 29, 29, 0, 0, 27, 27, 0]
29	Solution - 1232	184	801	13	1	19	[0, 5, 3, 4, 3, 4, 10, 10, 5, 0, 0, 7, 47, 21, 9, 21, 7, 9, 47, 0, 0, 8, 11, 26, 8, 26, 11, 0, 0, 30, 38, 37, 30, 37, 38, 0, 0, 15, 44, 12, 12, 17, 44, 15, 17, 0, 0, 32, 20, 42, 20, 31, 42, 32, 31, 0, 0, 50, 36, 22, 50, 40, 22, 40, 36, 0, 0, 23, 1, 23, 6, 1, 6, 0, 0, 46, 46, 0, 0, 19, 19, 0, 0, 2, 2, 0, 0, 13, 13, 34, 25, 34, 25, 14, 14, 0, 0, 49, 49, 35, 35, 18, 18, 0, 0, 33, 39, 39, 45, 45, 33, 0, 0, 16, 24, 16, 24, 0, 0, 48, 28, 43, 28, 43, 48, 0, 0, 41, 41, 0, 0, 29, 29, 0, 0, 27, 27, 0]
30	Solution - 1232	184	801	13	1	19	[0, 5, 3, 4, 3, 4, 10, 10, 5, 0, 0, 7, 47, 21, 9, 21, 7, 9, 47, 0, 0, 8, 11, 26, 8, 26, 11, 0, 0, 30, 38, 37, 30, 37, 38, 0, 0, 15, 44, 12, 12, 17, 44, 15, 17, 0, 0, 32, 20, 42, 20, 31, 42, 32, 31, 0, 0, 50, 36, 22, 50, 40, 22, 40, 36, 0, 0, 23, 1, 23, 6, 1, 6, 0, 0, 46, 46, 0, 0, 19, 19, 0, 0, 2, 2, 0, 0, 13, 13, 34, 25, 34, 25, 14, 14, 0, 0, 49, 49, 35, 35, 18, 18, 0, 0, 33, 39, 39, 45, 45, 33, 0, 0, 16, 24, 16, 24, 0, 0, 48, 28, 43, 28, 43, 48, 0, 0, 41, 41, 0, 0, 29, 29, 0, 0, 27, 27, 0]
31	Solution - 1232	184	801	13	1	19	[0, 5, 3, 4, 3, 4, 10, 10, 5, 0, 0, 7, 47, 21, 9, 21, 7, 9, 47, 0, 0, 8, 11, 26, 8, 26, 11, 0, 0, 30, 38, 37, 30, 37, 38, 0, 0, 15, 44, 12, 12, 17, 44, 15, 17, 0, 0, 32, 20, 42, 20, 31, 42, 32, 31, 0, 0, 50, 36, 22, 50, 40, 22, 40, 36, 0, 0, 23, 1, 23, 6, 1, 6, 0, 0, 46, 46, 0, 0, 19, 19, 0, 0, 2, 2, 0, 0, 13, 13, 34, 25, 34, 25, 14, 14, 0, 0, 49, 49, 35, 35, 18, 18, 0, 0, 33, 39, 39, 45, 45, 33, 0, 0, 16, 24, 16, 24, 0, 0, 48, 28, 43, 28, 43, 48, 0, 0, 41, 41, 0, 0, 29, 29, 0, 0, 27, 27, 0]
32	Solution - 1232	184	801	13	1	19	[0, 5, 3, 4, 3, 4, 10, 10, 5, 0, 0, 7, 47, 21, 9, 21, 7, 9, 47, 0, 0, 8, 11, 26, 8, 26, 11, 0, 0, 30, 38, 37, 30, 37, 38, 0, 0, 15, 44, 12, 12, 17, 44, 15, 17, 0, 0, 32, 20, 42, 20, 31, 42, 32, 31, 0, 0, 50, 36, 22, 50, 40, 22, 40, 36, 0, 0, 23, 1, 23, 6, 1, 6, 0, 0, 46, 46, 0, 0, 19, 19, 0, 0, 2, 2, 0, 0, 13, 13, 34, 25, 34, 25, 14, 14, 0, 0, 49, 49, 35, 35, 18, 18, 0, 0, 33, 39, 39, 45, 45, 33, 0, 0, 16, 24, 16, 24, 0, 0, 48, 28, 43, 28, 43, 48, 0, 0, 41, 41, 0, 0, 29, 29, 0, 0, 27, 27, 0]
33	Solution - 1232	184	801	13	1	19	[0, 5, 3, 4, 3, 4, 10, 10, 5, 0, 0, 7, 47, 21, 9, 21, 7, 9, 47, 0, 0, 8, 11, 26, 8, 26, 11, 0, 0, 30, 38, 37, 30, 37, 38, 0, 0, 15, 44, 12, 12, 17, 44, 15, 17, 0, 0, 32, 20, 42, 20, 31, 42, 32, 31, 0, 0, 50, 36, 22, 50, 40, 22, 40, 36, 0, 0, 23, 1, 23, 6, 1, 6, 0, 0, 46, 46, 0, 0, 19, 19, 0, 0, 2, 2, 0, 0, 13, 13, 34, 25, 34, 25, 14, 14, 0, 0, 49, 49, 35, 35, 18, 18, 0, 0, 33, 39, 39, 45, 45, 33, 0, 0, 16, 24, 16, 24, 0, 0, 48, 28, 43, 28, 43, 48, 0, 0, 41, 41, 0, 0, 29, 29, 0, 0, 27, 27, 0]
34	Solution - 1232	184	801	13	1	19	[0, 5, 3, 4, 3, 4, 10, 10, 5, 0, 0, 7, 47, 21, 9, 21, 7, 9, 47, 0, 0, 8, 11, 26, 8, 26, 11, 0, 0, 30, 38, 37, 30, 37, 38, 0, 0, 15, 44, 12, 12, 17, 44, 15, 17, 0, 0, 32, 20, 42, 20, 31, 42, 32, 31, 0, 0, 50, 36, 22, 50, 40, 22, 40, 36, 0, 0, 23, 1, 23, 6, 1, 6, 0, 0, 46, 46, 0, 0, 19, 19, 0, 0, 2, 2, 0, 0, 13, 13, 34, 25, 34, 25, 14, 14, 0, 0, 49, 49, 35, 35, 18, 18, 0, 0, 33, 39, 39, 45, 45, 33, 0, 0, 16, 24, 16, 24, 0, 0, 48, 28, 43, 28, 43, 48, 0, 0, 41, 41, 0, 0, 29, 29, 0, 0, 27, 27, 0]
35	Solution - 1232	184	801	13	1	19	[0, 5, 3, 4, 3, 4, 10, 10, 5, 0, 0, 7, 47, 21, 9, 21, 7, 9, 47, 0, 0, 8, 11, 26, 8, 26, 11, 0, 0, 30, 38, 37, 30, 37, 38, 0, 0, 15, 44, 12, 12, 17, 44, 15, 17, 0, 0, 32, 20, 42, 20, 31, 42, 32, 31, 0, 0, 50, 36, 22, 50, 40, 22, 40, 36, 0, 0, 23, 1, 23, 6, 1, 6, 0, 0, 46, 46, 0, 0, 19, 19, 0, 0, 2, 2, 0, 0, 13, 13, 34, 25, 34, 25, 14, 14, 0, 0, 49, 49, 35, 35, 18, 18, 0, 0, 33, 39, 39, 45, 45, 33, 0, 0, 16, 24, 16, 24, 0, 0, 48, 28, 43, 28, 43, 48, 0, 0, 41, 41, 0, 0, 29, 29, 0, 0, 27, 27, 0]
36	Solution - 1232	184	801	13	1	19	[0, 5, 3, 4, 3, 4, 10, 10, 5, 0, 0, 7, 47, 21, 9, 21, 7, 9, 47, 0, 0, 8, 11, 26, 8, 26, 11, 0, 0, 30, 38, 37, 30, 37, 38, 0, 0, 15, 44, 12, 12, 17, 44, 15, 17, 0, 0, 32, 20, 42, 20, 31, 42, 32, 31, 0, 0, 50, 36, 22, 50, 40, 22, 40, 36, 0, 0, 23, 1, 23, 6, 1, 6, 0, 0, 46, 46, 0, 0, 19, 19, 0, 0, 2, 2, 0, 0, 13, 13, 34, 25, 34, 25, 14, 14, 0, 0, 49, 49, 35, 35, 18, 18, 0, 0, 33, 39, 39, 45, 45, 33, 0, 0, 16, 24, 16, 24, 0, 0, 48, 28, 43, 28, 43, 48, 0, 0, 41, 41, 0, 0, 29, 29, 0, 0, 27, 27, 0]
37	Solution - 1232	184	801	13	1	19	[0, 5, 3, 4, 3, 4, 10, 10, 5, 0, 0, 7, 47, 21, 9, 21, 7, 9, 47, 0, 0, 8, 11, 26, 8, 26, 11, 0, 0, 30, 38, 37, 30, 37, 38, 0, 0, 15, 44, 12, 12, 17, 44, 15, 17, 0, 0, 32, 20, 42, 20, 31, 42, 32, 31, 0, 0, 50, 36, 22, 50, 40, 22, 40, 36, 0, 0, 23, 1, 23, 6, 1, 6, 0, 0, 46, 46, 0, 0, 19, 19, 0, 0, 2, 2, 0, 0, 13, 13, 34, 25, 34, 25, 14, 14, 0, 0, 49, 49, 35, 35, 18, 18, 0, 0, 33, 39, 39, 45, 45, 33, 0, 0, 16, 24, 16, 24, 0, 0, 48, 28, 43, 28, 43, 48, 0, 0, 41, 41, 0, 0, 29, 29, 0, 0, 27, 27, 0]
38	Solution - 1232	184	801	13	1	19	[0, 5, 3, 4, 3, 4, 10, 10, 5, 0, 0, 7, 47, 21, 9, 21, 7, 9, 47, 0, 0, 8, 11, 26, 8, 26, 11, 0, 0, 30, 38, 37, 30, 37, 38, 0, 0, 15, 44, 12, 12, 17, 44, 15, 17, 0, 0, 32, 20, 42, 20, 31, 42, 32, 31, 0, 0, 50, 36, 22, 50, 40, 22, 40, 36, 0, 0, 23, 1, 23, 6, 1, 6, 0, 0, 46, 46, 0, 0, 19, 19, 0, 0, 2, 2, 0, 0, 13, 13, 34, 25, 34, 25, 14, 14, 0, 0, 49, 49, 35, 35, 18, 18, 0, 0, 33, 39, 39, 45, 45, 33, 0, 0, 16, 24, 16, 24, 0, 0, 48, 28, 43, 28, 43, 48, 0, 0, 41, 41, 0, 0, 29, 29, 0, 0, 27, 27, 0]
39	Solution - 1232	184	801	13	1	19	[0, 5, 3, 4, 3, 4, 10, 10, 5, 0, 0, 7, 47, 21, 9, 21, 7, 9, 47, 0, 0, 8, 11, 26, 8, 26, 11, 0, 0, 30, 38, 37, 30, 37, 38, 0, 0, 15, 44, 12, 12, 17, 44, 15, 17, 0, 0, 32, 20, 42, 20, 31, 42, 32, 31, 0, 0, 50, 36, 22, 50, 40, 22, 40, 36, 0, 0, 23, 1, 23, 6, 1, 6, 0, 0, 46, 46, 0, 0, 19, 19, 0, 0, 2, 2, 0, 0, 13, 13, 34, 25, 34, 25, 14, 14, 0, 0, 49, 49, 35, 35, 18, 18, 0, 0, 33, 39, 39, 45, 45, 33, 0, 0, 16, 24, 16, 24, 0, 0, 48, 28, 43, 28, 43, 48, 0, 0, 41, 41, 0, 0, 29, 29, 0, 0, 27, 27, 0]
40	Solution - 1065	178	773	6	0	19	[0, 4, 3, 46, 4, 3, 5, 46, 5, 0, 0, 11, 7, 47, 9, 7, 9, 47, 11, 0, 0, 8, 21, 26, 8, 26, 21, 0, 0, 48, 37, 30, 30, 37, 48, 0, 0, 12, 12, 49, 17, 15, 15, 17, 49, 0, 0, 32, 20, 42, 20, 31, 42, 32, 31, 0, 0, 19, 22, 19, 22, 36, 40, 40, 36, 0, 0, 10, 10, 23, 2, 23, 2, 0, 0, 18, 18, 0, 0, 35, 35, 0, 0, 50, 50, 0, 0, 13, 13, 16, 34, 24, 34, 16, 24, 0, 0, 1, 1, 27, 44, 44, 27, 0, 0, 41, 41, 28, 14, 28, 14, 0, 0, 25, 25, 39, 39, 0, 0, 38, 33, 43, 33, 43, 38, 0, 0, 45, 45, 0, 0, 29, 29, 0, 0, 6, 6, 0]
41	Solution - 1065	178	773	6	0	19	[0, 4, 3, 46, 4, 3, 5, 46, 5, 0, 0, 11, 7, 47, 9, 7, 9, 47, 11, 0, 0, 8, 21, 26, 8, 26, 21, 0, 0, 48, 37, 30, 30, 37, 48, 0, 0, 12, 12, 49, 17, 15, 15, 17, 49, 0, 0, 32, 20, 42, 20, 31, 42, 32, 31, 0, 0, 19, 22, 19, 22, 36, 40, 40, 36, 0, 0, 10, 10, 23, 2, 23, 2, 0, 0, 18, 18, 0, 0, 35, 35, 0, 0, 50, 50, 0, 0, 13, 13, 16, 34, 24, 34, 16, 24, 0, 0, 1, 1, 27, 44, 44, 27, 0, 0, 41, 41, 28, 14, 28, 14, 0, 0, 25, 25, 39, 39, 0, 0, 38, 33, 43, 33, 43, 38, 0, 0, 45, 45, 0, 0, 29, 29, 0, 0, 6, 6, 0]
42	Solution - 1065	178	773	6	0	19	[0, 4, 3, 46, 4, 3, 5, 46, 5, 0, 0, 11, 7, 47, 9, 7, 9, 47, 11, 0, 0, 8, 21, 26, 8, 26, 21, 0, 0, 48, 37, 30, 30, 37, 48, 0, 0, 12, 12, 49, 17, 15, 15, 17, 49, 0, 0, 32, 20, 42, 20, 31, 42, 32, 31, 0, 0, 19, 22, 19, 22, 36, 40, 40, 36, 0, 0, 10, 10, 23, 2, 23, 2, 0, 0, 18, 18, 0, 0, 35, 35, 0, 0, 50, 50, 0, 0, 13, 13, 16, 34, 24, 34, 16, 24, 0, 0, 1, 1, 27, 44, 44, 27, 0, 0, 41, 41, 28, 14, 28, 14, 0, 0, 25, 25, 39, 39, 0, 0, 38, 33, 43, 33, 43, 38, 0, 0, 45, 45, 0, 0, 29, 29, 0, 0, 6, 6, 0]
43	Solution - 1065	178	773	6	0	19	[0, 4, 3, 46, 4, 3, 5, 46, 5, 0, 0, 11, 7, 47, 9, 7, 9, 47, 11, 0, 0, 8, 21, 26, 8, 26, 21, 0, 0, 48, 37, 30, 30, 37, 48, 0, 0, 12, 12, 49, 17, 15, 15, 17, 49, 0, 0, 32, 20, 42, 20, 31, 42, 32, 31, 0, 0, 19, 22, 19, 22, 36, 40, 40, 36, 0, 0, 10, 10, 23, 2, 23, 2, 0, 0, 18, 18, 0, 0, 35, 35, 0, 0, 50, 50, 0, 0, 13, 13, 16, 34, 24, 34, 16, 24, 0, 0, 1, 1, 27, 44, 44, 27, 0, 0, 41, 41, 28, 14, 28, 14, 0, 0, 25, 25, 39, 39, 0, 0, 38, 33, 43, 33, 43, 38, 0, 0, 45, 45, 0, 0, 29, 29, 0, 0, 6, 6, 0]
44	Solution - 1065	178	773	6	0	19	[0, 4, 3, 46, 4, 3, 5, 46, 5, 0, 0, 11, 7, 47, 9, 7, 9, 47, 11, 0, 0, 8, 21, 26, 8, 26, 21, 0, 0, 48, 37, 30, 30, 37, 48, 0, 0, 12, 12, 49, 17, 15, 15, 17, 49, 0, 0, 32, 20, 42, 20, 31, 42, 32, 31, 0, 0, 19, 22, 19, 22, 36, 40, 40, 36, 0, 0, 10, 10, 23, 2, 23, 2, 0, 0, 18, 18, 0, 0, 35, 35, 0, 0, 50, 50, 0, 0, 13, 13, 16, 34, 24, 34, 16, 24, 0, 0, 1, 1, 27, 44, 44, 27, 0, 0, 41, 41, 28, 14, 28, 14, 0, 0, 25, 25, 39, 39, 0, 0, 38, 33, 43, 33, 43, 38, 0, 0, 45, 45, 0, 0, 29, 29, 0, 0, 6, 6, 0]
45	Solution - 1065	178	773	6	0	19	[0, 4, 3, 46, 4, 3, 5, 46, 5, 0, 0, 11, 7, 47, 9, 7, 9, 47, 11, 0, 0, 8, 21, 26, 8, 26, 21, 0, 0, 48, 37, 30, 30, 37, 48, 0, 0, 12, 12, 49, 17, 15, 15, 17, 49, 0, 0, 32, 20, 42, 20, 31, 42, 32, 31, 0, 0, 19, 22, 19, 22, 36, 40, 40, 36, 0, 0, 10, 10, 23, 2, 23, 2, 0, 0, 18, 18, 0, 0, 35, 35, 0, 0, 50, 50, 0, 0, 13, 13, 16, 34, 24, 34, 16, 24, 0, 0, 1, 1, 27, 44, 44, 27, 0, 0, 41, 41, 28, 14, 28, 14, 0, 0, 25, 25, 39, 39, 0, 0, 38, 33, 43, 33, 43, 38, 0, 0, 45, 45, 0, 0, 29, 29, 0, 0, 6, 6, 0]
46	Solution - 1065	178	773	6	0	19	[0, 4, 3, 46, 4, 3, 5, 46, 5, 0, 0, 11, 7, 47, 9, 7, 9, 47, 11, 0, 0, 8, 21, 26, 8, 26, 21, 0, 0, 48, 37, 30, 30, 37, 48, 0, 0, 12, 12, 49, 17, 15, 15, 17, 49, 0, 0, 32, 20, 42, 20, 31, 42, 32, 31, 0, 0, 19, 22, 19, 22, 36, 40, 40, 36, 0, 0, 10, 10, 23, 2, 23, 2, 0, 0, 18, 18, 0, 0, 35, 35, 0, 0, 50, 50, 0, 0, 13, 13, 16, 34, 24, 34, 16, 24, 0, 0, 1, 1, 27, 44, 44, 27, 0, 0, 41, 41, 28, 14, 28, 14, 0, 0, 25, 25, 39, 39, 0, 0, 38, 33, 43, 33, 43, 38, 0, 0, 45, 45, 0, 0, 29, 29, 0, 0, 6, 6, 0]
47	Solution - 1065	178	773	6	0	19	[0, 4, 3, 46, 4, 3, 5, 46, 5, 0, 0, 11, 7, 47, 9, 7, 9, 47, 11, 0, 0, 8, 21, 26, 8, 26, 21, 0, 0, 48, 37, 30, 30, 37, 48, 0, 0, 12, 12, 49, 17, 15, 15, 17, 49, 0, 0, 32, 20, 42, 20, 31, 42, 32, 31, 0, 0, 19, 22, 19, 22, 36, 40, 40, 36, 0, 0, 10, 10, 23, 2, 23, 2, 0, 0, 18, 18, 0, 0, 35, 35, 0, 0, 50, 50, 0, 0, 13, 13, 16, 34, 24, 34, 16, 24, 0, 0, 1, 1, 27, 44, 44, 27, 0, 0, 41, 41, 28, 14, 28, 14, 0, 0, 25, 25, 39, 39, 0, 0, 38, 33, 43, 33, 43, 38, 0, 0, 45, 45, 0, 0, 29, 29, 0, 0, 6, 6, 0]
48	Solution - 1065	178	773	6	0	19	[0, 4, 3, 46, 4, 3, 5, 46, 5, 0, 0, 11, 7, 47, 9, 7, 9, 47, 11, 0, 0, 8, 21, 26, 8, 26, 21, 0, 0, 48, 37, 30, 30, 37, 48, 0, 0, 12, 12, 49, 17, 15, 15, 17, 49, 0, 0, 32, 20, 42, 20, 31, 42, 32, 31, 0, 0, 19, 22, 19, 22, 36, 40, 40, 36, 0, 0, 10, 10, 23, 2, 23, 2, 0, 0, 18, 18, 0, 0, 35, 35, 0, 0, 50, 50, 0, 0, 13, 13, 16, 34, 24, 34, 16, 24, 0, 0, 1, 1, 27, 44, 44, 27, 0, 0, 41, 41, 28, 14, 28, 14, 0, 0, 25, 25, 39, 39, 0, 0, 38, 33, 43, 33, 43, 38, 0, 0, 45, 45, 0, 0, 29, 29, 0, 0, 6, 6, 0]
49	Solution - 1065	178	773	6	0	19	[0, 4, 3, 46, 4, 3, 5, 46, 5, 0, 0, 11, 7, 47, 9, 7, 9, 47, 11, 0, 0, 8, 21, 26, 8, 26, 21, 0, 0, 48, 37, 30, 30, 37, 48, 0, 0, 12, 12, 49, 17, 15, 15, 17, 49, 0, 0, 32, 20, 42, 20, 31, 42, 32, 31, 0, 0, 19, 22, 19, 22, 36, 40, 40, 36, 0, 0, 10, 10, 23, 2, 23, 2, 0, 0, 18, 18, 0, 0, 35, 35, 0, 0, 50, 50, 0, 0, 13, 13, 16, 34, 24, 34, 16, 24, 0, 0, 1, 1, 27, 44, 44, 27, 0, 0, 41, 41, 28, 14, 28, 14, 0, 0, 25, 25, 39, 39, 0, 0, 38, 33, 43, 33, 43, 38, 0, 0, 45, 45, 0, 0, 29, 29, 0, 0, 6, 6, 0]
50	Solution - 1065	178	773	6	0	19	[0, 4, 3, 46, 4, 3, 5, 46, 5, 0, 0, 11, 7, 47, 9, 7, 9, 47, 11, 0, 0, 8, 21, 26, 8, 26, 21, 0, 0, 48, 37, 30, 30, 37, 48, 0, 0, 12, 12, 49, 17, 15, 15, 17, 49, 0, 0, 32, 20, 42, 20, 31, 42, 32, 31, 0, 0, 19, 22, 19, 22, 36, 40, 40, 36, 0, 0, 10, 10, 23, 2, 23, 2, 0, 0, 18, 18, 0, 0, 35, 35, 0, 0, 50, 50, 0, 0, 13, 13, 16, 34, 24, 34, 16, 24, 0, 0, 1, 1, 27, 44, 44, 27, 0, 0, 41, 41, 28, 14, 28, 14, 0, 0, 25, 25, 39, 39, 0, 0, 38, 33, 43, 33, 43, 38, 0, 0, 45, 45, 0, 0, 29, 29, 0, 0, 6, 6, 0]
51	Solution - 1065	178	773	6	0	19	[0, 4, 3, 46, 4, 3, 5, 46, 5, 0, 0, 11, 7, 47, 9, 7, 9, 47, 11, 0, 0, 8, 21, 26, 8, 26, 21, 0, 0, 48, 37, 30, 30, 37, 48, 0, 0, 12, 12, 49, 17, 15, 15, 17, 49, 0, 0, 32, 20, 42, 20, 31, 42, 32, 31, 0, 0, 19, 22, 19, 22, 36, 40, 40, 36, 0, 0, 10, 10, 23, 2, 23, 2, 0, 0, 18, 18, 0, 0, 35, 35, 0, 0, 50, 50, 0, 0, 13, 13, 16, 34, 24, 34, 16, 24, 0, 0, 1, 1, 27, 44, 44, 27, 0, 0, 41, 41, 28, 14, 28, 14, 0, 0, 25, 25, 39, 39, 0, 0, 38, 33, 43, 33, 43, 38, 0, 0, 45, 45, 0, 0, 29, 29, 0, 0, 6, 6, 0]
52	Solution - 1065	178	773	6	0	19	[0, 4, 3, 46, 4, 3, 5, 46, 5, 0, 0, 11, 7, 47, 9, 7, 9, 47, 11, 0, 0, 8, 21, 26, 8, 26, 21, 0, 0, 48, 37, 30, 30, 37, 48, 0, 0, 12, 12, 49, 17, 15, 15, 17, 49, 0, 0, 32, 20, 42, 20, 31, 42, 32, 31, 0, 0, 19, 22, 19, 22, 36, 40, 40, 36, 0, 0, 10, 10, 23, 2, 23, 2, 0, 0, 18, 18, 0, 0, 35, 35, 0, 0, 50, 50, 0, 0, 13, 13, 16, 34, 24, 34, 16, 24, 0, 0, 1, 1, 27, 44, 44, 27, 0, 0, 41, 41, 28, 14, 28, 14, 0, 0, 25, 25, 39, 39, 0, 0, 38, 33, 43, 33, 43, 38, 0, 0, 45, 45, 0, 0, 29, 29, 0, 0, 6, 6, 0]
53	Solution - 1065	178	773	6	0	19	[0, 4, 3, 46, 4, 3, 5, 46, 5, 0, 0, 11, 7, 47, 9, 7, 9, 47, 11, 0, 0, 8, 21, 26, 8, 26, 21, 0, 0, 48, 37, 30, 30, 37, 48, 0, 0, 12, 12, 49, 17, 15, 15, 17, 49, 0, 0, 32, 20, 42, 20, 31, 42, 32, 31, 0, 0, 19, 22, 19, 22, 36, 40, 40, 36, 0, 0, 10, 10, 23, 2, 23, 2, 0, 0, 18, 18, 0, 0, 35, 35, 0, 0, 50, 50, 0, 0, 13, 13, 16, 34, 24, 34, 16, 24, 0, 0, 1, 1, 27, 44, 44, 27, 0, 0, 41, 41, 28, 14, 28, 14, 0, 0, 25, 25, 39, 39, 0, 0, 38, 33, 43, 33, 43, 38, 0, 0, 45, 45, 0, 0, 29, 29, 0, 0, 6, 6, 0]
54	Solution - 1065	178	773	6	0	19	[0, 4, 3, 46, 4, 3, 5, 46, 5, 0, 0, 11, 7, 47, 9, 7, 9, 47, 11, 0, 0, 8, 21, 26, 8, 26, 21, 0, 0, 48, 37, 30, 30, 37, 48, 0, 0, 12, 12, 49, 17, 15, 15, 17, 49, 0, 0, 32, 20, 42, 20, 31, 42, 32, 31, 0, 0, 19, 22, 19, 22, 36, 40, 40, 36, 0, 0, 10, 10, 23, 2, 23, 2, 0, 0, 18, 18, 0, 0, 35, 35, 0, 0, 50, 50, 0, 0, 13, 13, 16, 34, 24, 34, 16, 24, 0, 0, 1, 1, 27, 44, 44, 27, 0, 0, 41, 41, 28, 14, 28, 14, 0, 0, 25, 25, 39, 39, 0, 0, 38, 33, 43, 33, 43, 38, 0, 0, 45, 45, 0, 0, 29, 29, 0, 0, 6, 6, 0]
55	Solution - 1065	178	773	6	0	19	[0, 4, 3, 46, 4, 3, 5, 46, 5, 0, 0, 11, 7, 47, 9, 7, 9, 47, 11, 0, 0, 8, 21, 26, 8, 26, 21, 0, 0, 48, 37, 30, 30, 37, 48, 0, 0, 12, 12, 49, 17, 15, 15, 17, 49, 0, 0, 32, 20, 42, 20, 31, 42, 32, 31, 0, 0, 19, 22, 19, 22, 36, 40, 40, 36, 0, 0, 10, 10, 23, 2, 23, 2, 0, 0, 18, 18, 0, 0, 35, 35, 0, 0, 50, 50, 0, 0, 13, 13, 16, 34, 24, 34, 16, 24, 0, 0, 1, 1, 27, 44, 44, 27, 0, 0, 41, 41, 28, 14, 28, 14, 0, 0, 25, 25, 39, 39, 0, 0, 38, 33, 43, 33, 43, 38, 0, 0, 45, 45, 0, 0, 29, 29, 0, 0, 6, 6, 0]
56	Solution - 1065	178	773	6	0	19	[0, 4, 3, 46, 4, 3, 5, 46, 5, 0, 0, 11, 7, 47, 9, 7, 9, 47, 11, 0, 0, 8, 21, 26, 8, 26, 21, 0, 0, 48, 37, 30, 30, 37, 48, 0, 0, 12, 12, 49, 17, 15, 15, 17, 49, 0, 0, 32, 20, 42, 20, 31, 42, 32, 31, 0, 0, 19, 22, 19, 22, 36, 40, 40, 36, 0, 0, 10, 10, 23, 2, 23, 2, 0, 0, 18, 18, 0, 0, 35, 35, 0, 0, 50, 50, 0, 0, 13, 13, 16, 34, 24, 34, 16, 24, 0, 0, 1, 1, 27, 44, 44, 27, 0, 0, 41, 41, 28, 14, 28, 14, 0, 0, 25, 25, 39, 39, 0, 0, 38, 33, 43, 33, 43, 38, 0, 0, 45, 45, 0, 0, 29, 29, 0, 0, 6, 6, 0]
57	Solution - 1065	178	773	6	0	19	[0, 4, 3, 46, 4, 3, 5, 46, 5, 0, 0, 11, 7, 47, 9, 7, 9, 47, 11, 0, 0, 8, 21, 26, 8, 26, 21, 0, 0, 48, 37, 30, 30, 37, 48, 0, 0, 12, 12, 49, 17, 15, 15, 17, 49, 0, 0, 32, 20, 42, 20, 31, 42, 32, 31, 0, 0, 19, 22, 19, 22, 36, 40, 40, 36, 0, 0, 10, 10, 23, 2, 23, 2, 0, 0, 18, 18, 0, 0, 35, 35, 0, 0, 50, 50, 0, 0, 13, 13, 16, 34, 24, 34, 16, 24, 0, 0, 1, 1, 27, 44, 44, 27, 0, 0, 41, 41, 28, 14, 28, 14, 0, 0, 25, 25, 39, 39, 0, 0, 38, 33, 43, 33, 43, 38, 0, 0, 45, 45, 0, 0, 29, 29, 0, 0, 6, 6, 0]
58	Solution - 1065	178	773	6	0	19	[0, 4, 3, 46, 4, 3, 5, 46, 5, 0, 0, 11, 7, 47, 9, 7, 9, 47, 11, 0, 0, 8, 21, 26, 8, 26, 21, 0, 0, 48, 37, 30, 30, 37, 48, 0, 0, 12, 12, 49, 17, 15, 15, 17, 49, 0, 0, 32, 20, 42, 20, 31, 42, 32, 31, 0, 0, 19, 22, 19, 22, 36, 40, 40, 36, 0, 0, 10, 10, 23, 2, 23, 2, 0, 0, 18, 18, 0, 0, 35, 35, 0, 0, 50, 50, 0, 0, 13, 13, 16, 34, 24, 34, 16, 24, 0, 0, 1, 1, 27, 44, 44, 27, 0, 0, 41, 41, 28, 14, 28, 14, 0, 0, 25, 25, 39, 39, 0, 0, 38, 33, 43, 33, 43, 38, 0, 0, 45, 45, 0, 0, 29, 29, 0, 0, 6, 6, 0]
59	Solution - 1065	178	773	6	0	19	[0, 4, 3, 46, 4, 3, 5, 46, 5, 0, 0, 11, 7, 47, 9, 7, 9, 47, 11, 0, 0, 8, 21, 26, 8, 26, 21, 0, 0, 48, 37, 30, 30, 37, 48, 0, 0, 12, 12, 49, 17, 15, 15, 17, 49, 0, 0, 32, 20, 42, 20, 31, 42, 32, 31, 0, 0, 19, 22, 19, 22, 36, 40, 40, 36, 0, 0, 10, 10, 23, 2, 23, 2, 0, 0, 18, 18, 0, 0, 35, 35, 0, 0, 50, 50, 0, 0, 13, 13, 16, 34, 24, 34, 16, 24, 0, 0, 1, 1, 27, 44, 44, 27, 0, 0, 41, 41, 28, 14, 28, 14, 0, 0, 25, 25, 39, 39, 0, 0, 38, 33, 43, 33, 43, 38, 0, 0, 45, 45, 0, 0, 29, 29, 0, 0, 6, 6, 0]
60	Solution - 1065	178	773	6	0	19	[0, 4, 3, 46, 4, 3, 5, 46, 5, 0, 0, 11, 7, 47, 9, 7, 9, 47, 11, 0, 0, 8, 21, 26, 8, 26, 21, 0, 0, 48, 37, 30, 30, 37, 48, 0, 0, 12, 12, 49, 17, 15, 15, 17, 49, 0, 0, 32, 20, 42, 20, 31, 42, 32, 31, 0, 0, 19, 22, 19, 22, 36, 40, 40, 36, 0, 0, 10, 10, 23, 2, 23, 2, 0, 0, 18, 18, 0, 0, 35, 35, 0, 0, 50, 50, 0, 0, 13, 13, 16, 34, 24, 34, 16, 24, 0, 0, 1, 1, 27, 44, 44, 27, 0, 0, 41, 41, 28, 14, 28, 14, 0, 0, 25, 25, 39, 39, 0, 0, 38, 33, 43, 33, 43, 38, 0, 0, 45, 45, 0, 0, 29, 29, 0, 0, 6, 6, 0]
61	Solution - 1065	178	773	6	0	19	[0, 4, 3, 46, 4, 3, 5, 46, 5, 0, 0, 11, 7, 47, 9, 7, 9, 47, 11, 0, 0, 8, 21, 26, 8, 26, 21, 0, 0, 48, 37, 30, 30, 37, 48, 0, 0, 12, 12, 49, 17, 15, 15, 17, 49, 0, 0, 32, 20, 42, 20, 31, 42, 32, 31, 0, 0, 19, 22, 19, 22, 36, 40, 40, 36, 0, 0, 10, 10, 23, 2, 23, 2, 0, 0, 18, 18, 0, 0, 35, 35, 0, 0, 50, 50, 0, 0, 13, 13, 16, 34, 24, 34, 16, 24, 0, 0, 1, 1, 27, 44, 44, 27, 0, 0, 41, 41, 28, 14, 28, 14, 0, 0, 25, 25, 39, 39, 0, 0, 38, 33, 43, 33, 43, 38, 0, 0, 45, 45, 0, 0, 29, 29, 0, 0, 6, 6, 0]
62	Solution - 1065	178	773	6	0	19	[0, 4, 3, 46, 4, 3, 5, 46, 5, 0, 0, 11, 7, 47, 9, 7, 9, 47, 11, 0, 0, 8, 21, 26, 8, 26, 21, 0, 0, 48, 37, 30, 30, 37, 48, 0, 0, 12, 12, 49, 17, 15, 15, 17, 49, 0, 0, 32, 20, 42, 20, 31, 42, 32, 31, 0, 0, 19, 22, 19, 22, 36, 40, 40, 36, 0, 0, 10, 10, 23, 2, 23, 2, 0, 0, 18, 18, 0, 0, 35, 35, 0, 0, 50, 50, 0, 0, 13, 13, 16, 34, 24, 34, 16, 24, 0, 0, 1, 1, 27, 44, 44, 27, 0, 0, 41, 41, 28, 14, 28, 14, 0, 0, 25, 25, 39, 39, 0, 0, 38, 33, 43, 33, 43, 38, 0, 0, 45, 45, 0, 0, 29, 29, 0, 0, 6, 6, 0]
63	Solution - 1065	178	773	6	0	19	[0, 4, 3, 46, 4, 3, 5, 46, 5, 0, 0, 11, 7, 47, 9, 7, 9, 47, 11, 0, 0, 8, 21, 26, 8, 26, 21, 0, 0, 48, 37, 30, 30, 37, 48, 0, 0, 12, 12, 49, 17, 15, 15, 17, 49, 0, 0, 32, 20, 42, 20, 31, 42, 32, 31, 0, 0, 19, 22, 19, 22, 36, 40, 40, 36, 0, 0, 10, 10, 23, 2, 23, 2, 0, 0, 18, 18, 0, 0, 35, 35, 0, 0, 50, 50, 0, 0, 13, 13, 16, 34, 24, 34, 16, 24, 0, 0, 1, 1, 27, 44, 44, 27, 0, 0, 41, 41, 28, 14, 28, 14, 0, 0, 25, 25, 39, 39, 0, 0, 38, 33, 43, 33, 43, 38, 0, 0, 45, 45, 0, 0, 29, 29, 0, 0, 6, 6, 0]
64	Solution - 1065	178	773	6	0	19	[0, 4, 3, 46, 4, 3, 5, 46, 5, 0, 0, 11, 7, 47, 9, 7, 9, 47, 11, 0, 0, 8, 21, 26, 8, 26, 21, 0, 0, 48, 37, 30, 30, 37, 48, 0, 0, 12, 12, 49, 17, 15, 15, 17, 49, 0, 0, 32, 20, 42, 20, 31, 42, 32, 31, 0, 0, 19, 22, 19, 22, 36, 40, 40, 36, 0, 0, 10, 10, 23, 2, 23, 2, 0, 0, 18, 18, 0, 0, 35, 35, 0, 0, 50, 50, 0, 0, 13, 13, 16, 34, 24, 34, 16, 24, 0, 0, 1, 1, 27, 44, 44, 27, 0, 0, 41, 41, 28, 14, 28, 14, 0, 0, 25, 25, 39, 39, 0, 0, 38, 33, 43, 33, 43, 38, 0, 0, 45, 45, 0, 0, 29, 29, 0, 0, 6, 6, 0]
65	Solution - 1065	178	773	6	0	19	[0, 4, 3, 46, 4, 3, 5, 46, 5, 0, 0, 11, 7, 47, 9, 7, 9, 47, 11, 0, 0, 8, 21, 26, 8, 26, 21, 0, 0, 48, 37, 30, 30, 37, 48, 0, 0, 12, 12, 49, 17, 15, 15, 17, 49, 0, 0, 32, 20, 42, 20, 31, 42, 32, 31, 0, 0, 19, 22, 19, 22, 36, 40, 40, 36, 0, 0, 10, 10, 23, 2, 23, 2, 0, 0, 18, 18, 0, 0, 35, 35, 0, 0, 50, 50, 0, 0, 13, 13, 16, 34, 24, 34, 16, 24, 0, 0, 1, 1, 27, 44, 44, 27, 0, 0, 41, 41, 28, 14, 28, 14, 0, 0, 25, 25, 39, 39, 0, 0, 38, 33, 43, 33, 43, 38, 0, 0, 45, 45, 0, 0, 29, 29, 0, 0, 6, 6, 0]
66	Solution - 1065	178	773	6	0	19	[0, 4, 3, 46, 4, 3, 5, 46, 5, 0, 0, 11, 7, 47, 9, 7, 9, 47, 11, 0, 0, 8, 21, 26, 8, 26, 21, 0, 0, 48, 37, 30, 30, 37, 48, 0, 0, 12, 12, 49, 17, 15, 15, 17, 49, 0, 0, 32, 20, 42, 20, 31, 42, 32, 31, 0, 0, 19, 22, 19, 22, 36, 40, 40, 36, 0, 0, 10, 10, 23, 2, 23, 2, 0, 0, 18, 18, 0, 0, 35, 35, 0, 0, 50, 50, 0, 0, 13, 13, 16, 34, 24, 34, 16, 24, 0, 0, 1, 1, 27, 44, 44, 27, 0, 0, 41, 41, 28, 14, 28, 14, 0, 0, 25, 25, 39, 39, 0, 0, 38, 33, 43, 33, 43, 38, 0, 0, 45, 45, 0, 0, 29, 29, 0, 0, 6, 6, 0]
67	Solution - 1065	178	773	6	0	19	[0, 4, 3, 46, 4, 3, 5, 46, 5, 0, 0, 11, 7, 47, 9, 7, 9, 47, 11, 0, 0, 8, 21, 26, 8, 26, 21, 0, 0, 48, 37, 30, 30, 37, 48, 0, 0, 12, 12, 49, 17, 15, 15, 17, 49, 0, 0, 32, 20, 42, 20, 31, 42, 32, 31, 0, 0, 19, 22, 19, 22, 36, 40, 40, 36, 0, 0, 10, 10, 23, 2, 23, 2, 0, 0, 18, 18, 0, 0, 35, 35, 0, 0, 50, 50, 0, 0, 13, 13, 16, 34, 24, 34, 16, 24, 0, 0, 1, 1, 27, 44, 44, 27, 0, 0, 41, 41, 28, 14, 28, 14, 0, 0, 25, 25, 39, 39, 0, 0, 38, 33, 43, 33, 43, 38, 0, 0, 45, 45, 0, 0, 29, 29, 0, 0, 6, 6, 0]
68	Solution - 1065	178	773	6	0	19	[0, 4, 3, 46, 4, 3, 5, 46, 5, 0, 0, 11, 7, 47, 9, 7, 9, 47, 11, 0, 0, 8, 21, 26, 8, 26, 21, 0, 0, 48, 37, 30, 30, 37, 48, 0, 0, 12, 12, 49, 17, 15, 15, 17, 49, 0, 0, 32, 20, 42, 20, 31, 42, 32, 31, 0, 0, 19, 22, 19, 22, 36, 40, 40, 36, 0, 0, 10, 10, 23, 2, 23, 2, 0, 0, 18, 18, 0, 0, 35, 35, 0, 0, 50, 50, 0, 0, 13, 13, 16, 34, 24, 34, 16, 24, 0, 0, 1, 1, 27, 44, 44, 27, 0, 0, 41, 41, 28, 14, 28, 14, 0, 0, 25, 25, 39, 39, 0, 0, 38, 33, 43, 33, 43, 38, 0, 0, 45, 45, 0, 0, 29, 29, 0, 0, 6, 6, 0]
69	Solution - 1065	178	773	6	0	19	[0, 4, 3, 46, 4, 3, 5, 46, 5, 0, 0, 11, 7, 47, 9, 7, 9, 47, 11, 0, 0, 8, 21, 26, 8, 26, 21, 0, 0, 48, 37, 30, 30, 37, 48, 0, 0, 12, 12, 49, 17, 15, 15, 17, 49, 0, 0, 32, 20, 42, 20, 31, 42, 32, 31, 0, 0, 19, 22, 19, 22, 36, 40, 40, 36, 0, 0, 10, 10, 23, 2, 23, 2, 0, 0, 18, 18, 0, 0, 35, 35, 0, 0, 50, 50, 0, 0, 13, 13, 16, 34, 24, 34, 16, 24, 0, 0, 1, 1, 27, 44, 44, 27, 0, 0, 41, 41, 28, 14, 28, 14, 0, 0, 25, 25, 39, 39, 0, 0, 38, 33, 43, 33, 43, 38, 0, 0, 45, 45, 0, 0, 29, 29, 0, 0, 6, 6, 0]
70	Solution - 1044	175	761	6	0	18	[0, 4, 3, 46, 4, 3, 5, 46, 5, 0, 0, 11, 7, 47, 9, 7, 9, 47, 11, 0, 0, 8, 21, 26, 8, 26, 21, 0, 0, 48, 37, 30, 30, 37, 48, 0, 0, 12, 12, 49, 17, 15, 15, 17, 49, 0, 0, 32, 20, 42, 20, 31, 42, 32, 31, 0, 0, 19, 22, 19, 22, 36, 40, 40, 36, 0, 0, 10, 10, 23, 2, 23, 2, 0, 0, 18, 18, 0, 0, 35, 35, 0, 0, 50, 50, 0, 0, 13, 13, 16, 34, 24, 34, 16, 24, 0, 0, 1, 1, 27, 44, 44, 27, 0, 0, 41, 41, 28, 14, 28, 14, 0, 0, 25, 25, 39, 39, 0, 0, 38, 33, 43, 33, 43, 38, 0, 0, 45, 45, 0, 0, 29, 29, 6, 6, 0]
71	Solution - 752	140	612	0	1	12	[0, 3, 4, 46, 3, 4, 5, 46, 6, 5, 6, 0, 0, 21, 14, 28, 33, 33, 28, 47, 14, 11, 21, 11, 47, 0, 0, 48, 38, 26, 38, 48, 7, 26, 9, 7, 9, 0, 0, 15, 10, 49, 10, 29, 44, 29, 17, 44, 15, 17, 49, 0, 0, 20, 31, 20, 19, 42, 32, 42, 35, 35, 32, 31, 19, 0, 0, 50, 45, 16, 25, 50, 39, 16, 25, 45, 39, 0, 0, 23, 23, 2, 1, 2, 1, 0, 0, 12, 12, 0, 0, 27, 27, 13, 22, 34, 13, 22, 34, 0, 0, 18, 18, 0, 0, 40, 36, 24, 24, 40, 41, 36, 41, 0, 0, 30, 8, 43, 43, 37, 37, 30, 8, 0]
72	Solution - 752	140	612	0	1	12	[0, 3, 4, 46, 3, 4, 5, 46, 6, 5, 6, 0, 0, 21, 14, 28, 33, 33, 28, 47, 14, 11, 21, 11, 47, 0, 0, 48, 38, 26, 38, 48, 7, 26, 9, 7, 9, 0, 0, 15, 10, 49, 10, 29, 44, 29, 17, 44, 15, 17, 49, 0, 0, 20, 31, 20, 19, 42, 32, 42, 35, 35, 32, 31, 19, 0, 0, 50, 45, 16, 25, 50, 39, 16, 25, 45, 39, 0, 0, 23, 23, 2, 1, 2, 1, 0, 0, 12, 12, 0, 0, 27, 27, 13, 22, 34, 13, 22, 34, 0, 0, 18, 18, 0, 0, 40, 36, 24, 24, 40, 41, 36, 41, 0, 0, 30, 8, 43, 43, 37, 37, 30, 8, 0]
73	Solution - 752	140	612	0	1	12	[0, 3, 4, 46, 3, 4, 5, 46, 6, 5, 6, 0, 0, 21, 14, 28, 33, 33, 28, 47, 14, 11, 21, 11, 47, 0, 0, 48, 38, 26, 38, 48, 7, 26, 9, 7, 9, 0, 0, 15, 10, 49, 10, 29, 44, 29, 17, 44, 15, 17, 49, 0, 0, 20, 31, 20, 19, 42, 32, 42, 35, 35, 32, 31, 19, 0, 0, 50, 45, 16, 25, 50, 39, 16, 25, 45, 39, 0, 0, 23, 23, 2, 1, 2, 1, 0, 0, 12, 12, 0, 0, 27, 27, 13, 22, 34, 13, 22, 34, 0, 0, 18, 18, 0, 0, 40, 36, 24, 24, 40, 41, 36, 41, 0, 0, 30, 8, 43, 43, 37, 37, 30, 8, 0]
74	Solution - 752	140	612	0	1	12	[0, 3, 4, 46, 3, 4, 5, 46, 6, 5, 6, 0, 0, 21, 14, 28, 33, 33, 28, 47, 14, 11, 21, 11, 47, 0, 0, 48, 38, 26, 38, 48, 7, 26, 9, 7, 9, 0, 0, 15, 10, 49, 10, 29, 44, 29, 17, 44, 15, 17, 49, 0, 0, 20, 31, 20, 19, 42, 32, 42, 35, 35, 32, 31, 19, 0, 0, 50, 45, 16, 25, 50, 39, 16, 25, 45, 39, 0, 0, 23, 23, 2, 1, 2, 1, 0, 0, 12, 12, 0, 0, 27, 27, 13, 22, 34, 13, 22, 34, 0, 0, 18, 18, 0, 0, 40, 36, 24, 24, 40, 41, 36, 41, 0, 0, 30, 8, 43, 43, 37, 37, 30, 8, 0]
75	Solution - 752	140	612	0	1	12	[0, 3, 4, 46, 3, 4, 5, 46, 6, 5, 6, 0, 0, 21, 14, 28, 33, 33, 28, 47, 14, 11, 21, 11, 47, 0, 0, 48, 38, 26, 38, 48, 7, 26, 9, 7, 9, 0, 0, 15, 10, 49, 10, 29, 44, 29, 17, 44, 15, 17, 49, 0, 0, 20, 31, 20, 19, 42, 32, 42, 35, 35, 32, 31, 19, 0, 0, 50, 45, 16, 25, 50, 39, 16, 25, 45, 39, 0, 0, 23, 23, 2, 1, 2, 1, 0, 0, 12, 12, 0, 0, 27, 27, 13, 22, 34, 13, 22, 34, 0, 0, 18, 18, 0, 0, 40, 36, 24, 24, 40, 41, 36, 41, 0, 0, 30, 8, 43, 43, 37, 37, 30, 8, 0]
76	Solution - 752	140	612	0	1	12	[0, 3, 4, 46, 3, 4, 5, 46, 6, 5, 6, 0, 0, 21, 14, 28, 33, 33, 28, 47, 14, 11, 21, 11, 47, 0, 0, 48, 38, 26, 38, 48, 7, 26, 9, 7, 9, 0, 0, 15, 10, 49, 10, 29, 44, 29, 17, 44, 15, 17, 49, 0, 0, 20, 31, 20, 19, 42, 32, 42, 35, 35, 32, 31, 19, 0, 0, 50, 45, 16, 25, 50, 39, 16, 25, 45, 39, 0, 0, 23, 23, 2, 1, 2, 1, 0, 0, 12, 12, 0, 0, 27, 27, 13, 22, 34, 13, 22, 34, 0, 0, 18, 18, 0, 0, 40, 36, 24, 24, 40, 41, 36, 41, 0, 0, 30, 8, 43, 43, 37, 37, 30, 8, 0]
77	Solution - 752	140	612	0	1	12	[0, 3, 4, 46, 3, 4, 5, 46, 6, 5, 6, 0, 0, 21, 14, 28, 33, 33, 28, 47, 14, 11, 21, 11, 47, 0, 0, 48, 38, 26, 38, 48, 7, 26, 9, 7, 9, 0, 0, 15, 10, 49, 10, 29, 44, 29, 17, 44, 15, 17, 49, 0, 0, 20, 31, 20, 19, 42, 32, 42, 35, 35, 32, 31, 19, 0, 0, 50, 45, 16, 25, 50, 39, 16, 25, 45, 39, 0, 0, 23, 23, 2, 1, 2, 1, 0, 0, 12, 12, 0, 0, 27, 27, 13, 22, 34, 13, 22, 34, 0, 0, 18, 18, 0, 0, 40, 36, 24, 24, 40, 41, 36, 41, 0, 0, 30, 8, 43, 43, 37, 37, 30, 8, 0]
78	Solution - 752	140	612	0	1	12	[0, 3, 4, 46, 3, 4, 5, 46, 6, 5, 6, 0, 0, 21, 14, 28, 33, 33, 28, 47, 14, 11, 21, 11, 47, 0, 0, 48, 38, 26, 38, 48, 7, 26, 9, 7, 9, 0, 0, 15, 10, 49, 10, 29, 44, 29, 17, 44, 15, 17, 49, 0, 0, 20, 31, 20, 19, 42, 32, 42, 35, 35, 32, 31, 19, 0, 0, 50, 45, 16, 25, 50, 39, 16, 25, 45, 39, 0, 0, 23, 23, 2, 1, 2, 1, 0, 0, 12, 12, 0, 0, 27, 27, 13, 22, 34, 13, 22, 34, 0, 0, 18, 18, 0, 0, 40, 36, 24, 24, 40, 41, 36, 41, 0, 0, 30, 8, 43, 43, 37, 37, 30, 8, 0]
79	Solution - 752	140	612	0	1	12	[0, 3, 4, 46, 3, 4, 5, 46, 6, 5, 6, 0, 0, 21, 14, 28, 33, 33, 28, 47, 14, 11, 21, 11, 47, 0, 0, 48, 38, 26, 38, 48, 7, 26, 9, 7, 9, 0, 0, 15, 10, 49, 10, 29, 44, 29, 17, 44, 15, 17, 49, 0, 0, 20, 31, 20, 19, 42, 32, 42, 35, 35, 32, 31, 19, 0, 0, 50, 45, 16, 25, 50, 39, 16, 25, 45, 39, 0, 0, 23, 23, 2, 1, 2, 1, 0, 0, 12, 12, 0, 0, 27, 27, 13, 22, 34, 13, 22, 34, 0, 0, 18, 18, 0, 0, 40, 36, 24, 24, 40, 41, 36, 41, 0, 0, 30, 8, 43, 43, 37, 37, 30, 8, 0]
80	Solution - 752	140	612	0	1	12	[0, 3, 4, 46, 3, 4, 5, 46, 6, 5, 6, 0, 0, 21, 14, 28, 33, 33, 28, 47, 14, 11, 21, 11, 47, 0, 0, 48, 38, 26, 38, 48, 7, 26, 9, 7, 9, 0, 0, 15, 10, 49, 10, 29, 44, 29, 17, 44, 15, 17, 49, 0, 0, 20, 31, 20, 19, 42, 32, 42, 35, 35, 32, 31, 19, 0, 0, 50, 45, 16, 25, 50, 39, 16, 25, 45, 39, 0, 0, 23, 23, 2, 1, 2, 1, 0, 0, 12, 12, 0, 0, 27, 27, 13, 22, 34, 13, 22, 34, 0, 0, 18, 18, 0, 0, 40, 36, 24, 24, 40, 41, 36, 41, 0, 0, 30, 8, 43, 43, 37, 37, 30, 8, 0]
81	Solution - 752	140	612	0	1	12	[0, 3, 4, 46, 3, 4, 5, 46, 6, 5, 6, 0, 0, 21, 14, 28, 33, 33, 28, 47, 14, 11, 21, 11, 47, 0, 0, 48, 38, 26, 38, 48, 7, 26, 9, 7, 9, 0, 0, 15, 10, 49, 10, 29, 44, 29, 17, 44, 15, 17, 49, 0, 0, 20, 31, 20, 19, 42, 32, 42, 35, 35, 32, 31, 19, 0, 0, 50, 45, 16, 25, 50, 39, 16, 25, 45, 39, 0, 0, 23, 23, 2, 1, 2, 1, 0, 0, 12, 12, 0, 0, 27, 27, 13, 22, 34, 13, 22, 34, 0, 0, 18, 18, 0, 0, 40, 36, 24, 24, 40, 41, 36, 41, 0, 0, 30, 8, 43, 43, 37, 37, 30, 8, 0]
82	Solution - 752	140	612	0	1	12	[0, 3, 4, 46, 3, 4, 5, 46, 6, 5, 6, 0, 0, 21, 14, 28, 33, 33, 28, 47, 14, 11, 21, 11, 47, 0, 0, 48, 38, 26, 38, 48, 7, 26, 9, 7, 9, 0, 0, 15, 10, 49, 10, 29, 44, 29, 17, 44, 15, 17, 49, 0, 0, 20, 31, 20, 19, 42, 32, 42, 35, 35, 32, 31, 19, 0, 0, 50, 45, 16, 25, 50, 39, 16, 25, 45, 39, 0, 0, 23, 23, 2, 1, 2, 1, 0, 0, 12, 12, 0, 0, 27, 27, 13, 22, 34, 13, 22, 34, 0, 0, 18, 18, 0, 0, 40, 36, 24, 24, 40, 41, 36, 41, 0, 0, 30, 8, 43, 43, 37, 37, 30, 8, 0]
83	Solution - 752	140	612	0	1	12	[0, 3, 4, 46, 3, 4, 5, 46, 6, 5, 6, 0, 0, 21, 14, 28, 33, 33, 28, 47, 14, 11, 21, 11, 47, 0, 0, 48, 38, 26, 38, 48, 7, 26, 9, 7, 9, 0, 0, 15, 10, 49, 10, 29, 44, 29, 17, 44, 15, 17, 49, 0, 0, 20, 31, 20, 19, 42, 32, 42, 35, 35, 32, 31, 19, 0, 0, 50, 45, 16, 25, 50, 39, 16, 25, 45, 39, 0, 0, 23, 23, 2, 1, 2, 1, 0, 0, 12, 12, 0, 0, 27, 27, 13, 22, 34, 13, 22, 34, 0, 0, 18, 18, 0, 0, 40, 36, 24, 24, 40, 41, 36, 41, 0, 0, 30, 8, 43, 43, 37, 37, 30, 8, 0]
84	Solution - 752	140	612	0	1	12	[0, 3, 4, 46, 3, 4, 5, 46, 6, 5, 6, 0, 0, 21, 14, 28, 33, 33, 28, 47, 14, 11, 21, 11, 47, 0, 0, 48, 38, 26, 38, 48, 7, 26, 9, 7, 9, 0, 0, 15, 10, 49, 10, 29, 44, 29, 17, 44, 15, 17, 49, 0, 0, 20, 31, 20, 19, 42, 32, 42, 35, 35, 32, 31, 19, 0, 0, 50, 45, 16, 25, 50, 39, 16, 25, 45, 39, 0, 0, 23, 23, 2, 1, 2, 1, 0, 0, 12, 12, 0, 0, 27, 27, 13, 22, 34, 13, 22, 34, 0, 0, 18, 18, 0, 0, 40, 36, 24, 24, 40, 41, 36, 41, 0, 0, 30, 8, 43, 43, 37, 37, 30, 8, 0]
85	Solution - 752	140	612	0	1	12	[0, 3, 4, 46, 3, 4, 5, 46, 6, 5, 6, 0, 0, 21, 14, 28, 33, 33, 28, 47, 14, 11, 21, 11, 47, 0, 0, 48, 38, 26, 38, 48, 7, 26, 9, 7, 9, 0, 0, 15, 10, 49, 10, 29, 44, 29, 17, 44, 15, 17, 49, 0, 0, 20, 31, 20, 19, 42, 32, 42, 35, 35, 32, 31, 19, 0, 0, 50, 45, 16, 25, 50, 39, 16, 25, 45, 39, 0, 0, 23, 23, 2, 1, 2, 1, 0, 0, 12, 12, 0, 0, 27, 27, 13, 22, 34, 13, 22, 34, 0, 0, 18, 18, 0, 0, 40, 36, 24, 24, 40, 41, 36, 41, 0, 0, 30, 8, 43, 43, 37, 37, 30, 8, 0]
86	Solution - 752	140	612	0	1	12	[0, 3, 4, 46, 3, 4, 5, 46, 6, 5, 6, 0, 0, 21, 14, 28, 33, 33, 28, 47, 14, 11, 21, 11, 47, 0, 0, 48, 38, 26, 38, 48, 7, 26, 9, 7, 9, 0, 0, 15, 10, 49, 10, 29, 44, 29, 17, 44, 15, 17, 49, 0, 0, 20, 31, 20, 19, 42, 32, 42, 35, 35, 32, 31, 19, 0, 0, 50, 45, 16, 25, 50, 39, 16, 25, 45, 39, 0, 0, 23, 23, 2, 1, 2, 1, 0, 0, 12, 12, 0, 0, 27, 27, 13, 22, 34, 13, 22, 34, 0, 0, 18, 18, 0, 0, 40, 36, 24, 24, 40, 41, 36, 41, 0, 0, 30, 8, 43, 43, 37, 37, 30, 8, 0]
87	Solution - 752	140	612	0	1	12	[0, 3, 4, 46, 3, 4, 5, 46, 6, 5, 6, 0, 0, 21, 14, 28, 33, 33, 28, 47, 14, 11, 21, 11, 47, 0, 0, 48, 38, 26, 38, 48, 7, 26, 9, 7, 9, 0, 0, 15, 10, 49, 10, 29, 44, 29, 17, 44, 15, 17, 49, 0, 0, 20, 31, 20, 19, 42, 32, 42, 35, 35, 32, 31, 19, 0, 0, 50, 45, 16, 25, 50, 39, 16, 25, 45, 39, 0, 0, 23, 23, 2, 1, 2, 1, 0, 0, 12, 12, 0, 0, 27, 27, 13, 22, 34, 13, 22, 34, 0, 0, 18, 18, 0, 0, 40, 36, 24, 24, 40, 41, 36, 41, 0, 0, 30, 8, 43, 43, 37, 37, 30, 8, 0]
88	Solution - 752	140	612	0	1	12	[0, 3, 4, 46, 3, 4, 5, 46, 6, 5, 6, 0, 0, 21, 14, 28, 33, 33, 28, 47, 14, 11, 21, 11, 47, 0, 0, 48, 38, 26, 38, 48, 7, 26, 9, 7, 9, 0, 0, 15, 10, 49, 10, 29, 44, 29, 17, 44, 15, 17, 49, 0, 0, 20, 31, 20, 19, 42, 32, 42, 35, 35, 32, 31, 19, 0, 0, 50, 45, 16, 25, 50, 39, 16, 25, 45, 39, 0, 0, 23, 23, 2, 1, 2, 1, 0, 0, 12, 12, 0, 0, 27, 27, 13, 22, 34, 13, 22, 34, 0, 0, 18, 18, 0, 0, 40, 36, 24, 24, 40, 41, 36, 41, 0, 0, 30, 8, 43, 43, 37, 37, 30, 8, 0]
89	Solution - 752	140	612	0	1	12	[0, 3, 4, 46, 3, 4, 5, 46, 6, 5, 6, 0, 0, 21, 14, 28, 33, 33, 28, 47, 14, 11, 21, 11, 47, 0, 0, 48, 38, 26, 38, 48, 7, 26, 9, 7, 9, 0, 0, 15, 10, 49, 10, 29, 44, 29, 17, 44, 15, 17, 49, 0, 0, 20, 31, 20, 19, 42, 32, 42, 35, 35, 32, 31, 19, 0, 0, 50, 45, 16, 25, 50, 39, 16, 25, 45, 39, 0, 0, 23, 23, 2, 1, 2, 1, 0, 0, 12, 12, 0, 0, 27, 27, 13, 22, 34, 13, 22, 34, 0, 0, 18, 18, 0, 0, 40, 36, 24, 24, 40, 41, 36, 41, 0, 0, 30, 8, 43, 43, 37, 37, 30, 8, 0]
90	Solution - 752	140	612	0	1	12	[0, 3, 4, 46, 3, 4, 5, 46, 6, 5, 6, 0, 0, 21, 14, 28, 33, 33, 28, 47, 14, 11, 21, 11, 47, 0, 0, 48, 38, 26, 38, 48, 7, 26, 9, 7, 9, 0, 0, 15, 10, 49, 10, 29, 44, 29, 17, 44, 15, 17, 49, 0, 0, 20, 31, 20, 19, 42, 32, 42, 35, 35, 32, 31, 19, 0, 0, 50, 45, 16, 25, 50, 39, 16, 25, 45, 39, 0, 0, 23, 23, 2, 1, 2, 1, 0, 0, 12, 12, 0, 0, 27, 27, 13, 22, 34, 13, 22, 34, 0, 0, 18, 18, 0, 0, 40, 36, 24, 24, 40, 41, 36, 41, 0, 0, 30, 8, 43, 43, 37, 37, 30, 8, 0]
91	Solution - 752	140	612	0	1	12	[0, 3, 4, 46, 3, 4, 5, 46, 6, 5, 6, 0, 0, 21, 14, 28, 33, 33, 28, 47, 14, 11, 21, 11, 47, 0, 0, 48, 38, 26, 38, 48, 7, 26, 9, 7, 9, 0, 0, 15, 10, 49, 10, 29, 44, 29, 17, 44, 15, 17, 49, 0, 0, 20, 31, 20, 19, 42, 32, 42, 35, 35, 32, 31, 19, 0, 0, 50, 45, 16, 25, 50, 39, 16, 25, 45, 39, 0, 0, 23, 23, 2, 1, 2, 1, 0, 0, 12, 12, 0, 0, 27, 27, 13, 22, 34, 13, 22, 34, 0, 0, 18, 18, 0, 0, 40, 36, 24, 24, 40, 41, 36, 41, 0, 0, 30, 8, 43, 43, 37, 37, 30, 8, 0]
92	Solution - 752	140	612	0	1	12	[0, 3, 4, 46, 3, 4, 5, 46, 6, 5, 6, 0, 0, 21, 14, 28, 33, 33, 28, 47, 14, 11, 21, 11, 47, 0, 0, 48, 38, 26, 38, 48, 7, 26, 9, 7, 9, 0, 0, 15, 10, 49, 10, 29, 44, 29, 17, 44, 15, 17, 49, 0, 0, 20, 31, 20, 19, 42, 32, 42, 35, 35, 32, 31, 19, 0, 0, 50, 45, 16, 25, 50, 39, 16, 25, 45, 39, 0, 0, 23, 23, 2, 1, 2, 1, 0, 0, 12, 12, 0, 0, 27, 27, 13, 22, 34, 13, 22, 34, 0, 0, 18, 18, 0, 0, 40, 36, 24, 24, 40, 41, 36, 41, 0, 0, 30, 8, 43, 43, 37, 37, 30, 8, 0]
93	Solution - 752	140	612	0	1	12	[0, 3, 4, 46, 3, 4, 5, 46, 6, 5, 6, 0, 0, 21, 14, 28, 33, 33, 28, 47, 14, 11, 21, 11, 47, 0, 0, 48, 38, 26, 38, 48, 7, 26, 9, 7, 9, 0, 0, 15, 10, 49, 10, 29, 44, 29, 17, 44, 15, 17, 49, 0, 0, 20, 31, 20, 19, 42, 32, 42, 35, 35, 32, 31, 19, 0, 0, 50, 45, 16, 25, 50, 39, 16, 25, 45, 39, 0, 0, 23, 23, 2, 1, 2, 1, 0, 0, 12, 12, 0, 0, 27, 27, 13, 22, 34, 13, 22, 34, 0, 0, 18, 18, 0, 0, 40, 36, 24, 24, 40, 41, 36, 41, 0, 0, 30, 8, 43, 43, 37, 37, 30, 8, 0]
94	Solution - 752	140	612	0	1	12	[0, 3, 4, 46, 3, 4, 5, 46, 6, 5, 6, 0, 0, 21, 14, 28, 33, 33, 28, 47, 14, 11, 21, 11, 47, 0, 0, 48, 38, 26, 38, 48, 7, 26, 9, 7, 9, 0, 0, 15, 10, 49, 10, 29, 44, 29, 17, 44, 15, 17, 49, 0, 0, 20, 31, 20, 19, 42, 32, 42, 35, 35, 32, 31, 19, 0, 0, 50, 45, 16, 25, 50, 39, 16, 25, 45, 39, 0, 0, 23, 23, 2, 1, 2, 1, 0, 0, 12, 12, 0, 0, 27, 27, 13, 22, 34, 13, 22, 34, 0, 0, 18, 18, 0, 0, 40, 36, 24, 24, 40, 41, 36, 41, 0, 0, 30, 8, 43, 43, 37, 37, 30, 8, 0]
95	Solution - 752	140	612	0	1	12	[0, 3, 4, 46, 3, 4, 5, 46, 6, 5, 6, 0, 0, 21, 14, 28, 33, 33, 28, 47, 14, 11, 21, 11, 47, 0, 0, 48, 38, 26, 38, 48, 7, 26, 9, 7, 9, 0, 0, 15, 10, 49, 10, 29, 44, 29, 17, 44, 15, 17, 49, 0, 0, 20, 31, 20, 19, 42, 32, 42, 35, 35, 32, 31, 19, 0, 0, 50, 45, 16, 25, 50, 39, 16, 25, 45, 39, 0, 0, 23, 23, 2, 1, 2, 1, 0, 0, 12, 12, 0, 0, 27, 27, 13, 22, 34, 13, 22, 34, 0, 0, 18, 18, 0, 0, 40, 36, 24, 24, 40, 41, 36, 41, 0, 0, 30, 8, 43, 43, 37, 37, 30, 8, 0]
96	Solution - 752	140	612	0	1	12	[0, 3, 4, 46, 3, 4, 5, 46, 6, 5, 6, 0, 0, 21, 14, 28, 33, 33, 28, 47, 14, 11, 21, 11, 47, 0, 0, 48, 38, 26, 38, 48, 7, 26, 9, 7, 9, 0, 0, 15, 10, 49, 10, 29, 44, 29, 17, 44, 15, 17, 49, 0, 0, 20, 31, 20, 19, 42, 32, 42, 35, 35, 32, 31, 19, 0, 0, 50, 45, 16, 25, 50, 39, 16, 25, 45, 39, 0, 0, 23, 23, 2, 1, 2, 1, 0, 0, 12, 12, 0, 0, 27, 27, 13, 22, 34, 13, 22, 34, 0, 0, 18, 18, 0, 0, 40, 36, 24, 24, 40, 41, 36, 41, 0, 0, 30, 8, 43, 43, 37, 37, 30, 8, 0]
97	Solution - 752	140	612	0	1	12	[0, 3, 4, 46, 3, 4, 5, 46, 6, 5, 6, 0, 0, 21, 14, 28, 33, 33, 28, 47, 14, 11, 21, 11, 47, 0, 0, 48, 38, 26, 38, 48, 7, 26, 9, 7, 9, 0, 0, 15, 10, 49, 10, 29, 44, 29, 17, 44, 15, 17, 49, 0, 0, 20, 31, 20, 19, 42, 32, 42, 35, 35, 32, 31, 19, 0, 0, 50, 45, 16, 25, 50, 39, 16, 25, 45, 39, 0, 0, 23, 23, 2, 1, 2, 1, 0, 0, 12, 12, 0, 0, 27, 27, 13, 22, 34, 13, 22, 34, 0, 0, 18, 18, 0, 0, 40, 36, 24, 24, 40, 41, 36, 41, 0, 0, 30, 8, 43, 43, 37, 37, 30, 8, 0]
98	Solution - 752	140	612	0	1	12	[0, 3, 4, 46, 3, 4, 5, 46, 6, 5, 6, 0, 0, 21, 14, 28, 33, 33, 28, 47, 14, 11, 21, 11, 47, 0, 0, 48, 38, 26, 38, 48, 7, 26, 9, 7, 9, 0, 0, 15, 10, 49, 10, 29, 44, 29, 17, 44, 15, 17, 49, 0, 0, 20, 31, 20, 19, 42, 32, 42, 35, 35, 32, 31, 19, 0, 0, 50, 45, 16, 25, 50, 39, 16, 25, 45, 39, 0, 0, 23, 23, 2, 1, 2, 1, 0, 0, 12, 12, 0, 0, 27, 27, 13, 22, 34, 13, 22, 34, 0, 0, 18, 18, 0, 0, 40, 36, 24, 24, 40, 41, 36, 41, 0, 0, 30, 8, 43, 43, 37, 37, 30, 8, 0]
99	Solution - 752	140	612	0	1	12	[0, 3, 4, 46, 3, 4, 5, 46, 6, 5, 6, 0, 0, 21, 14, 28, 33, 33, 28, 47, 14, 11, 21, 11, 47, 0, 0, 48, 38, 26, 38, 48, 7, 26, 9, 7, 9, 0, 0, 15, 10, 49, 10, 29, 44, 29, 17, 44, 15, 17, 49, 0, 0, 20, 31, 20, 19, 42, 32, 42, 35, 35, 32, 31, 19, 0, 0, 50, 45, 16, 25, 50, 39, 16, 25, 45, 39, 0, 0, 23, 23, 2, 1, 2, 1, 0, 0, 12, 12, 0, 0, 27, 27, 13, 22, 34, 13, 22, 34, 0, 0, 18, 18, 0, 0, 40, 36, 24, 24, 40, 41, 36, 41, 0, 0, 30, 8, 43, 43, 37, 37, 30, 8, 0]
100	Solution - 752	140	612	0	1	12	[0, 3, 4, 46, 3, 4, 5, 46, 6, 5, 6, 0, 0, 21, 14, 28, 33, 33, 28, 47, 14, 11, 21, 11, 47, 0, 0, 48, 38, 26, 38, 48, 7, 26, 9, 7, 9, 0, 0, 15, 10, 49, 10, 29, 44, 29, 17, 44, 15, 17, 49, 0, 0, 20, 31, 20, 19, 42, 32, 42, 35, 35, 32, 31, 19, 0, 0, 50, 45, 16, 25, 50, 39, 16, 25, 45, 39, 0, 0, 23, 23, 2, 1, 2, 1, 0, 0, 12, 12, 0, 0, 27, 27, 13, 22, 34, 13, 22, 34, 0, 0, 18, 18, 0, 0, 40, 36, 24, 24, 40, 41, 36, 41, 0, 0, 30, 8, 43, 43, 37, 37, 30, 8, 0]
101	Solution - 752	140	612	0	1	12	[0, 3, 4, 46, 3, 4, 5, 46, 6, 5, 6, 0, 0, 21, 14, 28, 33, 33, 28, 47, 14, 11, 21, 11, 47, 0, 0, 48, 38, 26, 38, 48, 7, 26, 9, 7, 9, 0, 0, 15, 10, 49, 10, 29, 44, 29, 17, 44, 15, 17, 49, 0, 0, 20, 31, 20, 19, 42, 32, 42, 35, 35, 32, 31, 19, 0, 0, 50, 45, 16, 25, 50, 39, 16, 25, 45, 39, 0, 0, 23, 23, 2, 1, 2, 1, 0, 0, 12, 12, 0, 0, 27, 27, 13, 22, 34, 13, 22, 34, 0, 0, 18, 18, 0, 0, 40, 36, 24, 24, 40, 41, 36, 41, 0, 0, 30, 8, 43, 43, 37, 37, 30, 8, 0]
102	Solution - 752	140	612	0	1	12	[0, 3, 4, 46, 3, 4, 5, 46, 6, 5, 6, 0, 0, 21, 14, 28, 33, 33, 28, 47, 14, 11, 21, 11, 47, 0, 0, 48, 38, 26, 38, 48, 7, 26, 9, 7, 9, 0, 0, 15, 10, 49, 10, 29, 44, 29, 17, 44, 15, 17, 49, 0, 0, 20, 31, 20, 19, 42, 32, 42, 35, 35, 32, 31, 19, 0, 0, 50, 45, 16, 25, 50, 39, 16, 25, 45, 39, 0, 0, 23, 23, 2, 1, 2, 1, 0, 0, 12, 12, 0, 0, 27, 27, 13, 22, 34, 13, 22, 34, 0, 0, 18, 18, 0, 0, 40, 36, 24, 24, 40, 41, 36, 41, 0, 0, 30, 8, 43, 43, 37, 37, 30, 8, 0]
103	Solution - 752	140	612	0	1	12	[0, 3, 4, 46, 3, 4, 5, 46, 6, 5, 6, 0, 0, 21, 14, 28, 33, 33, 28, 47, 14, 11, 21, 11, 47, 0, 0, 48, 38, 26, 38, 48, 7, 26, 9, 7, 9, 0, 0, 15, 10, 49, 10, 29, 44, 29, 17, 44, 15, 17, 49, 0, 0, 20, 31, 20, 19, 42, 32, 42, 35, 35, 32, 31, 19, 0, 0, 50, 45, 16, 25, 50, 39, 16, 25, 45, 39, 0, 0, 23, 23, 2, 1, 2, 1, 0, 0, 12, 12, 0, 0, 27, 27, 13, 22, 34, 13, 22, 34, 0, 0, 18, 18, 0, 0, 40, 36, 24, 24, 40, 41, 36, 41, 0, 0, 30, 8, 43, 43, 37, 37, 30, 8, 0]
104	Solution - 752	140	612	0	1	12	[0, 3, 4, 46, 3, 4, 5, 46, 6, 5, 6, 0, 0, 21, 14, 28, 33, 33, 28, 47, 14, 11, 21, 11, 47, 0, 0, 48, 38, 26, 38, 48, 7, 26, 9, 7, 9, 0, 0, 15, 10, 49, 10, 29, 44, 29, 17, 44, 15, 17, 49, 0, 0, 20, 31, 20, 19, 42, 32, 42, 35, 35, 32, 31, 19, 0, 0, 50, 45, 16, 25, 50, 39, 16, 25, 45, 39, 0, 0, 23, 23, 2, 1, 2, 1, 0, 0, 12, 12, 0, 0, 27, 27, 13, 22, 34, 13, 22, 34, 0, 0, 18, 18, 0, 0, 40, 36, 24, 24, 40, 41, 36, 41, 0, 0, 30, 8, 43, 43, 37, 37, 30, 8, 0]
105	Solution - 752	140	612	0	1	12	[0, 3, 4, 46, 3, 4, 5, 46, 6, 5, 6, 0, 0, 21, 14, 28, 33, 33, 28, 47, 14, 11, 21, 11, 47, 0, 0, 48, 38, 26, 38, 48, 7, 26, 9, 7, 9, 0, 0, 15, 10, 49, 10, 29, 44, 29, 17, 44, 15, 17, 49, 0, 0, 20, 31, 20, 19, 42, 32, 42, 35, 35, 32, 31, 19, 0, 0, 50, 45, 16, 25, 50, 39, 16, 25, 45, 39, 0, 0, 23, 23, 2, 1, 2, 1, 0, 0, 12, 12, 0, 0, 27, 27, 13, 22, 34, 13, 22, 34, 0, 0, 18, 18, 0, 0, 40, 36, 24, 24, 40, 41, 36, 41, 0, 0, 30, 8, 43, 43, 37, 37, 30, 8, 0]
106	Solution - 752	140	612	0	1	12	[0, 3, 4, 46, 3, 4, 5, 46, 6, 5, 6, 0, 0, 21, 14, 28, 33, 33, 28, 47, 14, 11, 21, 11, 47, 0, 0, 48, 38, 26, 38, 48, 7, 26, 9, 7, 9, 0, 0, 15, 10, 49, 10, 29, 44, 29, 17, 44, 15, 17, 49, 0, 0, 20, 31, 20, 19, 42, 32, 42, 35, 35, 32, 31, 19, 0, 0, 50, 45, 16, 25, 50, 39, 16, 25, 45, 39, 0, 0, 23, 23, 2, 1, 2, 1, 0, 0, 12, 12, 0, 0, 27, 27, 13, 22, 34, 13, 22, 34, 0, 0, 18, 18, 0, 0, 40, 36, 24, 24, 40, 41, 36, 41, 0, 0, 30, 8, 43, 43, 37, 37, 30, 8, 0]
107	Solution - 752	140	612	0	1	12	[0, 3, 4, 46, 3, 4, 5, 46, 6, 5, 6, 0, 0, 21, 14, 28, 33, 33, 28, 47, 14, 11, 21, 11, 47, 0, 0, 48, 38, 26, 38, 48, 7, 26, 9, 7, 9, 0, 0, 15, 10, 49, 10, 29, 44, 29, 17, 44, 15, 17, 49, 0, 0, 20, 31, 20, 19, 42, 32, 42, 35, 35, 32, 31, 19, 0, 0, 50, 45, 16, 25, 50, 39, 16, 25, 45, 39, 0, 0, 23, 23, 2, 1, 2, 1, 0, 0, 12, 12, 0, 0, 27, 27, 13, 22, 34, 13, 22, 34, 0, 0, 18, 18, 0, 0, 40, 36, 24, 24, 40, 41, 36, 41, 0, 0, 30, 8, 43, 43, 37, 37, 30, 8, 0]
108	Solution - 752	140	612	0	1	12	[0, 3, 4, 46, 3, 4, 5, 46, 6, 5, 6, 0, 0, 21, 14, 28, 33, 33, 28, 47, 14, 11, 21, 11, 47, 0, 0, 48, 38, 26, 38, 48, 7, 26, 9, 7, 9, 0, 0, 15, 10, 49, 10, 29, 44, 29, 17, 44, 15, 17, 49, 0, 0, 20, 31, 20, 19, 42, 32, 42, 35, 35, 32, 31, 19, 0, 0, 50, 45, 16, 25, 50, 39, 16, 25, 45, 39, 0, 0, 23, 23, 2, 1, 2, 1, 0, 0, 12, 12, 0, 0, 27, 27, 13, 22, 34, 13, 22, 34, 0, 0, 18, 18, 0, 0, 40, 36, 24, 24, 40, 41, 36, 41, 0, 0, 30, 8, 43, 43, 37, 37, 30, 8, 0]
109	Solution - 752	140	612	0	1	12	[0, 3, 4, 46, 3, 4, 5, 46, 6, 5, 6, 0, 0, 21, 14, 28, 33, 33, 28, 47, 14, 11, 21, 11, 47, 0, 0, 48, 38, 26, 38, 48, 7, 26, 9, 7, 9, 0, 0, 15, 10, 49, 10, 29, 44, 29, 17, 44, 15, 17, 49, 0, 0, 20, 31, 20, 19, 42, 32, 42, 35, 35, 32, 31, 19, 0, 0, 50, 45, 16, 25, 50, 39, 16, 25, 45, 39, 0, 0, 23, 23, 2, 1, 2, 1, 0, 0, 12, 12, 0, 0, 27, 27, 13, 22, 34, 13, 22, 34, 0, 0, 18, 18, 0, 0, 40, 36, 24, 24, 40, 41, 36, 41, 0, 0, 30, 8, 43, 43, 37, 37, 30, 8, 0]
110	Solution - 752	140	612	0	1	12	[0, 3, 4, 46, 3, 4, 5, 46, 6, 5, 6, 0, 0, 21, 14, 28, 33, 33, 28, 47, 14, 11, 21, 11, 47, 0, 0, 48, 38, 26, 38, 48, 7, 26, 9, 7, 9, 0, 0, 15, 10, 49, 10, 29, 44, 29, 17, 44, 15, 17, 49, 0, 0, 20, 31, 20, 19, 42, 32, 42, 35, 35, 32, 31, 19, 0, 0, 50, 45, 16, 25, 50, 39, 16, 25, 45, 39, 0, 0, 23, 23, 2, 1, 2, 1, 0, 0, 12, 12, 0, 0, 27, 27, 13, 22, 34, 13, 22, 34, 0, 0, 18, 18, 0, 0, 40, 36, 24, 24, 40, 41, 36, 41, 0, 0, 30, 8, 43, 43, 37, 37, 30, 8, 0]
111	Solution - 752	140	612	0	1	12	[0, 3, 4, 46, 3, 4, 5, 46, 6, 5, 6, 0, 0, 21, 14, 28, 33, 33, 28, 47, 14, 11, 21, 11, 47, 0, 0, 48, 38, 26, 38, 48, 7, 26, 9, 7, 9, 0, 0, 15, 10, 49, 10, 29, 44, 29, 17, 44, 15, 17, 49, 0, 0, 20, 31, 20, 19, 42, 32, 42, 35, 35, 32, 31, 19, 0, 0, 50, 45, 16, 25, 50, 39, 16, 25, 45, 39, 0, 0, 23, 23, 2, 1, 2, 1, 0, 0, 12, 12, 0, 0, 27, 27, 13, 22, 34, 13, 22, 34, 0, 0, 18, 18, 0, 0, 40, 36, 24, 24, 40, 41, 36, 41, 0, 0, 30, 8, 43, 43, 37, 37, 30, 8, 0]
112	Solution - 752	140	612	0	1	12	[0, 3, 4, 46, 3, 4, 5, 46, 6, 5, 6, 0, 0, 21, 14, 28, 33, 33, 28, 47, 14, 11, 21, 11, 47, 0, 0, 48, 38, 26, 38, 48, 7, 26, 9, 7, 9, 0, 0, 15, 10, 49, 10, 29, 44, 29, 17, 44, 15, 17, 49, 0, 0, 20, 31, 20, 19, 42, 32, 42, 35, 35, 32, 31, 19, 0, 0, 50, 45, 16, 25, 50, 39, 16, 25, 45, 39, 0, 0, 23, 23, 2, 1, 2, 1, 0, 0, 12, 12, 0, 0, 27, 27, 13, 22, 34, 13, 22, 34, 0, 0, 18, 18, 0, 0, 40, 36, 24, 24, 40, 41, 36, 41, 0, 0, 30, 8, 43, 43, 37, 37, 30, 8, 0]
113	Solution - 752	140	612	0	1	12	[0, 3, 4, 46, 3, 4, 5, 46, 6, 5, 6, 0, 0, 21, 14, 28, 33, 33, 28, 47, 14, 11, 21, 11, 47, 0, 0, 48, 38, 26, 38, 48, 7, 26, 9, 7, 9, 0, 0, 15, 10, 49, 10, 29, 44, 29, 17, 44, 15, 17, 49, 0, 0, 20, 31, 20, 19, 42, 32, 42, 35, 35, 32, 31, 19, 0, 0, 50, 45, 16, 25, 50, 39, 16, 25, 45, 39, 0, 0, 23, 23, 2, 1, 2, 1, 0, 0, 12, 12, 0, 0, 27, 27, 13, 22, 34, 13, 22, 34, 0, 0, 18, 18, 0, 0, 40, 36, 24, 24, 40, 41, 36, 41, 0, 0, 30, 8, 43, 43, 37, 37, 30, 8, 0]
114	Solution - 752	140	612	0	1	12	[0, 3, 4, 46, 3, 4, 5, 46, 6, 5, 6, 0, 0, 21, 14, 28, 33, 33, 28, 47, 14, 11, 21, 11, 47, 0, 0, 48, 38, 26, 38, 48, 7, 26, 9, 7, 9, 0, 0, 15, 10, 49, 10, 29, 44, 29, 17, 44, 15, 17, 49, 0, 0, 20, 31, 20, 19, 42, 32, 42, 35, 35, 32, 31, 19, 0, 0, 50, 45, 16, 25, 50, 39, 16, 25, 45, 39, 0, 0, 23, 23, 2, 1, 2, 1, 0, 0, 12, 12, 0, 0, 27, 27, 13, 22, 34, 13, 22, 34, 0, 0, 18, 18, 0, 0, 40, 36, 24, 24, 40, 41, 36, 41, 0, 0, 30, 8, 43, 43, 37, 37, 30, 8, 0]
115	Solution - 752	140	612	0	1	12	[0, 3, 4, 46, 3, 4, 5, 46, 6, 5, 6, 0, 0, 21, 14, 28, 33, 33, 28, 47, 14, 11, 21, 11, 47, 0, 0, 48, 38, 26, 38, 48, 7, 26, 9, 7, 9, 0, 0, 15, 10, 49, 10, 29, 44, 29, 17, 44, 15, 17, 49, 0, 0, 20, 31, 20, 19, 42, 32, 42, 35, 35, 32, 31, 19, 0, 0, 50, 45, 16, 25, 50, 39, 16, 25, 45, 39, 0, 0, 23, 23, 2, 1, 2, 1, 0, 0, 12, 12, 0, 0, 27, 27, 13, 22, 34, 13, 22, 34, 0, 0, 18, 18, 0, 0, 40, 36, 24, 24, 40, 41, 36, 41, 0, 0, 30, 8, 43, 43, 37, 37, 30, 8, 0]
116	Solution - 752	140	612	0	1	12	[0, 3, 4, 46, 3, 4, 5, 46, 6, 5, 6, 0, 0, 21, 14, 28, 33, 33, 28, 47, 14, 11, 21, 11, 47, 0, 0, 48, 38, 26, 38, 48, 7, 26, 9, 7, 9, 0, 0, 15, 10, 49, 10, 29, 44, 29, 17, 44, 15, 17, 49, 0, 0, 20, 31, 20, 19, 42, 32, 42, 35, 35, 32, 31, 19, 0, 0, 50, 45, 16, 25, 50, 39, 16, 25, 45, 39, 0, 0, 23, 23, 2, 1, 2, 1, 0, 0, 12, 12, 0, 0, 27, 27, 13, 22, 34, 13, 22, 34, 0, 0, 18, 18, 0, 0, 40, 36, 24, 24, 40, 41, 36, 41, 0, 0, 30, 8, 43, 43, 37, 37, 30, 8, 0]
117	Solution - 752	140	612	0	1	12	[0, 3, 4, 46, 3, 4, 5, 46, 6, 5, 6, 0, 0, 21, 14, 28, 33, 33, 28, 47, 14, 11, 21, 11, 47, 0, 0, 48, 38, 26, 38, 48, 7, 26, 9, 7, 9, 0, 0, 15, 10, 49, 10, 29, 44, 29, 17, 44, 15, 17, 49, 0, 0, 20, 31, 20, 19, 42, 32, 42, 35, 35, 32, 31, 19, 0, 0, 50, 45, 16, 25, 50, 39, 16, 25, 45, 39, 0, 0, 23, 23, 2, 1, 2, 1, 0, 0, 12, 12, 0, 0, 27, 27, 13, 22, 34, 13, 22, 34, 0, 0, 18, 18, 0, 0, 40, 36, 24, 24, 40, 41, 36, 41, 0, 0, 30, 8, 43, 43, 37, 37, 30, 8, 0]
118	Solution - 752	140	612	0	1	12	[0, 3, 4, 46, 3, 4, 5, 46, 6, 5, 6, 0, 0, 21, 14, 28, 33, 33, 28, 47, 14, 11, 21, 11, 47, 0, 0, 48, 38, 26, 38, 48, 7, 26, 9, 7, 9, 0, 0, 15, 10, 49, 10, 29, 44, 29, 17, 44, 15, 17, 49, 0, 0, 20, 31, 20, 19, 42, 32, 42, 35, 35, 32, 31, 19, 0, 0, 50, 45, 16, 25, 50, 39, 16, 25, 45, 39, 0, 0, 23, 23, 2, 1, 2, 1, 0, 0, 12, 12, 0, 0, 27, 27, 13, 22, 34, 13, 22, 34, 0, 0, 18, 18, 0, 0, 40, 36, 24, 24, 40, 41, 36, 41, 0, 0, 30, 8, 43, 43, 37, 37, 30, 8, 0]
119	Solution - 752	140	612	0	1	12	[0, 3, 4, 46, 3, 4, 5, 46, 6, 5, 6, 0, 0, 21, 14, 28, 33, 33, 28, 47, 14, 11, 21, 11, 47, 0, 0, 48, 38, 26, 38, 48, 7, 26, 9, 7, 9, 0, 0, 15, 10, 49, 10, 29, 44, 29, 17, 44, 15, 17, 49, 0, 0, 20, 31, 20, 19, 42, 32, 42, 35, 35, 32, 31, 19, 0, 0, 50, 45, 16, 25, 50, 39, 16, 25, 45, 39, 0, 0, 23, 23, 2, 1, 2, 1, 0, 0, 12, 12, 0, 0, 27, 27, 13, 22, 34, 13, 22, 34, 0, 0, 18, 18, 0, 0, 40, 36, 24, 24, 40, 41, 36, 41, 0, 0, 30, 8, 43, 43, 37, 37, 30, 8, 0]
120	Solution - 180	32	142	2	0	3	[0, 4, 3, 46, 4, 3, 5, 46, 5, 0, 0, 21, 8, 8, 11, 47, 21, 47, 11, 0, 0, 7, 26, 26, 9, 7, 9, 0]
121	Solution - 180	32	142	2	0	3	[0, 4, 3, 46, 4, 3, 5, 46, 5, 0, 0, 21, 8, 8, 11, 47, 21, 47, 11, 0, 0, 7, 26, 26, 9, 7, 9, 0]
122	Solution - 180	32	142	2	0	3	[0, 4, 3, 46, 4, 3, 5, 46, 5, 0, 0, 21, 8, 8, 11, 47, 21, 47, 11, 0, 0, 7, 26, 26, 9, 7, 9, 0]
123	Solution - 180	32	142	2	0	3	[0, 4, 3, 46, 4, 3, 5, 46, 5, 0, 0, 21, 8, 8, 11, 47, 21, 47, 11, 0, 0, 7, 26, 26, 9, 7, 9, 0]
124	Solution - 180	32	142	2	0	3	[0, 4, 3, 46, 4, 3, 5, 46, 5, 0, 0, 21, 8, 8, 11, 47, 21, 47, 11, 0, 0, 7, 26, 26, 9, 7, 9, 0]
125	Solution - 180	32	142	2	0	3	[0, 4, 3, 46, 4, 3, 5, 46, 5, 0, 0, 21, 8, 8, 11, 47, 21, 47, 11, 0, 0, 7, 26, 26, 9, 7, 9, 0]
126	Solution - 180	32	142	2	0	3	[0, 4, 3, 46, 4, 3, 5, 46, 5, 0, 0, 21, 8, 8, 11, 47, 21, 47, 11, 0, 0, 7, 26, 26, 9, 7, 9, 0]
127	Solution - 180	32	142	2	0	3	[0, 4, 3, 46, 4, 3, 5, 46, 5, 0, 0, 21, 8, 8, 11, 47, 21, 47, 11, 0, 0, 7, 26, 26, 9, 7, 9, 0]
128	Solution - 180	32	142	2	0	3	[0, 4, 3, 46, 4, 3, 5, 46, 5, 0, 0, 21, 8, 8, 11, 47, 21, 47, 11, 0, 0, 7, 26, 26, 9, 7, 9, 0]
129	Solution - 180	32	142	2	0	3	[0, 4, 3, 46, 4, 3, 5, 46, 5, 0, 0, 21, 8, 8, 11, 47, 21, 47, 11, 0, 0, 7, 26, 26, 9, 7, 9, 0]
130	Solution - 180	32	142	2	0	3	[0, 4, 3, 46, 4, 3, 5, 46, 5, 0, 0, 21, 8, 8, 11, 47, 21, 47, 11, 0, 0, 7, 26, 26, 9, 7, 9, 0]
131	Solution - 180	32	142	2	0	3	[0, 4, 3, 46, 4, 3, 5, 46, 5, 0, 0, 21, 8, 8, 11, 47, 21, 47, 11, 0, 0, 7, 26, 26, 9, 7, 9, 0]
132	Solution - 180	32	142	2	0	3	[0, 4, 3, 46, 4, 3, 5, 46, 5, 0, 0, 21, 8, 8, 11, 47, 21, 47, 11, 0, 0, 7, 26, 26, 9, 7, 9, 0]
133	Solution - 180	32	142	2	0	3	[0, 4, 3, 46, 4, 3, 5, 46, 5, 0, 0, 21, 8, 8, 11, 47, 21, 47, 11, 0, 0, 7, 26, 26, 9, 7, 9, 0]
134	Solution - 180	32	142	2	0	3	[0, 4, 3, 46, 4, 3, 5, 46, 5, 0, 0, 21, 8, 8, 11, 47, 21, 47, 11, 0, 0, 7, 26, 26, 9, 7, 9, 0]
135	Solution - 180	32	142	2	0	3	[0, 4, 3, 46, 4, 3, 5, 46, 5, 0, 0, 21, 8, 8, 11, 47, 21, 47, 11, 0, 0, 7, 26, 26, 9, 7, 9, 0]
136	Solution - 180	32	142	2	0	3	[0, 4, 3, 46, 4, 3, 5, 46, 5, 0, 0, 21, 8, 8, 11, 47, 21, 47, 11, 0, 0, 7, 26, 26, 9, 7, 9, 0]
137	Solution - 180	32	142	2	0	3	[0, 4, 3, 46, 4, 3, 5, 46, 5, 0, 0, 21, 8, 8, 11, 47, 21, 47, 11, 0, 0, 7, 26, 26, 9, 7, 9, 0]
138	Solution - 180	32	142	2	0	3	[0, 4, 3, 46, 4, 3, 5, 46, 5, 0, 0, 21, 8, 8, 11, 47, 21, 47, 11, 0, 0, 7, 26, 26, 9, 7, 9, 0]
139	Solution - 180	32	142	2	0	3	[0, 4, 3, 46, 4, 3, 5, 46, 5, 0, 0, 21, 8, 8, 11, 47, 21, 47, 11, 0, 0, 7, 26, 26, 9, 7, 9, 0]
140	Solution - 180	32	142	2	0	3	[0, 4, 3, 46, 4, 3, 5, 46, 5, 0, 0, 21, 8, 8, 11, 47, 21, 47, 11, 0, 0, 7, 26, 26, 9, 7, 9, 0]
141	Solution - 180	32	142	2	0	3	[0, 4, 3, 46, 4, 3, 5, 46, 5, 0, 0, 21, 8, 8, 11, 47, 21, 47, 11, 0, 0, 7, 26, 26, 9, 7, 9, 0]
