1	Individual - 	2586	174	792	108	0	15	[0, 1, 46, 2, 12, 1, 46, 2, 12, 0, 0, 4, 3, 10, 5, 4, 3, 10, 5, 0, 0, 21, 7, 47, 11, 21, 7, 47, 11, 0, 0, 8, 26, 9, 8, 26, 9, 0, 0, 30, 37, 48, 30, 37, 48, 0, 0, 20, 42, 32, 31, 20, 42, 32, 31, 0, 0, 50, 22, 40, 36, 50, 22, 40, 36, 0, 0, 23, 6, 29, 44, 23, 6, 29, 44, 0, 0, 49, 35, 18, 19, 49, 35, 18, 19, 0, 0, 15, 27, 15, 27, 0, 0, 45, 33, 14, 45, 33, 14, 0, 0, 34, 25, 39, 41, 34, 25, 39, 41, 0, 0, 13, 16, 24, 13, 16, 24, 0, 0, 28, 43, 38, 28, 43, 38, 0, 0, 17, 17, 0]
2	Individual - 	2586	174	792	108	0	15	[0, 1, 46, 2, 12, 1, 46, 2, 12, 0, 0, 4, 3, 10, 5, 4, 3, 10, 5, 0, 0, 21, 7, 47, 11, 21, 7, 47, 11, 0, 0, 8, 26, 9, 8, 26, 9, 0, 0, 30, 37, 48, 30, 37, 48, 0, 0, 20, 42, 32, 31, 20, 42, 32, 31, 0, 0, 50, 22, 40, 36, 50, 22, 40, 36, 0, 0, 23, 6, 29, 44, 23, 6, 29, 44, 0, 0, 49, 35, 18, 19, 49, 35, 18, 19, 0, 0, 15, 27, 15, 27, 0, 0, 45, 33, 14, 45, 33, 14, 0, 0, 34, 25, 39, 41, 34, 25, 39, 41, 0, 0, 13, 16, 24, 13, 16, 24, 0, 0, 28, 43, 38, 28, 43, 38, 0, 0, 17, 17, 0]
3	Individual - 	2586	174	792	108	0	15	[0, 1, 46, 2, 12, 1, 46, 2, 12, 0, 0, 4, 3, 10, 5, 4, 3, 10, 5, 0, 0, 21, 7, 47, 11, 21, 7, 47, 11, 0, 0, 8, 26, 9, 8, 26, 9, 0, 0, 30, 37, 48, 30, 37, 48, 0, 0, 20, 42, 32, 31, 20, 42, 32, 31, 0, 0, 50, 22, 40, 36, 50, 22, 40, 36, 0, 0, 23, 6, 29, 44, 23, 6, 29, 44, 0, 0, 49, 35, 18, 19, 49, 35, 18, 19, 0, 0, 15, 27, 15, 27, 0, 0, 45, 33, 14, 45, 33, 14, 0, 0, 34, 25, 39, 41, 34, 25, 39, 41, 0, 0, 13, 16, 24, 13, 16, 24, 0, 0, 28, 43, 38, 28, 43, 38, 0, 0, 17, 17, 0]
4	Individual - 	2586	174	792	108	0	15	[0, 1, 46, 2, 12, 1, 46, 2, 12, 0, 0, 4, 3, 10, 5, 4, 3, 10, 5, 0, 0, 21, 7, 47, 11, 21, 7, 47, 11, 0, 0, 8, 26, 9, 8, 26, 9, 0, 0, 30, 37, 48, 30, 37, 48, 0, 0, 20, 42, 32, 31, 20, 42, 32, 31, 0, 0, 50, 22, 40, 36, 50, 22, 40, 36, 0, 0, 23, 6, 29, 44, 23, 6, 29, 44, 0, 0, 49, 35, 18, 19, 49, 35, 18, 19, 0, 0, 15, 27, 15, 27, 0, 0, 45, 33, 14, 45, 33, 14, 0, 0, 34, 25, 39, 41, 34, 25, 39, 41, 0, 0, 13, 16, 24, 13, 16, 24, 0, 0, 28, 43, 38, 28, 43, 38, 0, 0, 17, 17, 0]
5	Individual - 	2586	174	792	108	0	15	[0, 1, 46, 2, 12, 1, 46, 2, 12, 0, 0, 4, 3, 10, 5, 4, 3, 10, 5, 0, 0, 21, 7, 47, 11, 21, 7, 47, 11, 0, 0, 8, 26, 9, 8, 26, 9, 0, 0, 30, 37, 48, 30, 37, 48, 0, 0, 20, 42, 32, 31, 20, 42, 32, 31, 0, 0, 50, 22, 40, 36, 50, 22, 40, 36, 0, 0, 23, 6, 29, 44, 23, 6, 29, 44, 0, 0, 49, 35, 18, 19, 49, 35, 18, 19, 0, 0, 15, 27, 15, 27, 0, 0, 45, 33, 14, 45, 33, 14, 0, 0, 34, 25, 39, 41, 34, 25, 39, 41, 0, 0, 13, 16, 24, 13, 16, 24, 0, 0, 28, 43, 38, 28, 43, 38, 0, 0, 17, 17, 0]
6	Individual - 	2586	174	792	108	0	15	[0, 1, 46, 2, 12, 1, 46, 2, 12, 0, 0, 4, 3, 10, 5, 4, 3, 10, 5, 0, 0, 21, 7, 47, 11, 21, 7, 47, 11, 0, 0, 8, 26, 9, 8, 26, 9, 0, 0, 30, 37, 48, 30, 37, 48, 0, 0, 20, 42, 32, 31, 20, 42, 32, 31, 0, 0, 50, 22, 40, 36, 50, 22, 40, 36, 0, 0, 23, 6, 29, 44, 23, 6, 29, 44, 0, 0, 49, 35, 18, 19, 49, 35, 18, 19, 0, 0, 15, 27, 15, 27, 0, 0, 45, 33, 14, 45, 33, 14, 0, 0, 34, 25, 39, 41, 34, 25, 39, 41, 0, 0, 13, 16, 24, 13, 16, 24, 0, 0, 28, 43, 38, 28, 43, 38, 0, 0, 17, 17, 0]
7	Individual - 	2586	174	792	108	0	15	[0, 1, 46, 2, 12, 1, 46, 2, 12, 0, 0, 4, 3, 10, 5, 4, 3, 10, 5, 0, 0, 21, 7, 47, 11, 21, 7, 47, 11, 0, 0, 8, 26, 9, 8, 26, 9, 0, 0, 30, 37, 48, 30, 37, 48, 0, 0, 20, 42, 32, 31, 20, 42, 32, 31, 0, 0, 50, 22, 40, 36, 50, 22, 40, 36, 0, 0, 23, 6, 29, 44, 23, 6, 29, 44, 0, 0, 49, 35, 18, 19, 49, 35, 18, 19, 0, 0, 15, 27, 15, 27, 0, 0, 45, 33, 14, 45, 33, 14, 0, 0, 34, 25, 39, 41, 34, 25, 39, 41, 0, 0, 13, 16, 24, 13, 16, 24, 0, 0, 28, 43, 38, 28, 43, 38, 0, 0, 17, 17, 0]
8	Individual - 	2586	174	792	108	0	15	[0, 1, 46, 2, 12, 1, 46, 2, 12, 0, 0, 4, 3, 10, 5, 4, 3, 10, 5, 0, 0, 21, 7, 47, 11, 21, 7, 47, 11, 0, 0, 8, 26, 9, 8, 26, 9, 0, 0, 30, 37, 48, 30, 37, 48, 0, 0, 20, 42, 32, 31, 20, 42, 32, 31, 0, 0, 50, 22, 40, 36, 50, 22, 40, 36, 0, 0, 23, 6, 29, 44, 23, 6, 29, 44, 0, 0, 49, 35, 18, 19, 49, 35, 18, 19, 0, 0, 15, 27, 15, 27, 0, 0, 45, 33, 14, 45, 33, 14, 0, 0, 34, 25, 39, 41, 34, 25, 39, 41, 0, 0, 13, 16, 24, 13, 16, 24, 0, 0, 28, 43, 38, 28, 43, 38, 0, 0, 17, 17, 0]
9	Individual - 	2586	174	792	108	0	15	[0, 1, 46, 2, 12, 1, 46, 2, 12, 0, 0, 4, 3, 10, 5, 4, 3, 10, 5, 0, 0, 21, 7, 47, 11, 21, 7, 47, 11, 0, 0, 8, 26, 9, 8, 26, 9, 0, 0, 30, 37, 48, 30, 37, 48, 0, 0, 20, 42, 32, 31, 20, 42, 32, 31, 0, 0, 50, 22, 40, 36, 50, 22, 40, 36, 0, 0, 23, 6, 29, 44, 23, 6, 29, 44, 0, 0, 49, 35, 18, 19, 49, 35, 18, 19, 0, 0, 15, 27, 15, 27, 0, 0, 45, 33, 14, 45, 33, 14, 0, 0, 34, 25, 39, 41, 34, 25, 39, 41, 0, 0, 13, 16, 24, 13, 16, 24, 0, 0, 28, 43, 38, 28, 43, 38, 0, 0, 17, 17, 0]
10	Individual - 	2586	174	792	108	0	15	[0, 1, 46, 2, 12, 1, 46, 2, 12, 0, 0, 4, 3, 10, 5, 4, 3, 10, 5, 0, 0, 21, 7, 47, 11, 21, 7, 47, 11, 0, 0, 8, 26, 9, 8, 26, 9, 0, 0, 30, 37, 48, 30, 37, 48, 0, 0, 20, 42, 32, 31, 20, 42, 32, 31, 0, 0, 50, 22, 40, 36, 50, 22, 40, 36, 0, 0, 23, 6, 29, 44, 23, 6, 29, 44, 0, 0, 49, 35, 18, 19, 49, 35, 18, 19, 0, 0, 15, 27, 15, 27, 0, 0, 45, 33, 14, 45, 33, 14, 0, 0, 34, 25, 39, 41, 34, 25, 39, 41, 0, 0, 13, 16, 24, 13, 16, 24, 0, 0, 28, 43, 38, 28, 43, 38, 0, 0, 17, 17, 0]
11	Individual - 	2576	175	796	107	1	15	[0, 1, 46, 2, 12, 1, 46, 2, 12, 0, 0, 4, 3, 10, 5, 4, 3, 10, 5, 0, 0, 21, 7, 47, 11, 21, 7, 47, 11, 0, 0, 8, 26, 9, 8, 26, 9, 0, 0, 14, 30, 37, 48, 30, 14, 37, 48, 0, 0, 20, 42, 32, 31, 20, 42, 32, 31, 0, 0, 50, 22, 40, 36, 50, 22, 40, 36, 0, 0, 23, 6, 29, 44, 23, 6, 29, 44, 0, 0, 49, 35, 18, 19, 49, 35, 18, 19, 0, 0, 15, 27, 15, 27, 0, 0, 45, 33, 45, 33, 0, 0, 34, 25, 39, 41, 34, 25, 39, 41, 0, 0, 13, 16, 24, 13, 16, 24, 0, 0, 28, 43, 38, 28, 43, 38, 0, 0, 17, 17, 0]
12	Individual - 	2576	175	796	107	1	15	[0, 1, 46, 2, 12, 1, 46, 2, 12, 0, 0, 4, 3, 10, 5, 4, 3, 10, 5, 0, 0, 21, 7, 47, 11, 21, 7, 47, 11, 0, 0, 8, 26, 9, 8, 26, 9, 0, 0, 14, 30, 37, 48, 30, 14, 37, 48, 0, 0, 20, 42, 32, 31, 20, 42, 32, 31, 0, 0, 50, 22, 40, 36, 50, 22, 40, 36, 0, 0, 23, 6, 29, 44, 23, 6, 29, 44, 0, 0, 49, 35, 18, 19, 49, 35, 18, 19, 0, 0, 15, 27, 15, 27, 0, 0, 45, 33, 45, 33, 0, 0, 34, 25, 39, 41, 34, 25, 39, 41, 0, 0, 13, 16, 24, 13, 16, 24, 0, 0, 28, 43, 38, 28, 43, 38, 0, 0, 17, 17, 0]
13	Individual - 	2576	175	796	107	1	15	[0, 1, 46, 2, 12, 1, 46, 2, 12, 0, 0, 4, 3, 10, 5, 4, 3, 10, 5, 0, 0, 21, 7, 47, 11, 21, 7, 47, 11, 0, 0, 8, 26, 9, 8, 26, 9, 0, 0, 14, 30, 37, 48, 30, 14, 37, 48, 0, 0, 20, 42, 32, 31, 20, 42, 32, 31, 0, 0, 50, 22, 40, 36, 50, 22, 40, 36, 0, 0, 23, 6, 29, 44, 23, 6, 29, 44, 0, 0, 49, 35, 18, 19, 49, 35, 18, 19, 0, 0, 15, 27, 15, 27, 0, 0, 45, 33, 45, 33, 0, 0, 34, 25, 39, 41, 34, 25, 39, 41, 0, 0, 13, 16, 24, 13, 16, 24, 0, 0, 28, 43, 38, 28, 43, 38, 0, 0, 17, 17, 0]
14	Individual - 	2576	175	796	107	1	15	[0, 1, 46, 2, 12, 1, 46, 2, 12, 0, 0, 4, 3, 10, 5, 4, 3, 10, 5, 0, 0, 21, 7, 47, 11, 21, 7, 47, 11, 0, 0, 8, 26, 9, 8, 26, 9, 0, 0, 14, 30, 37, 48, 30, 14, 37, 48, 0, 0, 20, 42, 32, 31, 20, 42, 32, 31, 0, 0, 50, 22, 40, 36, 50, 22, 40, 36, 0, 0, 23, 6, 29, 44, 23, 6, 29, 44, 0, 0, 49, 35, 18, 19, 49, 35, 18, 19, 0, 0, 15, 27, 15, 27, 0, 0, 45, 33, 45, 33, 0, 0, 34, 25, 39, 41, 34, 25, 39, 41, 0, 0, 13, 16, 24, 13, 16, 24, 0, 0, 28, 43, 38, 28, 43, 38, 0, 0, 17, 17, 0]
15	Individual - 	2576	175	796	107	1	15	[0, 1, 46, 2, 12, 1, 46, 2, 12, 0, 0, 4, 3, 10, 5, 4, 3, 10, 5, 0, 0, 21, 7, 47, 11, 21, 7, 47, 11, 0, 0, 8, 26, 9, 8, 26, 9, 0, 0, 14, 30, 37, 48, 30, 14, 37, 48, 0, 0, 20, 42, 32, 31, 20, 42, 32, 31, 0, 0, 50, 22, 40, 36, 50, 22, 40, 36, 0, 0, 23, 6, 29, 44, 23, 6, 29, 44, 0, 0, 49, 35, 18, 19, 49, 35, 18, 19, 0, 0, 15, 27, 15, 27, 0, 0, 45, 33, 45, 33, 0, 0, 34, 25, 39, 41, 34, 25, 39, 41, 0, 0, 13, 16, 24, 13, 16, 24, 0, 0, 28, 43, 38, 28, 43, 38, 0, 0, 17, 17, 0]
16	Individual - 	2576	175	796	107	1	15	[0, 1, 46, 2, 12, 1, 46, 2, 12, 0, 0, 4, 3, 10, 5, 4, 3, 10, 5, 0, 0, 21, 7, 47, 11, 21, 7, 47, 11, 0, 0, 8, 26, 9, 8, 26, 9, 0, 0, 14, 30, 37, 48, 30, 14, 37, 48, 0, 0, 20, 42, 32, 31, 20, 42, 32, 31, 0, 0, 50, 22, 40, 36, 50, 22, 40, 36, 0, 0, 23, 6, 29, 44, 23, 6, 29, 44, 0, 0, 49, 35, 18, 19, 49, 35, 18, 19, 0, 0, 15, 27, 15, 27, 0, 0, 45, 33, 45, 33, 0, 0, 34, 25, 39, 41, 34, 25, 39, 41, 0, 0, 13, 16, 24, 13, 16, 24, 0, 0, 28, 43, 38, 28, 43, 38, 0, 0, 17, 17, 0]
17	Individual - 	2576	175	796	107	1	15	[0, 1, 46, 2, 12, 1, 46, 2, 12, 0, 0, 4, 3, 10, 5, 4, 3, 10, 5, 0, 0, 21, 7, 47, 11, 21, 7, 47, 11, 0, 0, 8, 26, 9, 8, 26, 9, 0, 0, 14, 30, 37, 48, 30, 14, 37, 48, 0, 0, 20, 42, 32, 31, 20, 42, 32, 31, 0, 0, 50, 22, 40, 36, 50, 22, 40, 36, 0, 0, 23, 6, 29, 44, 23, 6, 29, 44, 0, 0, 49, 35, 18, 19, 49, 35, 18, 19, 0, 0, 15, 27, 15, 27, 0, 0, 45, 33, 45, 33, 0, 0, 34, 25, 39, 41, 34, 25, 39, 41, 0, 0, 13, 16, 24, 13, 16, 24, 0, 0, 28, 43, 38, 28, 43, 38, 0, 0, 17, 17, 0]
18	Individual - 	2576	175	796	107	1	15	[0, 1, 46, 2, 12, 1, 46, 2, 12, 0, 0, 4, 3, 10, 5, 4, 3, 10, 5, 0, 0, 21, 7, 47, 11, 21, 7, 47, 11, 0, 0, 8, 26, 9, 8, 26, 9, 0, 0, 14, 30, 37, 48, 30, 14, 37, 48, 0, 0, 20, 42, 32, 31, 20, 42, 32, 31, 0, 0, 50, 22, 40, 36, 50, 22, 40, 36, 0, 0, 23, 6, 29, 44, 23, 6, 29, 44, 0, 0, 49, 35, 18, 19, 49, 35, 18, 19, 0, 0, 15, 27, 15, 27, 0, 0, 45, 33, 45, 33, 0, 0, 34, 25, 39, 41, 34, 25, 39, 41, 0, 0, 13, 16, 24, 13, 16, 24, 0, 0, 28, 43, 38, 28, 43, 38, 0, 0, 17, 17, 0]
19	Individual - 	2576	175	796	107	1	15	[0, 1, 46, 2, 12, 1, 46, 2, 12, 0, 0, 4, 3, 10, 5, 4, 3, 10, 5, 0, 0, 21, 7, 47, 11, 21, 7, 47, 11, 0, 0, 8, 26, 9, 8, 26, 9, 0, 0, 14, 30, 37, 48, 30, 14, 37, 48, 0, 0, 20, 42, 32, 31, 20, 42, 32, 31, 0, 0, 50, 22, 40, 36, 50, 22, 40, 36, 0, 0, 23, 6, 29, 44, 23, 6, 29, 44, 0, 0, 49, 35, 18, 19, 49, 35, 18, 19, 0, 0, 15, 27, 15, 27, 0, 0, 45, 33, 45, 33, 0, 0, 34, 25, 39, 41, 34, 25, 39, 41, 0, 0, 13, 16, 24, 13, 16, 24, 0, 0, 28, 43, 38, 28, 43, 38, 0, 0, 17, 17, 0]
20	Individual - 	2576	175	796	107	1	15	[0, 1, 46, 2, 12, 1, 46, 2, 12, 0, 0, 4, 3, 10, 5, 4, 3, 10, 5, 0, 0, 21, 7, 47, 11, 21, 7, 47, 11, 0, 0, 8, 26, 9, 8, 26, 9, 0, 0, 14, 30, 37, 48, 30, 14, 37, 48, 0, 0, 20, 42, 32, 31, 20, 42, 32, 31, 0, 0, 50, 22, 40, 36, 50, 22, 40, 36, 0, 0, 23, 6, 29, 44, 23, 6, 29, 44, 0, 0, 49, 35, 18, 19, 49, 35, 18, 19, 0, 0, 15, 27, 15, 27, 0, 0, 45, 33, 45, 33, 0, 0, 34, 25, 39, 41, 34, 25, 39, 41, 0, 0, 13, 16, 24, 13, 16, 24, 0, 0, 28, 43, 38, 28, 43, 38, 0, 0, 17, 17, 0]
21	Individual - 	2576	175	796	107	1	15	[0, 1, 46, 2, 12, 1, 46, 2, 12, 0, 0, 4, 3, 10, 5, 4, 3, 10, 5, 0, 0, 21, 7, 47, 11, 21, 7, 47, 11, 0, 0, 8, 26, 9, 8, 26, 9, 0, 0, 14, 30, 37, 48, 30, 14, 37, 48, 0, 0, 20, 42, 32, 31, 20, 42, 32, 31, 0, 0, 50, 22, 40, 36, 50, 22, 40, 36, 0, 0, 23, 6, 29, 44, 23, 6, 29, 44, 0, 0, 49, 35, 18, 19, 49, 35, 18, 19, 0, 0, 15, 27, 15, 27, 0, 0, 45, 33, 45, 33, 0, 0, 34, 25, 39, 41, 34, 25, 39, 41, 0, 0, 13, 16, 24, 13, 16, 24, 0, 0, 28, 43, 38, 28, 43, 38, 0, 0, 17, 17, 0]
22	Individual - 	2576	175	796	107	1	15	[0, 1, 46, 2, 12, 1, 46, 2, 12, 0, 0, 4, 3, 10, 5, 4, 3, 10, 5, 0, 0, 21, 7, 47, 11, 21, 7, 47, 11, 0, 0, 8, 26, 9, 8, 26, 9, 0, 0, 14, 30, 37, 48, 30, 14, 37, 48, 0, 0, 20, 42, 32, 31, 20, 42, 32, 31, 0, 0, 50, 22, 40, 36, 50, 22, 40, 36, 0, 0, 23, 6, 29, 44, 23, 6, 29, 44, 0, 0, 49, 35, 18, 19, 49, 35, 18, 19, 0, 0, 15, 27, 15, 27, 0, 0, 45, 33, 45, 33, 0, 0, 34, 25, 39, 41, 34, 25, 39, 41, 0, 0, 13, 16, 24, 13, 16, 24, 0, 0, 28, 43, 38, 28, 43, 38, 0, 0, 17, 17, 0]
23	Individual - 	2576	175	796	107	1	15	[0, 1, 46, 2, 12, 1, 46, 2, 12, 0, 0, 4, 3, 10, 5, 4, 3, 10, 5, 0, 0, 21, 7, 47, 11, 21, 7, 47, 11, 0, 0, 8, 26, 9, 8, 26, 9, 0, 0, 14, 30, 37, 48, 30, 14, 37, 48, 0, 0, 20, 42, 32, 31, 20, 42, 32, 31, 0, 0, 50, 22, 40, 36, 50, 22, 40, 36, 0, 0, 23, 6, 29, 44, 23, 6, 29, 44, 0, 0, 49, 35, 18, 19, 49, 35, 18, 19, 0, 0, 15, 27, 15, 27, 0, 0, 45, 33, 45, 33, 0, 0, 34, 25, 39, 41, 34, 25, 39, 41, 0, 0, 13, 16, 24, 13, 16, 24, 0, 0, 28, 43, 38, 28, 43, 38, 0, 0, 17, 17, 0]
24	Individual - 	2576	175	796	107	1	15	[0, 1, 46, 2, 12, 1, 46, 2, 12, 0, 0, 4, 3, 10, 5, 4, 3, 10, 5, 0, 0, 21, 7, 47, 11, 21, 7, 47, 11, 0, 0, 8, 26, 9, 8, 26, 9, 0, 0, 14, 30, 37, 48, 30, 14, 37, 48, 0, 0, 20, 42, 32, 31, 20, 42, 32, 31, 0, 0, 50, 22, 40, 36, 50, 22, 40, 36, 0, 0, 23, 6, 29, 44, 23, 6, 29, 44, 0, 0, 49, 35, 18, 19, 49, 35, 18, 19, 0, 0, 15, 27, 15, 27, 0, 0, 45, 33, 45, 33, 0, 0, 34, 25, 39, 41, 34, 25, 39, 41, 0, 0, 13, 16, 24, 13, 16, 24, 0, 0, 28, 43, 38, 28, 43, 38, 0, 0, 17, 17, 0]
25	Individual - 	2530	173	782	105	1	15	[0, 1, 46, 2, 12, 1, 46, 2, 12, 0, 0, 4, 3, 10, 5, 4, 3, 10, 5, 0, 0, 21, 7, 47, 11, 21, 7, 47, 11, 0, 0, 8, 26, 9, 8, 26, 9, 0, 0, 14, 30, 37, 48, 30, 14, 37, 48, 0, 0, 20, 42, 32, 31, 20, 42, 32, 31, 0, 0, 50, 22, 40, 36, 50, 22, 40, 36, 0, 0, 23, 6, 29, 44, 23, 6, 29, 44, 0, 0, 49, 35, 18, 19, 49, 35, 18, 19, 0, 0, 27, 27, 0, 0, 45, 33, 45, 33, 0, 0, 34, 25, 39, 41, 34, 25, 39, 41, 0, 0, 13, 16, 24, 13, 16, 24, 0, 0, 28, 43, 38, 28, 43, 38, 0, 0, 15, 15, 17, 17, 0]
26	Individual - 	2530	173	782	105	1	15	[0, 1, 46, 2, 12, 1, 46, 2, 12, 0, 0, 4, 3, 10, 5, 4, 3, 10, 5, 0, 0, 21, 7, 47, 11, 21, 7, 47, 11, 0, 0, 8, 26, 9, 8, 26, 9, 0, 0, 14, 30, 37, 48, 30, 14, 37, 48, 0, 0, 20, 42, 32, 31, 20, 42, 32, 31, 0, 0, 50, 22, 40, 36, 50, 22, 40, 36, 0, 0, 23, 6, 29, 44, 23, 6, 29, 44, 0, 0, 49, 35, 18, 19, 49, 35, 18, 19, 0, 0, 27, 27, 0, 0, 45, 33, 45, 33, 0, 0, 34, 25, 39, 41, 34, 25, 39, 41, 0, 0, 13, 16, 24, 13, 16, 24, 0, 0, 28, 43, 38, 28, 43, 38, 0, 0, 15, 15, 17, 17, 0]
27	Individual - 	2530	173	782	105	1	15	[0, 1, 46, 2, 12, 1, 46, 2, 12, 0, 0, 4, 3, 10, 5, 4, 3, 10, 5, 0, 0, 21, 7, 47, 11, 21, 7, 47, 11, 0, 0, 8, 26, 9, 8, 26, 9, 0, 0, 14, 30, 37, 48, 30, 14, 37, 48, 0, 0, 20, 42, 32, 31, 20, 42, 32, 31, 0, 0, 50, 22, 40, 36, 50, 22, 40, 36, 0, 0, 23, 6, 29, 44, 23, 6, 29, 44, 0, 0, 49, 35, 18, 19, 49, 35, 18, 19, 0, 0, 27, 27, 0, 0, 45, 33, 45, 33, 0, 0, 34, 25, 39, 41, 34, 25, 39, 41, 0, 0, 13, 16, 24, 13, 16, 24, 0, 0, 28, 43, 38, 28, 43, 38, 0, 0, 15, 15, 17, 17, 0]
28	Individual - 	2530	173	782	105	1	15	[0, 1, 46, 2, 12, 1, 46, 2, 12, 0, 0, 4, 3, 10, 5, 4, 3, 10, 5, 0, 0, 21, 7, 47, 11, 21, 7, 47, 11, 0, 0, 8, 26, 9, 8, 26, 9, 0, 0, 14, 30, 37, 48, 30, 14, 37, 48, 0, 0, 20, 42, 32, 31, 20, 42, 32, 31, 0, 0, 50, 22, 40, 36, 50, 22, 40, 36, 0, 0, 23, 6, 29, 44, 23, 6, 29, 44, 0, 0, 49, 35, 18, 19, 49, 35, 18, 19, 0, 0, 27, 27, 0, 0, 45, 33, 45, 33, 0, 0, 34, 25, 39, 41, 34, 25, 39, 41, 0, 0, 13, 16, 24, 13, 16, 24, 0, 0, 28, 43, 38, 28, 43, 38, 0, 0, 15, 15, 17, 17, 0]
29	Individual - 	2530	173	782	105	1	15	[0, 1, 46, 2, 12, 1, 46, 2, 12, 0, 0, 4, 3, 10, 5, 4, 3, 10, 5, 0, 0, 21, 7, 47, 11, 21, 7, 47, 11, 0, 0, 8, 26, 9, 8, 26, 9, 0, 0, 14, 30, 37, 48, 30, 14, 37, 48, 0, 0, 20, 42, 32, 31, 20, 42, 32, 31, 0, 0, 50, 22, 40, 36, 50, 22, 40, 36, 0, 0, 23, 6, 29, 44, 23, 6, 29, 44, 0, 0, 49, 35, 18, 19, 49, 35, 18, 19, 0, 0, 27, 27, 0, 0, 45, 33, 45, 33, 0, 0, 34, 25, 39, 41, 34, 25, 39, 41, 0, 0, 13, 16, 24, 13, 16, 24, 0, 0, 28, 43, 38, 28, 43, 38, 0, 0, 15, 15, 17, 17, 0]
30	Individual - 	2530	173	782	105	1	15	[0, 1, 46, 2, 12, 1, 46, 2, 12, 0, 0, 4, 3, 10, 5, 4, 3, 10, 5, 0, 0, 21, 7, 47, 11, 21, 7, 47, 11, 0, 0, 8, 26, 9, 8, 26, 9, 0, 0, 14, 30, 37, 48, 30, 14, 37, 48, 0, 0, 20, 42, 32, 31, 20, 42, 32, 31, 0, 0, 50, 22, 40, 36, 50, 22, 40, 36, 0, 0, 23, 6, 29, 44, 23, 6, 29, 44, 0, 0, 49, 35, 18, 19, 49, 35, 18, 19, 0, 0, 27, 27, 0, 0, 45, 33, 45, 33, 0, 0, 34, 25, 39, 41, 34, 25, 39, 41, 0, 0, 13, 16, 24, 13, 16, 24, 0, 0, 28, 43, 38, 28, 43, 38, 0, 0, 15, 15, 17, 17, 0]
31	Individual - 	2530	173	782	105	1	15	[0, 1, 46, 2, 12, 1, 46, 2, 12, 0, 0, 4, 3, 10, 5, 4, 3, 10, 5, 0, 0, 21, 7, 47, 11, 21, 7, 47, 11, 0, 0, 8, 26, 9, 8, 26, 9, 0, 0, 14, 30, 37, 48, 30, 14, 37, 48, 0, 0, 20, 42, 32, 31, 20, 42, 32, 31, 0, 0, 50, 22, 40, 36, 50, 22, 40, 36, 0, 0, 23, 6, 29, 44, 23, 6, 29, 44, 0, 0, 49, 35, 18, 19, 49, 35, 18, 19, 0, 0, 27, 27, 0, 0, 45, 33, 45, 33, 0, 0, 34, 25, 39, 41, 34, 25, 39, 41, 0, 0, 13, 16, 24, 13, 16, 24, 0, 0, 28, 43, 38, 28, 43, 38, 0, 0, 15, 15, 17, 17, 0]
32	Individual - 	2530	173	782	105	1	15	[0, 1, 46, 2, 12, 1, 46, 2, 12, 0, 0, 4, 3, 10, 5, 4, 3, 10, 5, 0, 0, 21, 7, 47, 11, 21, 7, 47, 11, 0, 0, 8, 26, 9, 8, 26, 9, 0, 0, 14, 30, 37, 48, 30, 14, 37, 48, 0, 0, 20, 42, 32, 31, 20, 42, 32, 31, 0, 0, 50, 22, 40, 36, 50, 22, 40, 36, 0, 0, 23, 6, 29, 44, 23, 6, 29, 44, 0, 0, 49, 35, 18, 19, 49, 35, 18, 19, 0, 0, 27, 27, 0, 0, 45, 33, 45, 33, 0, 0, 34, 25, 39, 41, 34, 25, 39, 41, 0, 0, 13, 16, 24, 13, 16, 24, 0, 0, 28, 43, 38, 28, 43, 38, 0, 0, 15, 15, 17, 17, 0]
33	Individual - 	2530	173	782	105	1	15	[0, 1, 46, 2, 12, 1, 46, 2, 12, 0, 0, 4, 3, 10, 5, 4, 3, 10, 5, 0, 0, 21, 7, 47, 11, 21, 7, 47, 11, 0, 0, 8, 26, 9, 8, 26, 9, 0, 0, 14, 30, 37, 48, 30, 14, 37, 48, 0, 0, 20, 42, 32, 31, 20, 42, 32, 31, 0, 0, 50, 22, 40, 36, 50, 22, 40, 36, 0, 0, 23, 6, 29, 44, 23, 6, 29, 44, 0, 0, 49, 35, 18, 19, 49, 35, 18, 19, 0, 0, 27, 27, 0, 0, 45, 33, 45, 33, 0, 0, 34, 25, 39, 41, 34, 25, 39, 41, 0, 0, 13, 16, 24, 13, 16, 24, 0, 0, 28, 43, 38, 28, 43, 38, 0, 0, 15, 15, 17, 17, 0]
34	Individual - 	2530	173	782	105	1	15	[0, 1, 46, 2, 12, 1, 46, 2, 12, 0, 0, 4, 3, 10, 5, 4, 3, 10, 5, 0, 0, 21, 7, 47, 11, 21, 7, 47, 11, 0, 0, 8, 26, 9, 8, 26, 9, 0, 0, 14, 30, 37, 48, 30, 14, 37, 48, 0, 0, 20, 42, 32, 31, 20, 42, 32, 31, 0, 0, 50, 22, 40, 36, 50, 22, 40, 36, 0, 0, 23, 6, 29, 44, 23, 6, 29, 44, 0, 0, 49, 35, 18, 19, 49, 35, 18, 19, 0, 0, 27, 27, 0, 0, 45, 33, 45, 33, 0, 0, 34, 25, 39, 41, 34, 25, 39, 41, 0, 0, 13, 16, 24, 13, 16, 24, 0, 0, 28, 43, 38, 28, 43, 38, 0, 0, 15, 15, 17, 17, 0]
35	Individual - 	2530	173	782	105	1	15	[0, 1, 46, 2, 12, 1, 46, 2, 12, 0, 0, 4, 3, 10, 5, 4, 3, 10, 5, 0, 0, 21, 7, 47, 11, 21, 7, 47, 11, 0, 0, 8, 26, 9, 8, 26, 9, 0, 0, 14, 30, 37, 48, 30, 14, 37, 48, 0, 0, 20, 42, 32, 31, 20, 42, 32, 31, 0, 0, 50, 22, 40, 36, 50, 22, 40, 36, 0, 0, 23, 6, 29, 44, 23, 6, 29, 44, 0, 0, 49, 35, 18, 19, 49, 35, 18, 19, 0, 0, 27, 27, 0, 0, 45, 33, 45, 33, 0, 0, 34, 25, 39, 41, 34, 25, 39, 41, 0, 0, 13, 16, 24, 13, 16, 24, 0, 0, 28, 43, 38, 28, 43, 38, 0, 0, 15, 15, 17, 17, 0]
36	Individual - 	2530	173	782	105	1	15	[0, 1, 46, 2, 12, 1, 46, 2, 12, 0, 0, 4, 3, 10, 5, 4, 3, 10, 5, 0, 0, 21, 7, 47, 11, 21, 7, 47, 11, 0, 0, 8, 26, 9, 8, 26, 9, 0, 0, 14, 30, 37, 48, 30, 14, 37, 48, 0, 0, 20, 42, 32, 31, 20, 42, 32, 31, 0, 0, 50, 22, 40, 36, 50, 22, 40, 36, 0, 0, 23, 6, 29, 44, 23, 6, 29, 44, 0, 0, 49, 35, 18, 19, 49, 35, 18, 19, 0, 0, 27, 27, 0, 0, 45, 33, 45, 33, 0, 0, 34, 25, 39, 41, 34, 25, 39, 41, 0, 0, 13, 16, 24, 13, 16, 24, 0, 0, 28, 43, 38, 28, 43, 38, 0, 0, 15, 15, 17, 17, 0]
37	Individual - 	2530	173	782	105	1	15	[0, 1, 46, 2, 12, 1, 46, 2, 12, 0, 0, 4, 3, 10, 5, 4, 3, 10, 5, 0, 0, 21, 7, 47, 11, 21, 7, 47, 11, 0, 0, 8, 26, 9, 8, 26, 9, 0, 0, 14, 30, 37, 48, 30, 14, 37, 48, 0, 0, 20, 42, 32, 31, 20, 42, 32, 31, 0, 0, 50, 22, 40, 36, 50, 22, 40, 36, 0, 0, 23, 6, 29, 44, 23, 6, 29, 44, 0, 0, 49, 35, 18, 19, 49, 35, 18, 19, 0, 0, 27, 27, 0, 0, 45, 33, 45, 33, 0, 0, 34, 25, 39, 41, 34, 25, 39, 41, 0, 0, 13, 16, 24, 13, 16, 24, 0, 0, 28, 43, 38, 28, 43, 38, 0, 0, 15, 15, 17, 17, 0]
38	Individual - 	2530	173	782	105	1	15	[0, 1, 46, 2, 12, 1, 46, 2, 12, 0, 0, 4, 3, 10, 5, 4, 3, 10, 5, 0, 0, 21, 7, 47, 11, 21, 7, 47, 11, 0, 0, 8, 26, 9, 8, 26, 9, 0, 0, 14, 30, 37, 48, 30, 14, 37, 48, 0, 0, 20, 42, 32, 31, 20, 42, 32, 31, 0, 0, 50, 22, 40, 36, 50, 22, 40, 36, 0, 0, 23, 6, 29, 44, 23, 6, 29, 44, 0, 0, 49, 35, 18, 19, 49, 35, 18, 19, 0, 0, 27, 27, 0, 0, 45, 33, 45, 33, 0, 0, 34, 25, 39, 41, 34, 25, 39, 41, 0, 0, 13, 16, 24, 13, 16, 24, 0, 0, 28, 43, 38, 28, 43, 38, 0, 0, 15, 15, 17, 17, 0]
39	Individual - 	2530	173	782	105	1	15	[0, 1, 46, 2, 12, 1, 46, 2, 12, 0, 0, 4, 3, 10, 5, 4, 3, 10, 5, 0, 0, 21, 7, 47, 11, 21, 7, 47, 11, 0, 0, 8, 26, 9, 8, 26, 9, 0, 0, 14, 30, 37, 48, 30, 14, 37, 48, 0, 0, 20, 42, 32, 31, 20, 42, 32, 31, 0, 0, 50, 22, 40, 36, 50, 22, 40, 36, 0, 0, 23, 6, 29, 44, 23, 6, 29, 44, 0, 0, 49, 35, 18, 19, 49, 35, 18, 19, 0, 0, 27, 27, 0, 0, 45, 33, 45, 33, 0, 0, 34, 25, 39, 41, 34, 25, 39, 41, 0, 0, 13, 16, 24, 13, 16, 24, 0, 0, 28, 43, 38, 28, 43, 38, 0, 0, 15, 15, 17, 17, 0]
40	Individual - 	2530	173	782	105	1	15	[0, 1, 46, 2, 12, 1, 46, 2, 12, 0, 0, 4, 3, 10, 5, 4, 3, 10, 5, 0, 0, 21, 7, 47, 11, 21, 7, 47, 11, 0, 0, 8, 26, 9, 8, 26, 9, 0, 0, 14, 30, 37, 48, 30, 14, 37, 48, 0, 0, 20, 42, 32, 31, 20, 42, 32, 31, 0, 0, 50, 22, 40, 36, 50, 22, 40, 36, 0, 0, 23, 6, 29, 44, 23, 6, 29, 44, 0, 0, 49, 35, 18, 19, 49, 35, 18, 19, 0, 0, 27, 27, 0, 0, 45, 33, 45, 33, 0, 0, 34, 25, 39, 41, 34, 25, 39, 41, 0, 0, 13, 16, 24, 13, 16, 24, 0, 0, 28, 43, 38, 28, 43, 38, 0, 0, 15, 15, 17, 17, 0]
41	Individual - 	2530	173	782	105	1	15	[0, 1, 46, 2, 12, 1, 46, 2, 12, 0, 0, 4, 3, 10, 5, 4, 3, 10, 5, 0, 0, 21, 7, 47, 11, 21, 7, 47, 11, 0, 0, 8, 26, 9, 8, 26, 9, 0, 0, 14, 30, 37, 48, 30, 14, 37, 48, 0, 0, 20, 42, 32, 31, 20, 42, 32, 31, 0, 0, 50, 22, 40, 36, 50, 22, 40, 36, 0, 0, 23, 6, 29, 44, 23, 6, 29, 44, 0, 0, 49, 35, 18, 19, 49, 35, 18, 19, 0, 0, 27, 27, 0, 0, 45, 33, 45, 33, 0, 0, 34, 25, 39, 41, 34, 25, 39, 41, 0, 0, 13, 16, 24, 13, 16, 24, 0, 0, 28, 43, 38, 28, 43, 38, 0, 0, 15, 15, 17, 17, 0]
42	Individual - 	2530	173	782	105	1	15	[0, 1, 46, 2, 12, 1, 46, 2, 12, 0, 0, 4, 3, 10, 5, 4, 3, 10, 5, 0, 0, 21, 7, 47, 11, 21, 7, 47, 11, 0, 0, 8, 26, 9, 8, 26, 9, 0, 0, 14, 30, 37, 48, 30, 14, 37, 48, 0, 0, 20, 42, 32, 31, 20, 42, 32, 31, 0, 0, 50, 22, 40, 36, 50, 22, 40, 36, 0, 0, 23, 6, 29, 44, 23, 6, 29, 44, 0, 0, 49, 35, 18, 19, 49, 35, 18, 19, 0, 0, 27, 27, 0, 0, 45, 33, 45, 33, 0, 0, 34, 25, 39, 41, 34, 25, 39, 41, 0, 0, 13, 16, 24, 13, 16, 24, 0, 0, 28, 43, 38, 28, 43, 38, 0, 0, 15, 15, 17, 17, 0]
43	Individual - 	2530	173	782	105	1	15	[0, 1, 46, 2, 12, 1, 46, 2, 12, 0, 0, 4, 3, 10, 5, 4, 3, 10, 5, 0, 0, 21, 7, 47, 11, 21, 7, 47, 11, 0, 0, 8, 26, 9, 8, 26, 9, 0, 0, 14, 30, 37, 48, 30, 14, 37, 48, 0, 0, 20, 42, 32, 31, 20, 42, 32, 31, 0, 0, 50, 22, 40, 36, 50, 22, 40, 36, 0, 0, 23, 6, 29, 44, 23, 6, 29, 44, 0, 0, 49, 35, 18, 19, 49, 35, 18, 19, 0, 0, 27, 27, 0, 0, 45, 33, 45, 33, 0, 0, 34, 25, 39, 41, 34, 25, 39, 41, 0, 0, 13, 16, 24, 13, 16, 24, 0, 0, 28, 43, 38, 28, 43, 38, 0, 0, 15, 15, 17, 17, 0]
44	Individual - 	2530	173	782	105	1	15	[0, 1, 46, 2, 12, 1, 46, 2, 12, 0, 0, 4, 3, 10, 5, 4, 3, 10, 5, 0, 0, 21, 7, 47, 11, 21, 7, 47, 11, 0, 0, 8, 26, 9, 8, 26, 9, 0, 0, 14, 30, 37, 48, 30, 14, 37, 48, 0, 0, 20, 42, 32, 31, 20, 42, 32, 31, 0, 0, 50, 22, 40, 36, 50, 22, 40, 36, 0, 0, 23, 6, 29, 44, 23, 6, 29, 44, 0, 0, 49, 35, 18, 19, 49, 35, 18, 19, 0, 0, 27, 27, 0, 0, 45, 33, 45, 33, 0, 0, 34, 25, 39, 41, 34, 25, 39, 41, 0, 0, 13, 16, 24, 13, 16, 24, 0, 0, 28, 43, 38, 28, 43, 38, 0, 0, 15, 15, 17, 17, 0]
45	Individual - 	2530	173	782	105	1	15	[0, 1, 46, 2, 12, 1, 46, 2, 12, 0, 0, 4, 3, 10, 5, 4, 3, 10, 5, 0, 0, 21, 7, 47, 11, 21, 7, 47, 11, 0, 0, 8, 26, 9, 8, 26, 9, 0, 0, 14, 30, 37, 48, 30, 14, 37, 48, 0, 0, 20, 42, 32, 31, 20, 42, 32, 31, 0, 0, 50, 22, 40, 36, 50, 22, 40, 36, 0, 0, 23, 6, 29, 44, 23, 6, 29, 44, 0, 0, 49, 35, 18, 19, 49, 35, 18, 19, 0, 0, 27, 27, 0, 0, 45, 33, 45, 33, 0, 0, 34, 25, 39, 41, 34, 25, 39, 41, 0, 0, 13, 16, 24, 13, 16, 24, 0, 0, 28, 43, 38, 28, 43, 38, 0, 0, 15, 15, 17, 17, 0]
46	Individual - 	2530	173	782	105	1	15	[0, 1, 46, 2, 12, 1, 46, 2, 12, 0, 0, 4, 3, 10, 5, 4, 3, 10, 5, 0, 0, 21, 7, 47, 11, 21, 7, 47, 11, 0, 0, 8, 26, 9, 8, 26, 9, 0, 0, 14, 30, 37, 48, 30, 14, 37, 48, 0, 0, 20, 42, 32, 31, 20, 42, 32, 31, 0, 0, 50, 22, 40, 36, 50, 22, 40, 36, 0, 0, 23, 6, 29, 44, 23, 6, 29, 44, 0, 0, 49, 35, 18, 19, 49, 35, 18, 19, 0, 0, 27, 27, 0, 0, 45, 33, 45, 33, 0, 0, 34, 25, 39, 41, 34, 25, 39, 41, 0, 0, 13, 16, 24, 13, 16, 24, 0, 0, 28, 43, 38, 28, 43, 38, 0, 0, 15, 15, 17, 17, 0]
47	Individual - 	2530	173	782	105	1	15	[0, 1, 46, 2, 12, 1, 46, 2, 12, 0, 0, 4, 3, 10, 5, 4, 3, 10, 5, 0, 0, 21, 7, 47, 11, 21, 7, 47, 11, 0, 0, 8, 26, 9, 8, 26, 9, 0, 0, 14, 30, 37, 48, 30, 14, 37, 48, 0, 0, 20, 42, 32, 31, 20, 42, 32, 31, 0, 0, 50, 22, 40, 36, 50, 22, 40, 36, 0, 0, 23, 6, 29, 44, 23, 6, 29, 44, 0, 0, 49, 35, 18, 19, 49, 35, 18, 19, 0, 0, 27, 27, 0, 0, 45, 33, 45, 33, 0, 0, 34, 25, 39, 41, 34, 25, 39, 41, 0, 0, 13, 16, 24, 13, 16, 24, 0, 0, 28, 43, 38, 28, 43, 38, 0, 0, 15, 15, 17, 17, 0]
48	Individual - 	2530	173	782	105	1	15	[0, 1, 46, 2, 12, 1, 46, 2, 12, 0, 0, 4, 3, 10, 5, 4, 3, 10, 5, 0, 0, 21, 7, 47, 11, 21, 7, 47, 11, 0, 0, 8, 26, 9, 8, 26, 9, 0, 0, 14, 30, 37, 48, 30, 14, 37, 48, 0, 0, 20, 42, 32, 31, 20, 42, 32, 31, 0, 0, 50, 22, 40, 36, 50, 22, 40, 36, 0, 0, 23, 6, 29, 44, 23, 6, 29, 44, 0, 0, 49, 35, 18, 19, 49, 35, 18, 19, 0, 0, 27, 27, 0, 0, 45, 33, 45, 33, 0, 0, 34, 25, 39, 41, 34, 25, 39, 41, 0, 0, 13, 16, 24, 13, 16, 24, 0, 0, 28, 43, 38, 28, 43, 38, 0, 0, 15, 15, 17, 17, 0]
49	Individual - 	2530	173	782	105	1	15	[0, 1, 46, 2, 12, 1, 46, 2, 12, 0, 0, 4, 3, 10, 5, 4, 3, 10, 5, 0, 0, 21, 7, 47, 11, 21, 7, 47, 11, 0, 0, 8, 26, 9, 8, 26, 9, 0, 0, 14, 30, 37, 48, 30, 14, 37, 48, 0, 0, 20, 42, 32, 31, 20, 42, 32, 31, 0, 0, 50, 22, 40, 36, 50, 22, 40, 36, 0, 0, 23, 6, 29, 44, 23, 6, 29, 44, 0, 0, 49, 35, 18, 19, 49, 35, 18, 19, 0, 0, 27, 27, 0, 0, 45, 33, 45, 33, 0, 0, 34, 25, 39, 41, 34, 25, 39, 41, 0, 0, 13, 16, 24, 13, 16, 24, 0, 0, 28, 43, 38, 28, 43, 38, 0, 0, 15, 15, 17, 17, 0]
50	Individual - 	2530	173	782	105	1	15	[0, 1, 46, 2, 12, 1, 46, 2, 12, 0, 0, 4, 3, 10, 5, 4, 3, 10, 5, 0, 0, 21, 7, 47, 11, 21, 7, 47, 11, 0, 0, 8, 26, 9, 8, 26, 9, 0, 0, 14, 30, 37, 48, 30, 14, 37, 48, 0, 0, 20, 42, 32, 31, 20, 42, 32, 31, 0, 0, 50, 22, 40, 36, 50, 22, 40, 36, 0, 0, 23, 6, 29, 44, 23, 6, 29, 44, 0, 0, 49, 35, 18, 19, 49, 35, 18, 19, 0, 0, 27, 27, 0, 0, 45, 33, 45, 33, 0, 0, 34, 25, 39, 41, 34, 25, 39, 41, 0, 0, 13, 16, 24, 13, 16, 24, 0, 0, 28, 43, 38, 28, 43, 38, 0, 0, 15, 15, 17, 17, 0]
51	Individual - 	2530	173	782	105	1	15	[0, 1, 46, 2, 12, 1, 46, 2, 12, 0, 0, 4, 3, 10, 5, 4, 3, 10, 5, 0, 0, 21, 7, 47, 11, 21, 7, 47, 11, 0, 0, 8, 26, 9, 8, 26, 9, 0, 0, 14, 30, 37, 48, 30, 14, 37, 48, 0, 0, 20, 42, 32, 31, 20, 42, 32, 31, 0, 0, 50, 22, 40, 36, 50, 22, 40, 36, 0, 0, 23, 6, 29, 44, 23, 6, 29, 44, 0, 0, 49, 35, 18, 19, 49, 35, 18, 19, 0, 0, 27, 27, 0, 0, 45, 33, 45, 33, 0, 0, 34, 25, 39, 41, 34, 25, 39, 41, 0, 0, 13, 16, 24, 13, 16, 24, 0, 0, 28, 43, 38, 28, 43, 38, 0, 0, 15, 15, 17, 17, 0]
52	Individual - 	2530	173	782	105	1	15	[0, 1, 46, 2, 12, 1, 46, 2, 12, 0, 0, 4, 3, 10, 5, 4, 3, 10, 5, 0, 0, 21, 7, 47, 11, 21, 7, 47, 11, 0, 0, 8, 26, 9, 8, 26, 9, 0, 0, 14, 30, 37, 48, 30, 14, 37, 48, 0, 0, 20, 42, 32, 31, 20, 42, 32, 31, 0, 0, 50, 22, 40, 36, 50, 22, 40, 36, 0, 0, 23, 6, 29, 44, 23, 6, 29, 44, 0, 0, 49, 35, 18, 19, 49, 35, 18, 19, 0, 0, 27, 27, 0, 0, 45, 33, 45, 33, 0, 0, 34, 25, 39, 41, 34, 25, 39, 41, 0, 0, 13, 16, 24, 13, 16, 24, 0, 0, 28, 43, 38, 28, 43, 38, 0, 0, 15, 15, 17, 17, 0]
53	Individual - 	2530	173	782	105	1	15	[0, 1, 46, 2, 12, 1, 46, 2, 12, 0, 0, 4, 3, 10, 5, 4, 3, 10, 5, 0, 0, 21, 7, 47, 11, 21, 7, 47, 11, 0, 0, 8, 26, 9, 8, 26, 9, 0, 0, 14, 30, 37, 48, 30, 14, 37, 48, 0, 0, 20, 42, 32, 31, 20, 42, 32, 31, 0, 0, 50, 22, 40, 36, 50, 22, 40, 36, 0, 0, 23, 6, 29, 44, 23, 6, 29, 44, 0, 0, 49, 35, 18, 19, 49, 35, 18, 19, 0, 0, 27, 27, 0, 0, 45, 33, 45, 33, 0, 0, 34, 25, 39, 41, 34, 25, 39, 41, 0, 0, 13, 16, 24, 13, 16, 24, 0, 0, 28, 43, 38, 28, 43, 38, 0, 0, 15, 15, 17, 17, 0]
54	Individual - 	2530	173	782	105	1	15	[0, 1, 46, 2, 12, 1, 46, 2, 12, 0, 0, 4, 3, 10, 5, 4, 3, 10, 5, 0, 0, 21, 7, 47, 11, 21, 7, 47, 11, 0, 0, 8, 26, 9, 8, 26, 9, 0, 0, 14, 30, 37, 48, 30, 14, 37, 48, 0, 0, 20, 42, 32, 31, 20, 42, 32, 31, 0, 0, 50, 22, 40, 36, 50, 22, 40, 36, 0, 0, 23, 6, 29, 44, 23, 6, 29, 44, 0, 0, 49, 35, 18, 19, 49, 35, 18, 19, 0, 0, 27, 27, 0, 0, 45, 33, 45, 33, 0, 0, 34, 25, 39, 41, 34, 25, 39, 41, 0, 0, 13, 16, 24, 13, 16, 24, 0, 0, 28, 43, 38, 28, 43, 38, 0, 0, 15, 15, 17, 17, 0]
55	Individual - 	2530	173	782	105	1	15	[0, 1, 46, 2, 12, 1, 46, 2, 12, 0, 0, 4, 3, 10, 5, 4, 3, 10, 5, 0, 0, 21, 7, 47, 11, 21, 7, 47, 11, 0, 0, 8, 26, 9, 8, 26, 9, 0, 0, 14, 30, 37, 48, 30, 14, 37, 48, 0, 0, 20, 42, 32, 31, 20, 42, 32, 31, 0, 0, 50, 22, 40, 36, 50, 22, 40, 36, 0, 0, 23, 6, 29, 44, 23, 6, 29, 44, 0, 0, 49, 35, 18, 19, 49, 35, 18, 19, 0, 0, 27, 27, 0, 0, 45, 33, 45, 33, 0, 0, 34, 25, 39, 41, 34, 25, 39, 41, 0, 0, 13, 16, 24, 13, 16, 24, 0, 0, 28, 43, 38, 28, 43, 38, 0, 0, 15, 15, 17, 17, 0]
56	Individual - 	2530	173	782	105	1	15	[0, 1, 46, 2, 12, 1, 46, 2, 12, 0, 0, 4, 3, 10, 5, 4, 3, 10, 5, 0, 0, 21, 7, 47, 11, 21, 7, 47, 11, 0, 0, 8, 26, 9, 8, 26, 9, 0, 0, 14, 30, 37, 48, 30, 14, 37, 48, 0, 0, 20, 42, 32, 31, 20, 42, 32, 31, 0, 0, 50, 22, 40, 36, 50, 22, 40, 36, 0, 0, 23, 6, 29, 44, 23, 6, 29, 44, 0, 0, 49, 35, 18, 19, 49, 35, 18, 19, 0, 0, 27, 27, 0, 0, 45, 33, 45, 33, 0, 0, 34, 25, 39, 41, 34, 25, 39, 41, 0, 0, 13, 16, 24, 13, 16, 24, 0, 0, 28, 43, 38, 28, 43, 38, 0, 0, 15, 15, 17, 17, 0]
57	Individual - 	2530	173	782	105	1	15	[0, 1, 46, 2, 12, 1, 46, 2, 12, 0, 0, 4, 3, 10, 5, 4, 3, 10, 5, 0, 0, 21, 7, 47, 11, 21, 7, 47, 11, 0, 0, 8, 26, 9, 8, 26, 9, 0, 0, 14, 30, 37, 48, 30, 14, 37, 48, 0, 0, 20, 42, 32, 31, 20, 42, 32, 31, 0, 0, 50, 22, 40, 36, 50, 22, 40, 36, 0, 0, 23, 6, 29, 44, 23, 6, 29, 44, 0, 0, 49, 35, 18, 19, 49, 35, 18, 19, 0, 0, 27, 27, 0, 0, 45, 33, 45, 33, 0, 0, 34, 25, 39, 41, 34, 25, 39, 41, 0, 0, 13, 16, 24, 13, 16, 24, 0, 0, 28, 43, 38, 28, 43, 38, 0, 0, 15, 15, 17, 17, 0]
58	Individual - 	2530	173	782	105	1	15	[0, 1, 46, 2, 12, 1, 46, 2, 12, 0, 0, 4, 3, 10, 5, 4, 3, 10, 5, 0, 0, 21, 7, 47, 11, 21, 7, 47, 11, 0, 0, 8, 26, 9, 8, 26, 9, 0, 0, 14, 30, 37, 48, 30, 14, 37, 48, 0, 0, 20, 42, 32, 31, 20, 42, 32, 31, 0, 0, 50, 22, 40, 36, 50, 22, 40, 36, 0, 0, 23, 6, 29, 44, 23, 6, 29, 44, 0, 0, 49, 35, 18, 19, 49, 35, 18, 19, 0, 0, 27, 27, 0, 0, 45, 33, 45, 33, 0, 0, 34, 25, 39, 41, 34, 25, 39, 41, 0, 0, 13, 16, 24, 13, 16, 24, 0, 0, 28, 43, 38, 28, 43, 38, 0, 0, 15, 15, 17, 17, 0]
59	Individual - 	2530	173	782	105	1	15	[0, 1, 46, 2, 12, 1, 46, 2, 12, 0, 0, 4, 3, 10, 5, 4, 3, 10, 5, 0, 0, 21, 7, 47, 11, 21, 7, 47, 11, 0, 0, 8, 26, 9, 8, 26, 9, 0, 0, 14, 30, 37, 48, 30, 14, 37, 48, 0, 0, 20, 42, 32, 31, 20, 42, 32, 31, 0, 0, 50, 22, 40, 36, 50, 22, 40, 36, 0, 0, 23, 6, 29, 44, 23, 6, 29, 44, 0, 0, 49, 35, 18, 19, 49, 35, 18, 19, 0, 0, 27, 27, 0, 0, 45, 33, 45, 33, 0, 0, 34, 25, 39, 41, 34, 25, 39, 41, 0, 0, 13, 16, 24, 13, 16, 24, 0, 0, 28, 43, 38, 28, 43, 38, 0, 0, 15, 15, 17, 17, 0]
60	Individual - 	2530	173	782	105	1	15	[0, 1, 46, 2, 12, 1, 46, 2, 12, 0, 0, 4, 3, 10, 5, 4, 3, 10, 5, 0, 0, 21, 7, 47, 11, 21, 7, 47, 11, 0, 0, 8, 26, 9, 8, 26, 9, 0, 0, 14, 30, 37, 48, 30, 14, 37, 48, 0, 0, 20, 42, 32, 31, 20, 42, 32, 31, 0, 0, 50, 22, 40, 36, 50, 22, 40, 36, 0, 0, 23, 6, 29, 44, 23, 6, 29, 44, 0, 0, 49, 35, 18, 19, 49, 35, 18, 19, 0, 0, 27, 27, 0, 0, 45, 33, 45, 33, 0, 0, 34, 25, 39, 41, 34, 25, 39, 41, 0, 0, 13, 16, 24, 13, 16, 24, 0, 0, 28, 43, 38, 28, 43, 38, 0, 0, 15, 15, 17, 17, 0]
61	Individual - 	2530	173	782	105	1	15	[0, 1, 46, 2, 12, 1, 46, 2, 12, 0, 0, 4, 3, 10, 5, 4, 3, 10, 5, 0, 0, 21, 7, 47, 11, 21, 7, 47, 11, 0, 0, 8, 26, 9, 8, 26, 9, 0, 0, 14, 30, 37, 48, 30, 14, 37, 48, 0, 0, 20, 42, 32, 31, 20, 42, 32, 31, 0, 0, 50, 22, 40, 36, 50, 22, 40, 36, 0, 0, 23, 6, 29, 44, 23, 6, 29, 44, 0, 0, 49, 35, 18, 19, 49, 35, 18, 19, 0, 0, 27, 27, 0, 0, 45, 33, 45, 33, 0, 0, 34, 25, 39, 41, 34, 25, 39, 41, 0, 0, 13, 16, 24, 13, 16, 24, 0, 0, 28, 43, 38, 28, 43, 38, 0, 0, 15, 15, 17, 17, 0]
62	Individual - 	2530	173	782	105	1	15	[0, 1, 46, 2, 12, 1, 46, 2, 12, 0, 0, 4, 3, 10, 5, 4, 3, 10, 5, 0, 0, 21, 7, 47, 11, 21, 7, 47, 11, 0, 0, 8, 26, 9, 8, 26, 9, 0, 0, 14, 30, 37, 48, 30, 14, 37, 48, 0, 0, 20, 42, 32, 31, 20, 42, 32, 31, 0, 0, 50, 22, 40, 36, 50, 22, 40, 36, 0, 0, 23, 6, 29, 44, 23, 6, 29, 44, 0, 0, 49, 35, 18, 19, 49, 35, 18, 19, 0, 0, 27, 27, 0, 0, 45, 33, 45, 33, 0, 0, 34, 25, 39, 41, 34, 25, 39, 41, 0, 0, 13, 16, 24, 13, 16, 24, 0, 0, 28, 43, 38, 28, 43, 38, 0, 0, 15, 15, 17, 17, 0]
63	Individual - 	2530	173	782	105	1	15	[0, 1, 46, 2, 12, 1, 46, 2, 12, 0, 0, 4, 3, 10, 5, 4, 3, 10, 5, 0, 0, 21, 7, 47, 11, 21, 7, 47, 11, 0, 0, 8, 26, 9, 8, 26, 9, 0, 0, 14, 30, 37, 48, 30, 14, 37, 48, 0, 0, 20, 42, 32, 31, 20, 42, 32, 31, 0, 0, 50, 22, 40, 36, 50, 22, 40, 36, 0, 0, 23, 6, 29, 44, 23, 6, 29, 44, 0, 0, 49, 35, 18, 19, 49, 35, 18, 19, 0, 0, 27, 27, 0, 0, 45, 33, 45, 33, 0, 0, 34, 25, 39, 41, 34, 25, 39, 41, 0, 0, 13, 16, 24, 13, 16, 24, 0, 0, 28, 43, 38, 28, 43, 38, 0, 0, 15, 15, 17, 17, 0]
64	Individual - 	2530	173	782	105	1	15	[0, 1, 46, 2, 12, 1, 46, 2, 12, 0, 0, 4, 3, 10, 5, 4, 3, 10, 5, 0, 0, 21, 7, 47, 11, 21, 7, 47, 11, 0, 0, 8, 26, 9, 8, 26, 9, 0, 0, 14, 30, 37, 48, 30, 14, 37, 48, 0, 0, 20, 42, 32, 31, 20, 42, 32, 31, 0, 0, 50, 22, 40, 36, 50, 22, 40, 36, 0, 0, 23, 6, 29, 44, 23, 6, 29, 44, 0, 0, 49, 35, 18, 19, 49, 35, 18, 19, 0, 0, 27, 27, 0, 0, 45, 33, 45, 33, 0, 0, 34, 25, 39, 41, 34, 25, 39, 41, 0, 0, 13, 16, 24, 13, 16, 24, 0, 0, 28, 43, 38, 28, 43, 38, 0, 0, 15, 15, 17, 17, 0]
65	Individual - 	2530	173	782	105	1	15	[0, 1, 46, 2, 12, 1, 46, 2, 12, 0, 0, 4, 3, 10, 5, 4, 3, 10, 5, 0, 0, 21, 7, 47, 11, 21, 7, 47, 11, 0, 0, 8, 26, 9, 8, 26, 9, 0, 0, 14, 30, 37, 48, 30, 14, 37, 48, 0, 0, 20, 42, 32, 31, 20, 42, 32, 31, 0, 0, 50, 22, 40, 36, 50, 22, 40, 36, 0, 0, 23, 6, 29, 44, 23, 6, 29, 44, 0, 0, 49, 35, 18, 19, 49, 35, 18, 19, 0, 0, 27, 27, 0, 0, 45, 33, 45, 33, 0, 0, 34, 25, 39, 41, 34, 25, 39, 41, 0, 0, 13, 16, 24, 13, 16, 24, 0, 0, 28, 43, 38, 28, 43, 38, 0, 0, 15, 15, 17, 17, 0]
66	Individual - 	2530	173	782	105	1	15	[0, 1, 46, 2, 12, 1, 46, 2, 12, 0, 0, 4, 3, 10, 5, 4, 3, 10, 5, 0, 0, 21, 7, 47, 11, 21, 7, 47, 11, 0, 0, 8, 26, 9, 8, 26, 9, 0, 0, 14, 30, 37, 48, 30, 14, 37, 48, 0, 0, 20, 42, 32, 31, 20, 42, 32, 31, 0, 0, 50, 22, 40, 36, 50, 22, 40, 36, 0, 0, 23, 6, 29, 44, 23, 6, 29, 44, 0, 0, 49, 35, 18, 19, 49, 35, 18, 19, 0, 0, 27, 27, 0, 0, 45, 33, 45, 33, 0, 0, 34, 25, 39, 41, 34, 25, 39, 41, 0, 0, 13, 16, 24, 13, 16, 24, 0, 0, 28, 43, 38, 28, 43, 38, 0, 0, 15, 15, 17, 17, 0]
67	Individual - 	2530	173	782	105	1	15	[0, 1, 46, 2, 12, 1, 46, 2, 12, 0, 0, 4, 3, 10, 5, 4, 3, 10, 5, 0, 0, 21, 7, 47, 11, 21, 7, 47, 11, 0, 0, 8, 26, 9, 8, 26, 9, 0, 0, 14, 30, 37, 48, 30, 14, 37, 48, 0, 0, 20, 42, 32, 31, 20, 42, 32, 31, 0, 0, 50, 22, 40, 36, 50, 22, 40, 36, 0, 0, 23, 6, 29, 44, 23, 6, 29, 44, 0, 0, 49, 35, 18, 19, 49, 35, 18, 19, 0, 0, 27, 27, 0, 0, 45, 33, 45, 33, 0, 0, 34, 25, 39, 41, 34, 25, 39, 41, 0, 0, 13, 16, 24, 13, 16, 24, 0, 0, 28, 43, 38, 28, 43, 38, 0, 0, 15, 15, 17, 17, 0]
68	Individual - 	2530	173	782	105	1	15	[0, 1, 46, 2, 12, 1, 46, 2, 12, 0, 0, 4, 3, 10, 5, 4, 3, 10, 5, 0, 0, 21, 7, 47, 11, 21, 7, 47, 11, 0, 0, 8, 26, 9, 8, 26, 9, 0, 0, 14, 30, 37, 48, 30, 14, 37, 48, 0, 0, 20, 42, 32, 31, 20, 42, 32, 31, 0, 0, 50, 22, 40, 36, 50, 22, 40, 36, 0, 0, 23, 6, 29, 44, 23, 6, 29, 44, 0, 0, 49, 35, 18, 19, 49, 35, 18, 19, 0, 0, 27, 27, 0, 0, 45, 33, 45, 33, 0, 0, 34, 25, 39, 41, 34, 25, 39, 41, 0, 0, 13, 16, 24, 13, 16, 24, 0, 0, 28, 43, 38, 28, 43, 38, 0, 0, 15, 15, 17, 17, 0]
69	Individual - 	2530	173	782	105	1	15	[0, 1, 46, 2, 12, 1, 46, 2, 12, 0, 0, 4, 3, 10, 5, 4, 3, 10, 5, 0, 0, 21, 7, 47, 11, 21, 7, 47, 11, 0, 0, 8, 26, 9, 8, 26, 9, 0, 0, 14, 30, 37, 48, 30, 14, 37, 48, 0, 0, 20, 42, 32, 31, 20, 42, 32, 31, 0, 0, 50, 22, 40, 36, 50, 22, 40, 36, 0, 0, 23, 6, 29, 44, 23, 6, 29, 44, 0, 0, 49, 35, 18, 19, 49, 35, 18, 19, 0, 0, 27, 27, 0, 0, 45, 33, 45, 33, 0, 0, 34, 25, 39, 41, 34, 25, 39, 41, 0, 0, 13, 16, 24, 13, 16, 24, 0, 0, 28, 43, 38, 28, 43, 38, 0, 0, 15, 15, 17, 17, 0]
70	Individual - 	2530	173	782	105	1	15	[0, 1, 46, 2, 12, 1, 46, 2, 12, 0, 0, 4, 3, 10, 5, 4, 3, 10, 5, 0, 0, 21, 7, 47, 11, 21, 7, 47, 11, 0, 0, 8, 26, 9, 8, 26, 9, 0, 0, 14, 30, 37, 48, 30, 14, 37, 48, 0, 0, 20, 42, 32, 31, 20, 42, 32, 31, 0, 0, 50, 22, 40, 36, 50, 22, 40, 36, 0, 0, 23, 6, 29, 44, 23, 6, 29, 44, 0, 0, 49, 35, 18, 19, 49, 35, 18, 19, 0, 0, 27, 27, 0, 0, 45, 33, 45, 33, 0, 0, 34, 25, 39, 41, 34, 25, 39, 41, 0, 0, 13, 16, 24, 13, 16, 24, 0, 0, 28, 43, 38, 28, 43, 38, 0, 0, 15, 15, 17, 17, 0]
71	Individual - 	2530	173	782	105	1	15	[0, 1, 46, 2, 12, 1, 46, 2, 12, 0, 0, 4, 3, 10, 5, 4, 3, 10, 5, 0, 0, 21, 7, 47, 11, 21, 7, 47, 11, 0, 0, 8, 26, 9, 8, 26, 9, 0, 0, 14, 30, 37, 48, 30, 14, 37, 48, 0, 0, 20, 42, 32, 31, 20, 42, 32, 31, 0, 0, 50, 22, 40, 36, 50, 22, 40, 36, 0, 0, 23, 6, 29, 44, 23, 6, 29, 44, 0, 0, 49, 35, 18, 19, 49, 35, 18, 19, 0, 0, 27, 27, 0, 0, 45, 33, 45, 33, 0, 0, 34, 25, 39, 41, 34, 25, 39, 41, 0, 0, 13, 16, 24, 13, 16, 24, 0, 0, 28, 43, 38, 28, 43, 38, 0, 0, 15, 15, 17, 17, 0]
72	Individual - 	2530	173	782	105	1	15	[0, 1, 46, 2, 12, 1, 46, 2, 12, 0, 0, 4, 3, 10, 5, 4, 3, 10, 5, 0, 0, 21, 7, 47, 11, 21, 7, 47, 11, 0, 0, 8, 26, 9, 8, 26, 9, 0, 0, 14, 30, 37, 48, 30, 14, 37, 48, 0, 0, 20, 42, 32, 31, 20, 42, 32, 31, 0, 0, 50, 22, 40, 36, 50, 22, 40, 36, 0, 0, 23, 6, 29, 44, 23, 6, 29, 44, 0, 0, 49, 35, 18, 19, 49, 35, 18, 19, 0, 0, 27, 27, 0, 0, 45, 33, 45, 33, 0, 0, 34, 25, 39, 41, 34, 25, 39, 41, 0, 0, 13, 16, 24, 13, 16, 24, 0, 0, 28, 43, 38, 28, 43, 38, 0, 0, 15, 15, 17, 17, 0]
73	Individual - 	2486	172	774	110	1	14	[0, 1, 46, 2, 12, 1, 46, 2, 12, 0, 0, 4, 3, 10, 5, 4, 3, 10, 5, 0, 0, 21, 7, 47, 11, 21, 7, 47, 11, 0, 0, 8, 26, 9, 8, 26, 9, 0, 0, 14, 30, 37, 48, 30, 14, 37, 48, 0, 0, 20, 42, 32, 31, 20, 42, 32, 31, 0, 0, 50, 22, 40, 36, 50, 22, 40, 36, 0, 0, 23, 6, 29, 44, 23, 6, 29, 44, 0, 0, 49, 35, 18, 19, 49, 35, 18, 19, 0, 0, 45, 33, 45, 33, 0, 0, 34, 25, 39, 41, 34, 25, 39, 41, 0, 0, 13, 16, 24, 13, 16, 24, 0, 0, 28, 43, 38, 28, 43, 38, 0, 0, 27, 15, 15, 17, 27, 17, 0]
74	Individual - 	2486	172	774	110	1	14	[0, 1, 46, 2, 12, 1, 46, 2, 12, 0, 0, 4, 3, 10, 5, 4, 3, 10, 5, 0, 0, 21, 7, 47, 11, 21, 7, 47, 11, 0, 0, 8, 26, 9, 8, 26, 9, 0, 0, 14, 30, 37, 48, 30, 14, 37, 48, 0, 0, 20, 42, 32, 31, 20, 42, 32, 31, 0, 0, 50, 22, 40, 36, 50, 22, 40, 36, 0, 0, 23, 6, 29, 44, 23, 6, 29, 44, 0, 0, 49, 35, 18, 19, 49, 35, 18, 19, 0, 0, 45, 33, 45, 33, 0, 0, 34, 25, 39, 41, 34, 25, 39, 41, 0, 0, 13, 16, 24, 13, 16, 24, 0, 0, 28, 43, 38, 28, 43, 38, 0, 0, 27, 15, 15, 17, 27, 17, 0]
75	Individual - 	2486	172	774	110	1	14	[0, 1, 46, 2, 12, 1, 46, 2, 12, 0, 0, 4, 3, 10, 5, 4, 3, 10, 5, 0, 0, 21, 7, 47, 11, 21, 7, 47, 11, 0, 0, 8, 26, 9, 8, 26, 9, 0, 0, 14, 30, 37, 48, 30, 14, 37, 48, 0, 0, 20, 42, 32, 31, 20, 42, 32, 31, 0, 0, 50, 22, 40, 36, 50, 22, 40, 36, 0, 0, 23, 6, 29, 44, 23, 6, 29, 44, 0, 0, 49, 35, 18, 19, 49, 35, 18, 19, 0, 0, 45, 33, 45, 33, 0, 0, 34, 25, 39, 41, 34, 25, 39, 41, 0, 0, 13, 16, 24, 13, 16, 24, 0, 0, 28, 43, 38, 28, 43, 38, 0, 0, 27, 15, 15, 17, 27, 17, 0]
76	Individual - 	2486	172	774	110	1	14	[0, 1, 46, 2, 12, 1, 46, 2, 12, 0, 0, 4, 3, 10, 5, 4, 3, 10, 5, 0, 0, 21, 7, 47, 11, 21, 7, 47, 11, 0, 0, 8, 26, 9, 8, 26, 9, 0, 0, 14, 30, 37, 48, 30, 14, 37, 48, 0, 0, 20, 42, 32, 31, 20, 42, 32, 31, 0, 0, 50, 22, 40, 36, 50, 22, 40, 36, 0, 0, 23, 6, 29, 44, 23, 6, 29, 44, 0, 0, 49, 35, 18, 19, 49, 35, 18, 19, 0, 0, 45, 33, 45, 33, 0, 0, 34, 25, 39, 41, 34, 25, 39, 41, 0, 0, 13, 16, 24, 13, 16, 24, 0, 0, 28, 43, 38, 28, 43, 38, 0, 0, 27, 15, 15, 17, 27, 17, 0]
77	Individual - 	2486	172	774	110	1	14	[0, 1, 46, 2, 12, 1, 46, 2, 12, 0, 0, 4, 3, 10, 5, 4, 3, 10, 5, 0, 0, 21, 7, 47, 11, 21, 7, 47, 11, 0, 0, 8, 26, 9, 8, 26, 9, 0, 0, 14, 30, 37, 48, 30, 14, 37, 48, 0, 0, 20, 42, 32, 31, 20, 42, 32, 31, 0, 0, 50, 22, 40, 36, 50, 22, 40, 36, 0, 0, 23, 6, 29, 44, 23, 6, 29, 44, 0, 0, 49, 35, 18, 19, 49, 35, 18, 19, 0, 0, 45, 33, 45, 33, 0, 0, 34, 25, 39, 41, 34, 25, 39, 41, 0, 0, 13, 16, 24, 13, 16, 24, 0, 0, 28, 43, 38, 28, 43, 38, 0, 0, 27, 15, 15, 17, 27, 17, 0]
78	Individual - 	2486	172	774	110	1	14	[0, 1, 46, 2, 12, 1, 46, 2, 12, 0, 0, 4, 3, 10, 5, 4, 3, 10, 5, 0, 0, 21, 7, 47, 11, 21, 7, 47, 11, 0, 0, 8, 26, 9, 8, 26, 9, 0, 0, 14, 30, 37, 48, 30, 14, 37, 48, 0, 0, 20, 42, 32, 31, 20, 42, 32, 31, 0, 0, 50, 22, 40, 36, 50, 22, 40, 36, 0, 0, 23, 6, 29, 44, 23, 6, 29, 44, 0, 0, 49, 35, 18, 19, 49, 35, 18, 19, 0, 0, 45, 33, 45, 33, 0, 0, 34, 25, 39, 41, 34, 25, 39, 41, 0, 0, 13, 16, 24, 13, 16, 24, 0, 0, 28, 43, 38, 28, 43, 38, 0, 0, 27, 15, 15, 17, 27, 17, 0]
79	Individual - 	2486	172	774	110	1	14	[0, 1, 46, 2, 12, 1, 46, 2, 12, 0, 0, 4, 3, 10, 5, 4, 3, 10, 5, 0, 0, 21, 7, 47, 11, 21, 7, 47, 11, 0, 0, 8, 26, 9, 8, 26, 9, 0, 0, 14, 30, 37, 48, 30, 14, 37, 48, 0, 0, 20, 42, 32, 31, 20, 42, 32, 31, 0, 0, 50, 22, 40, 36, 50, 22, 40, 36, 0, 0, 23, 6, 29, 44, 23, 6, 29, 44, 0, 0, 49, 35, 18, 19, 49, 35, 18, 19, 0, 0, 45, 33, 45, 33, 0, 0, 34, 25, 39, 41, 34, 25, 39, 41, 0, 0, 13, 16, 24, 13, 16, 24, 0, 0, 28, 43, 38, 28, 43, 38, 0, 0, 27, 15, 15, 17, 27, 17, 0]
80	Individual - 	2486	172	774	110	1	14	[0, 1, 46, 2, 12, 1, 46, 2, 12, 0, 0, 4, 3, 10, 5, 4, 3, 10, 5, 0, 0, 21, 7, 47, 11, 21, 7, 47, 11, 0, 0, 8, 26, 9, 8, 26, 9, 0, 0, 14, 30, 37, 48, 30, 14, 37, 48, 0, 0, 20, 42, 32, 31, 20, 42, 32, 31, 0, 0, 50, 22, 40, 36, 50, 22, 40, 36, 0, 0, 23, 6, 29, 44, 23, 6, 29, 44, 0, 0, 49, 35, 18, 19, 49, 35, 18, 19, 0, 0, 45, 33, 45, 33, 0, 0, 34, 25, 39, 41, 34, 25, 39, 41, 0, 0, 13, 16, 24, 13, 16, 24, 0, 0, 28, 43, 38, 28, 43, 38, 0, 0, 27, 15, 15, 17, 27, 17, 0]
81	Individual - 	2486	172	774	110	1	14	[0, 1, 46, 2, 12, 1, 46, 2, 12, 0, 0, 4, 3, 10, 5, 4, 3, 10, 5, 0, 0, 21, 7, 47, 11, 21, 7, 47, 11, 0, 0, 8, 26, 9, 8, 26, 9, 0, 0, 14, 30, 37, 48, 30, 14, 37, 48, 0, 0, 20, 42, 32, 31, 20, 42, 32, 31, 0, 0, 50, 22, 40, 36, 50, 22, 40, 36, 0, 0, 23, 6, 29, 44, 23, 6, 29, 44, 0, 0, 49, 35, 18, 19, 49, 35, 18, 19, 0, 0, 45, 33, 45, 33, 0, 0, 34, 25, 39, 41, 34, 25, 39, 41, 0, 0, 13, 16, 24, 13, 16, 24, 0, 0, 28, 43, 38, 28, 43, 38, 0, 0, 27, 15, 15, 17, 27, 17, 0]
82	Individual - 	2486	172	774	110	1	14	[0, 1, 46, 2, 12, 1, 46, 2, 12, 0, 0, 4, 3, 10, 5, 4, 3, 10, 5, 0, 0, 21, 7, 47, 11, 21, 7, 47, 11, 0, 0, 8, 26, 9, 8, 26, 9, 0, 0, 14, 30, 37, 48, 30, 14, 37, 48, 0, 0, 20, 42, 32, 31, 20, 42, 32, 31, 0, 0, 50, 22, 40, 36, 50, 22, 40, 36, 0, 0, 23, 6, 29, 44, 23, 6, 29, 44, 0, 0, 49, 35, 18, 19, 49, 35, 18, 19, 0, 0, 45, 33, 45, 33, 0, 0, 34, 25, 39, 41, 34, 25, 39, 41, 0, 0, 13, 16, 24, 13, 16, 24, 0, 0, 28, 43, 38, 28, 43, 38, 0, 0, 27, 15, 15, 17, 27, 17, 0]
83	Individual - 	2486	172	774	110	1	14	[0, 1, 46, 2, 12, 1, 46, 2, 12, 0, 0, 4, 3, 10, 5, 4, 3, 10, 5, 0, 0, 21, 7, 47, 11, 21, 7, 47, 11, 0, 0, 8, 26, 9, 8, 26, 9, 0, 0, 14, 30, 37, 48, 30, 14, 37, 48, 0, 0, 20, 42, 32, 31, 20, 42, 32, 31, 0, 0, 50, 22, 40, 36, 50, 22, 40, 36, 0, 0, 23, 6, 29, 44, 23, 6, 29, 44, 0, 0, 49, 35, 18, 19, 49, 35, 18, 19, 0, 0, 45, 33, 45, 33, 0, 0, 34, 25, 39, 41, 34, 25, 39, 41, 0, 0, 13, 16, 24, 13, 16, 24, 0, 0, 28, 43, 38, 28, 43, 38, 0, 0, 27, 15, 15, 17, 27, 17, 0]
84	Individual - 	2486	172	774	110	1	14	[0, 1, 46, 2, 12, 1, 46, 2, 12, 0, 0, 4, 3, 10, 5, 4, 3, 10, 5, 0, 0, 21, 7, 47, 11, 21, 7, 47, 11, 0, 0, 8, 26, 9, 8, 26, 9, 0, 0, 14, 30, 37, 48, 30, 14, 37, 48, 0, 0, 20, 42, 32, 31, 20, 42, 32, 31, 0, 0, 50, 22, 40, 36, 50, 22, 40, 36, 0, 0, 23, 6, 29, 44, 23, 6, 29, 44, 0, 0, 49, 35, 18, 19, 49, 35, 18, 19, 0, 0, 45, 33, 45, 33, 0, 0, 34, 25, 39, 41, 34, 25, 39, 41, 0, 0, 13, 16, 24, 13, 16, 24, 0, 0, 28, 43, 38, 28, 43, 38, 0, 0, 27, 15, 15, 17, 27, 17, 0]
85	Individual - 	2486	172	774	110	1	14	[0, 1, 46, 2, 12, 1, 46, 2, 12, 0, 0, 4, 3, 10, 5, 4, 3, 10, 5, 0, 0, 21, 7, 47, 11, 21, 7, 47, 11, 0, 0, 8, 26, 9, 8, 26, 9, 0, 0, 14, 30, 37, 48, 30, 14, 37, 48, 0, 0, 20, 42, 32, 31, 20, 42, 32, 31, 0, 0, 50, 22, 40, 36, 50, 22, 40, 36, 0, 0, 23, 6, 29, 44, 23, 6, 29, 44, 0, 0, 49, 35, 18, 19, 49, 35, 18, 19, 0, 0, 45, 33, 45, 33, 0, 0, 34, 25, 39, 41, 34, 25, 39, 41, 0, 0, 13, 16, 24, 13, 16, 24, 0, 0, 28, 43, 38, 28, 43, 38, 0, 0, 27, 15, 15, 17, 27, 17, 0]
86	Individual - 	2486	172	774	110	1	14	[0, 1, 46, 2, 12, 1, 46, 2, 12, 0, 0, 4, 3, 10, 5, 4, 3, 10, 5, 0, 0, 21, 7, 47, 11, 21, 7, 47, 11, 0, 0, 8, 26, 9, 8, 26, 9, 0, 0, 14, 30, 37, 48, 30, 14, 37, 48, 0, 0, 20, 42, 32, 31, 20, 42, 32, 31, 0, 0, 50, 22, 40, 36, 50, 22, 40, 36, 0, 0, 23, 6, 29, 44, 23, 6, 29, 44, 0, 0, 49, 35, 18, 19, 49, 35, 18, 19, 0, 0, 45, 33, 45, 33, 0, 0, 34, 25, 39, 41, 34, 25, 39, 41, 0, 0, 13, 16, 24, 13, 16, 24, 0, 0, 28, 43, 38, 28, 43, 38, 0, 0, 27, 15, 15, 17, 27, 17, 0]
87	Individual - 	2486	172	774	110	1	14	[0, 1, 46, 2, 12, 1, 46, 2, 12, 0, 0, 4, 3, 10, 5, 4, 3, 10, 5, 0, 0, 21, 7, 47, 11, 21, 7, 47, 11, 0, 0, 8, 26, 9, 8, 26, 9, 0, 0, 14, 30, 37, 48, 30, 14, 37, 48, 0, 0, 20, 42, 32, 31, 20, 42, 32, 31, 0, 0, 50, 22, 40, 36, 50, 22, 40, 36, 0, 0, 23, 6, 29, 44, 23, 6, 29, 44, 0, 0, 49, 35, 18, 19, 49, 35, 18, 19, 0, 0, 45, 33, 45, 33, 0, 0, 34, 25, 39, 41, 34, 25, 39, 41, 0, 0, 13, 16, 24, 13, 16, 24, 0, 0, 28, 43, 38, 28, 43, 38, 0, 0, 27, 15, 15, 17, 27, 17, 0]
88	Individual - 	2486	172	774	110	1	14	[0, 1, 46, 2, 12, 1, 46, 2, 12, 0, 0, 4, 3, 10, 5, 4, 3, 10, 5, 0, 0, 21, 7, 47, 11, 21, 7, 47, 11, 0, 0, 8, 26, 9, 8, 26, 9, 0, 0, 14, 30, 37, 48, 30, 14, 37, 48, 0, 0, 20, 42, 32, 31, 20, 42, 32, 31, 0, 0, 50, 22, 40, 36, 50, 22, 40, 36, 0, 0, 23, 6, 29, 44, 23, 6, 29, 44, 0, 0, 49, 35, 18, 19, 49, 35, 18, 19, 0, 0, 45, 33, 45, 33, 0, 0, 34, 25, 39, 41, 34, 25, 39, 41, 0, 0, 13, 16, 24, 13, 16, 24, 0, 0, 28, 43, 38, 28, 43, 38, 0, 0, 27, 15, 15, 17, 27, 17, 0]
89	Individual - 	2486	172	774	110	1	14	[0, 1, 46, 2, 12, 1, 46, 2, 12, 0, 0, 4, 3, 10, 5, 4, 3, 10, 5, 0, 0, 21, 7, 47, 11, 21, 7, 47, 11, 0, 0, 8, 26, 9, 8, 26, 9, 0, 0, 14, 30, 37, 48, 30, 14, 37, 48, 0, 0, 20, 42, 32, 31, 20, 42, 32, 31, 0, 0, 50, 22, 40, 36, 50, 22, 40, 36, 0, 0, 23, 6, 29, 44, 23, 6, 29, 44, 0, 0, 49, 35, 18, 19, 49, 35, 18, 19, 0, 0, 45, 33, 45, 33, 0, 0, 34, 25, 39, 41, 34, 25, 39, 41, 0, 0, 13, 16, 24, 13, 16, 24, 0, 0, 28, 43, 38, 28, 43, 38, 0, 0, 27, 15, 15, 17, 27, 17, 0]
90	Individual - 	2486	172	774	110	1	14	[0, 1, 46, 2, 12, 1, 46, 2, 12, 0, 0, 4, 3, 10, 5, 4, 3, 10, 5, 0, 0, 21, 7, 47, 11, 21, 7, 47, 11, 0, 0, 8, 26, 9, 8, 26, 9, 0, 0, 14, 30, 37, 48, 30, 14, 37, 48, 0, 0, 20, 42, 32, 31, 20, 42, 32, 31, 0, 0, 50, 22, 40, 36, 50, 22, 40, 36, 0, 0, 23, 6, 29, 44, 23, 6, 29, 44, 0, 0, 49, 35, 18, 19, 49, 35, 18, 19, 0, 0, 45, 33, 45, 33, 0, 0, 34, 25, 39, 41, 34, 25, 39, 41, 0, 0, 13, 16, 24, 13, 16, 24, 0, 0, 28, 43, 38, 28, 43, 38, 0, 0, 27, 15, 15, 17, 27, 17, 0]
91	Individual - 	2486	172	774	110	1	14	[0, 1, 46, 2, 12, 1, 46, 2, 12, 0, 0, 4, 3, 10, 5, 4, 3, 10, 5, 0, 0, 21, 7, 47, 11, 21, 7, 47, 11, 0, 0, 8, 26, 9, 8, 26, 9, 0, 0, 14, 30, 37, 48, 30, 14, 37, 48, 0, 0, 20, 42, 32, 31, 20, 42, 32, 31, 0, 0, 50, 22, 40, 36, 50, 22, 40, 36, 0, 0, 23, 6, 29, 44, 23, 6, 29, 44, 0, 0, 49, 35, 18, 19, 49, 35, 18, 19, 0, 0, 45, 33, 45, 33, 0, 0, 34, 25, 39, 41, 34, 25, 39, 41, 0, 0, 13, 16, 24, 13, 16, 24, 0, 0, 28, 43, 38, 28, 43, 38, 0, 0, 27, 15, 15, 17, 27, 17, 0]
92	Individual - 	2486	172	774	110	1	14	[0, 1, 46, 2, 12, 1, 46, 2, 12, 0, 0, 4, 3, 10, 5, 4, 3, 10, 5, 0, 0, 21, 7, 47, 11, 21, 7, 47, 11, 0, 0, 8, 26, 9, 8, 26, 9, 0, 0, 14, 30, 37, 48, 30, 14, 37, 48, 0, 0, 20, 42, 32, 31, 20, 42, 32, 31, 0, 0, 50, 22, 40, 36, 50, 22, 40, 36, 0, 0, 23, 6, 29, 44, 23, 6, 29, 44, 0, 0, 49, 35, 18, 19, 49, 35, 18, 19, 0, 0, 45, 33, 45, 33, 0, 0, 34, 25, 39, 41, 34, 25, 39, 41, 0, 0, 13, 16, 24, 13, 16, 24, 0, 0, 28, 43, 38, 28, 43, 38, 0, 0, 27, 15, 15, 17, 27, 17, 0]
93	Individual - 	2486	172	774	110	1	14	[0, 1, 46, 2, 12, 1, 46, 2, 12, 0, 0, 4, 3, 10, 5, 4, 3, 10, 5, 0, 0, 21, 7, 47, 11, 21, 7, 47, 11, 0, 0, 8, 26, 9, 8, 26, 9, 0, 0, 14, 30, 37, 48, 30, 14, 37, 48, 0, 0, 20, 42, 32, 31, 20, 42, 32, 31, 0, 0, 50, 22, 40, 36, 50, 22, 40, 36, 0, 0, 23, 6, 29, 44, 23, 6, 29, 44, 0, 0, 49, 35, 18, 19, 49, 35, 18, 19, 0, 0, 45, 33, 45, 33, 0, 0, 34, 25, 39, 41, 34, 25, 39, 41, 0, 0, 13, 16, 24, 13, 16, 24, 0, 0, 28, 43, 38, 28, 43, 38, 0, 0, 27, 15, 15, 17, 27, 17, 0]
94	Individual - 	2486	172	774	110	1	14	[0, 1, 46, 2, 12, 1, 46, 2, 12, 0, 0, 4, 3, 10, 5, 4, 3, 10, 5, 0, 0, 21, 7, 47, 11, 21, 7, 47, 11, 0, 0, 8, 26, 9, 8, 26, 9, 0, 0, 14, 30, 37, 48, 30, 14, 37, 48, 0, 0, 20, 42, 32, 31, 20, 42, 32, 31, 0, 0, 50, 22, 40, 36, 50, 22, 40, 36, 0, 0, 23, 6, 29, 44, 23, 6, 29, 44, 0, 0, 49, 35, 18, 19, 49, 35, 18, 19, 0, 0, 45, 33, 45, 33, 0, 0, 34, 25, 39, 41, 34, 25, 39, 41, 0, 0, 13, 16, 24, 13, 16, 24, 0, 0, 28, 43, 38, 28, 43, 38, 0, 0, 27, 15, 15, 17, 27, 17, 0]
95	Individual - 	2486	172	774	110	1	14	[0, 1, 46, 2, 12, 1, 46, 2, 12, 0, 0, 4, 3, 10, 5, 4, 3, 10, 5, 0, 0, 21, 7, 47, 11, 21, 7, 47, 11, 0, 0, 8, 26, 9, 8, 26, 9, 0, 0, 14, 30, 37, 48, 30, 14, 37, 48, 0, 0, 20, 42, 32, 31, 20, 42, 32, 31, 0, 0, 50, 22, 40, 36, 50, 22, 40, 36, 0, 0, 23, 6, 29, 44, 23, 6, 29, 44, 0, 0, 49, 35, 18, 19, 49, 35, 18, 19, 0, 0, 45, 33, 45, 33, 0, 0, 34, 25, 39, 41, 34, 25, 39, 41, 0, 0, 13, 16, 24, 13, 16, 24, 0, 0, 28, 43, 38, 28, 43, 38, 0, 0, 27, 15, 15, 17, 27, 17, 0]
96	Individual - 	2486	172	774	110	1	14	[0, 1, 46, 2, 12, 1, 46, 2, 12, 0, 0, 4, 3, 10, 5, 4, 3, 10, 5, 0, 0, 21, 7, 47, 11, 21, 7, 47, 11, 0, 0, 8, 26, 9, 8, 26, 9, 0, 0, 14, 30, 37, 48, 30, 14, 37, 48, 0, 0, 20, 42, 32, 31, 20, 42, 32, 31, 0, 0, 50, 22, 40, 36, 50, 22, 40, 36, 0, 0, 23, 6, 29, 44, 23, 6, 29, 44, 0, 0, 49, 35, 18, 19, 49, 35, 18, 19, 0, 0, 45, 33, 45, 33, 0, 0, 34, 25, 39, 41, 34, 25, 39, 41, 0, 0, 13, 16, 24, 13, 16, 24, 0, 0, 28, 43, 38, 28, 43, 38, 0, 0, 27, 15, 15, 17, 27, 17, 0]
97	Individual - 	2486	172	774	110	1	14	[0, 1, 46, 2, 12, 1, 46, 2, 12, 0, 0, 4, 3, 10, 5, 4, 3, 10, 5, 0, 0, 21, 7, 47, 11, 21, 7, 47, 11, 0, 0, 8, 26, 9, 8, 26, 9, 0, 0, 14, 30, 37, 48, 30, 14, 37, 48, 0, 0, 20, 42, 32, 31, 20, 42, 32, 31, 0, 0, 50, 22, 40, 36, 50, 22, 40, 36, 0, 0, 23, 6, 29, 44, 23, 6, 29, 44, 0, 0, 49, 35, 18, 19, 49, 35, 18, 19, 0, 0, 45, 33, 45, 33, 0, 0, 34, 25, 39, 41, 34, 25, 39, 41, 0, 0, 13, 16, 24, 13, 16, 24, 0, 0, 28, 43, 38, 28, 43, 38, 0, 0, 27, 15, 15, 17, 27, 17, 0]
98	Individual - 	2486	172	774	110	1	14	[0, 1, 46, 2, 12, 1, 46, 2, 12, 0, 0, 4, 3, 10, 5, 4, 3, 10, 5, 0, 0, 21, 7, 47, 11, 21, 7, 47, 11, 0, 0, 8, 26, 9, 8, 26, 9, 0, 0, 14, 30, 37, 48, 30, 14, 37, 48, 0, 0, 20, 42, 32, 31, 20, 42, 32, 31, 0, 0, 50, 22, 40, 36, 50, 22, 40, 36, 0, 0, 23, 6, 29, 44, 23, 6, 29, 44, 0, 0, 49, 35, 18, 19, 49, 35, 18, 19, 0, 0, 45, 33, 45, 33, 0, 0, 34, 25, 39, 41, 34, 25, 39, 41, 0, 0, 13, 16, 24, 13, 16, 24, 0, 0, 28, 43, 38, 28, 43, 38, 0, 0, 27, 15, 15, 17, 27, 17, 0]
99	Individual - 	2486	172	774	110	1	14	[0, 1, 46, 2, 12, 1, 46, 2, 12, 0, 0, 4, 3, 10, 5, 4, 3, 10, 5, 0, 0, 21, 7, 47, 11, 21, 7, 47, 11, 0, 0, 8, 26, 9, 8, 26, 9, 0, 0, 14, 30, 37, 48, 30, 14, 37, 48, 0, 0, 20, 42, 32, 31, 20, 42, 32, 31, 0, 0, 50, 22, 40, 36, 50, 22, 40, 36, 0, 0, 23, 6, 29, 44, 23, 6, 29, 44, 0, 0, 49, 35, 18, 19, 49, 35, 18, 19, 0, 0, 45, 33, 45, 33, 0, 0, 34, 25, 39, 41, 34, 25, 39, 41, 0, 0, 13, 16, 24, 13, 16, 24, 0, 0, 28, 43, 38, 28, 43, 38, 0, 0, 27, 15, 15, 17, 27, 17, 0]
100	Individual - 	2486	172	774	110	1	14	[0, 1, 46, 2, 12, 1, 46, 2, 12, 0, 0, 4, 3, 10, 5, 4, 3, 10, 5, 0, 0, 21, 7, 47, 11, 21, 7, 47, 11, 0, 0, 8, 26, 9, 8, 26, 9, 0, 0, 14, 30, 37, 48, 30, 14, 37, 48, 0, 0, 20, 42, 32, 31, 20, 42, 32, 31, 0, 0, 50, 22, 40, 36, 50, 22, 40, 36, 0, 0, 23, 6, 29, 44, 23, 6, 29, 44, 0, 0, 49, 35, 18, 19, 49, 35, 18, 19, 0, 0, 45, 33, 45, 33, 0, 0, 34, 25, 39, 41, 34, 25, 39, 41, 0, 0, 13, 16, 24, 13, 16, 24, 0, 0, 28, 43, 38, 28, 43, 38, 0, 0, 27, 15, 15, 17, 27, 17, 0]
