2884
2792
2792
2792
2632
2632
2632
2603
2603
2603
1101
1101
1045
1045
1045
1045
1045
1045
1045
1045
1045
1045
999
999
999
999
999
992
992
992
992
992
992
992
992
992
992
992
992
988
988
988
988
988
988
988
988
988
988
988
988
974
974
974
974
974
974
974
974
974
974
974
974
974
974
974
974
974
974
974
974
974
974
974
974
974
964
964
964
964
964
964
964
964
964
964
964
964
964
964
964
964
964
964
964
964
964
964
964
964
964
964
959
959
959
959
959
959
959
959
959
959
947
947
947
947
947
947
947
947
947
947
947
947
947
947
947
937
937
937
937
937
937
937
937
937
937
937
937
937
937
937
937
937
937
937
932
932
932
932
932
932
932
932
932
932
932
932
932
932
932
932
932
932
932
932
932
932
932
932
932
932
932
932
932
932
932
932
932
932
932
932
932
932
932
932
932
932
932
932
932
932
932
932
932
932
932
932
932
932
