2884
2723
1232
1232
1232
1232
1232
1232
1232
1232
1232
1232
1232
1232
1232
1232
1232
1232
1232
1232
1232
1232
1232
1232
1232
1232
1232
1232
1232
1232
1232
1232
1232
1232
1232
1232
1232
1232
1232
1065
1065
1065
1065
1065
1065
1065
1065
1065
1065
1065
1065
1065
1065
1065
1065
1065
1065
1065
1065
1065
1065
1065
1065
1065
1065
1065
1065
1065
1065
1044
752
752
752
752
752
752
752
752
752
752
752
752
752
752
752
752
752
752
752
752
752
752
752
752
752
752
752
752
752
752
752
752
752
752
752
752
752
752
752
752
752
752
752
752
752
752
752
752
752
180
180
180
180
180
180
180
180
180
180
180
180
180
180
180
180
180
180
180
180
180
180
