2884
1235
1235
1235
1235
1235
1235
1235
1235
1235
1235
1235
1235
1235
1235
1235
1235
1235
1235
1215
1215
1215
1215
1215
1215
1215
1215
1215
1215
1215
1215
1082
1082
1082
1082
1082
1082
1082
1082
1082
946
946
946
946
946
946
946
946
946
942
942
942
942
942
942
942
942
942
942
942
942
938
938
938
938
938
938
938
938
938
937
937
937
937
937
937
937
937
937
937
937
937
937
937
937
937
937
937
937
937
937
937
937
937
937
933
933
933
933
927
927
927
927
927
927
921
921
921
921
921
921
921
921
921
921
921
921
921
921
921
921
921
921
921
921
921
921
921
915
915
915
915
915
915
915
915
915
915
915
915
915
898
898
898
898
898
898
898
898
898
898
898
898
898
897
897
897
897
897
897
897
897
897
897
897
897
897
897
897
897
897
897
897
897
897
897
897
897
897
897
897
897
897
897
897
897
897
897
897
897
897
897
897
897
897
897
897
897
897
897
