1	Solution - 	2884	191	853	92	0	20	[0, 31, 50, 22, 40, 31, 50, 22, 40, 0, 0, 3, 4, 46, 5, 3, 4, 46, 5, 0, 0, 21, 7, 47, 11, 21, 7, 47, 11, 0, 0, 8, 26, 9, 8, 26, 9, 0, 0, 30, 37, 48, 30, 37, 48, 0, 0, 12, 44, 15, 27, 12, 44, 15, 27, 0, 0, 20, 42, 32, 20, 42, 32, 0, 0, 19, 19, 0, 0, 23, 2, 6, 23, 2, 6, 0, 0, 10, 10, 0, 0, 49, 35, 18, 13, 49, 35, 18, 13, 0, 0, 25, 16, 45, 33, 25, 16, 45, 33, 0, 0, 1, 1, 0, 0, 38, 14, 38, 14, 0, 0, 34, 34, 0, 0, 28, 43, 28, 43, 0, 0, 39, 36, 41, 39, 36, 41, 0, 0, 29, 29, 0, 0, 24, 24, 0, 0, 17, 17, 0]
2	Solution - 	2792	191	853	92	0	19	[0, 31, 50, 22, 40, 31, 50, 22, 40, 0, 0, 3, 4, 46, 5, 3, 4, 46, 5, 0, 0, 21, 7, 47, 11, 21, 7, 47, 11, 0, 0, 8, 26, 9, 8, 26, 9, 0, 0, 30, 37, 48, 30, 37, 48, 0, 0, 12, 44, 15, 27, 12, 44, 15, 27, 0, 0, 20, 42, 32, 20, 42, 32, 0, 0, 19, 19, 0, 0, 23, 2, 6, 23, 2, 6, 0, 0, 10, 10, 0, 0, 49, 35, 18, 13, 49, 35, 18, 13, 0, 0, 25, 45, 33, 25, 45, 33, 0, 0, 1, 1, 0, 0, 38, 14, 38, 14, 0, 0, 34, 34, 16, 24, 16, 24, 0, 0, 28, 43, 28, 43, 0, 0, 39, 36, 41, 39, 36, 41, 0, 0, 29, 29, 0, 0, 17, 17, 0]
3	Solution - 	2792	191	853	92	0	19	[0, 31, 50, 22, 40, 31, 50, 22, 40, 0, 0, 3, 4, 46, 5, 3, 4, 46, 5, 0, 0, 21, 7, 47, 11, 21, 7, 47, 11, 0, 0, 8, 26, 9, 8, 26, 9, 0, 0, 30, 37, 48, 30, 37, 48, 0, 0, 12, 44, 15, 27, 12, 44, 15, 27, 0, 0, 20, 42, 32, 20, 42, 32, 0, 0, 19, 19, 0, 0, 23, 2, 6, 23, 2, 6, 0, 0, 10, 10, 0, 0, 49, 35, 18, 13, 49, 35, 18, 13, 0, 0, 25, 45, 33, 25, 45, 33, 0, 0, 1, 1, 0, 0, 38, 14, 38, 14, 0, 0, 34, 34, 16, 24, 16, 24, 0, 0, 28, 43, 28, 43, 0, 0, 39, 36, 41, 39, 36, 41, 0, 0, 29, 29, 0, 0, 17, 17, 0]
4	Solution - 	2776	187	841	92	0	19	[0, 31, 50, 22, 40, 31, 50, 22, 40, 0, 0, 3, 4, 46, 5, 3, 4, 46, 5, 0, 0, 21, 7, 47, 11, 21, 7, 47, 11, 0, 0, 8, 26, 9, 8, 26, 9, 0, 0, 30, 37, 48, 30, 37, 48, 0, 0, 12, 44, 15, 27, 12, 44, 15, 27, 0, 0, 20, 42, 32, 20, 42, 32, 0, 0, 19, 19, 0, 0, 23, 2, 6, 23, 2, 6, 0, 0, 10, 10, 0, 0, 49, 35, 18, 13, 49, 35, 18, 13, 0, 0, 25, 45, 33, 25, 45, 33, 0, 0, 1, 1, 0, 0, 14, 14, 0, 0, 34, 34, 16, 24, 16, 24, 28, 43, 28, 43, 0, 0, 38, 38, 0, 0, 39, 36, 41, 39, 36, 41, 0, 0, 29, 29, 0, 0, 17, 17, 0]
5	Solution - 	2776	187	841	92	0	19	[0, 31, 50, 22, 40, 31, 50, 22, 40, 0, 0, 3, 4, 46, 5, 3, 4, 46, 5, 0, 0, 21, 7, 47, 11, 21, 7, 47, 11, 0, 0, 8, 26, 9, 8, 26, 9, 0, 0, 30, 37, 48, 30, 37, 48, 0, 0, 12, 44, 15, 27, 12, 44, 15, 27, 0, 0, 20, 42, 32, 20, 42, 32, 0, 0, 19, 19, 0, 0, 23, 2, 6, 23, 2, 6, 0, 0, 10, 10, 0, 0, 49, 35, 18, 13, 49, 35, 18, 13, 0, 0, 25, 45, 33, 25, 45, 33, 0, 0, 1, 1, 0, 0, 14, 14, 0, 0, 34, 34, 16, 24, 16, 24, 28, 43, 28, 43, 0, 0, 38, 38, 0, 0, 39, 36, 41, 39, 36, 41, 0, 0, 29, 29, 0, 0, 17, 17, 0]
6	Solution - 	2575	190	846	81	0	19	[0, 31, 50, 22, 40, 31, 50, 22, 40, 0, 0, 3, 4, 46, 5, 3, 4, 46, 5, 0, 0, 21, 7, 47, 11, 21, 7, 47, 11, 0, 0, 8, 26, 9, 8, 26, 9, 0, 0, 30, 37, 48, 30, 37, 48, 0, 0, 12, 44, 15, 27, 12, 44, 15, 27, 0, 0, 20, 42, 32, 20, 42, 32, 0, 0, 19, 19, 0, 0, 23, 2, 23, 2, 0, 0, 10, 10, 0, 0, 49, 35, 18, 13, 49, 35, 18, 13, 0, 0, 25, 25, 0, 0, 1, 1, 0, 0, 45, 33, 14, 45, 33, 14, 0, 0, 34, 34, 16, 24, 16, 24, 28, 43, 28, 43, 0, 0, 38, 38, 0, 0, 39, 36, 41, 39, 36, 41, 0, 0, 29, 29, 0, 0, 6, 6, 17, 17, 0]
7	Solution - 	2575	190	846	81	0	19	[0, 31, 50, 22, 40, 31, 50, 22, 40, 0, 0, 3, 4, 46, 5, 3, 4, 46, 5, 0, 0, 21, 7, 47, 11, 21, 7, 47, 11, 0, 0, 8, 26, 9, 8, 26, 9, 0, 0, 30, 37, 48, 30, 37, 48, 0, 0, 12, 44, 15, 27, 12, 44, 15, 27, 0, 0, 20, 42, 32, 20, 42, 32, 0, 0, 19, 19, 0, 0, 23, 2, 23, 2, 0, 0, 10, 10, 0, 0, 49, 35, 18, 13, 49, 35, 18, 13, 0, 0, 25, 25, 0, 0, 1, 1, 0, 0, 45, 33, 14, 45, 33, 14, 0, 0, 34, 34, 16, 24, 16, 24, 28, 43, 28, 43, 0, 0, 38, 38, 0, 0, 39, 36, 41, 39, 36, 41, 0, 0, 29, 29, 0, 0, 6, 6, 17, 17, 0]
8	Solution - 	2575	190	846	81	0	19	[0, 31, 50, 22, 40, 31, 50, 22, 40, 0, 0, 3, 4, 46, 5, 3, 4, 46, 5, 0, 0, 21, 7, 47, 11, 21, 7, 47, 11, 0, 0, 8, 26, 9, 8, 26, 9, 0, 0, 30, 37, 48, 30, 37, 48, 0, 0, 12, 44, 15, 27, 12, 44, 15, 27, 0, 0, 20, 42, 32, 20, 42, 32, 0, 0, 19, 19, 0, 0, 23, 2, 23, 2, 0, 0, 10, 10, 0, 0, 49, 35, 18, 13, 49, 35, 18, 13, 0, 0, 25, 25, 0, 0, 1, 1, 0, 0, 45, 33, 14, 45, 33, 14, 0, 0, 34, 34, 16, 24, 16, 24, 28, 43, 28, 43, 0, 0, 38, 38, 0, 0, 39, 36, 41, 39, 36, 41, 0, 0, 29, 29, 0, 0, 6, 6, 17, 17, 0]
9	Solution - 	2575	190	846	81	0	19	[0, 31, 50, 22, 40, 31, 50, 22, 40, 0, 0, 3, 4, 46, 5, 3, 4, 46, 5, 0, 0, 21, 7, 47, 11, 21, 7, 47, 11, 0, 0, 8, 26, 9, 8, 26, 9, 0, 0, 30, 37, 48, 30, 37, 48, 0, 0, 12, 44, 15, 27, 12, 44, 15, 27, 0, 0, 20, 42, 32, 20, 42, 32, 0, 0, 19, 19, 0, 0, 23, 2, 23, 2, 0, 0, 10, 10, 0, 0, 49, 35, 18, 13, 49, 35, 18, 13, 0, 0, 25, 25, 0, 0, 1, 1, 0, 0, 45, 33, 14, 45, 33, 14, 0, 0, 34, 34, 16, 24, 16, 24, 28, 43, 28, 43, 0, 0, 38, 38, 0, 0, 39, 36, 41, 39, 36, 41, 0, 0, 29, 29, 0, 0, 6, 6, 17, 17, 0]
10	Solution - 	2575	190	846	81	0	19	[0, 31, 50, 22, 40, 31, 50, 22, 40, 0, 0, 3, 4, 46, 5, 3, 4, 46, 5, 0, 0, 21, 7, 47, 11, 21, 7, 47, 11, 0, 0, 8, 26, 9, 8, 26, 9, 0, 0, 30, 37, 48, 30, 37, 48, 0, 0, 12, 44, 15, 27, 12, 44, 15, 27, 0, 0, 20, 42, 32, 20, 42, 32, 0, 0, 19, 19, 0, 0, 23, 2, 23, 2, 0, 0, 10, 10, 0, 0, 49, 35, 18, 13, 49, 35, 18, 13, 0, 0, 25, 25, 0, 0, 1, 1, 0, 0, 45, 33, 14, 45, 33, 14, 0, 0, 34, 34, 16, 24, 16, 24, 28, 43, 28, 43, 0, 0, 38, 38, 0, 0, 39, 36, 41, 39, 36, 41, 0, 0, 29, 29, 0, 0, 6, 6, 17, 17, 0]
11	Solution - 	2486	190	838	81	0	18	[0, 31, 50, 22, 40, 31, 50, 22, 40, 0, 0, 3, 4, 46, 5, 3, 4, 46, 5, 0, 0, 21, 7, 47, 11, 21, 7, 47, 11, 0, 0, 8, 26, 9, 8, 26, 9, 0, 0, 30, 37, 48, 30, 37, 48, 0, 0, 12, 44, 15, 27, 12, 44, 15, 27, 0, 0, 20, 42, 32, 20, 42, 32, 0, 0, 19, 19, 0, 0, 23, 2, 23, 2, 0, 0, 10, 10, 0, 0, 49, 35, 18, 13, 49, 35, 18, 13, 0, 0, 25, 25, 0, 0, 1, 1, 0, 0, 45, 33, 14, 45, 33, 14, 0, 0, 34, 34, 16, 24, 16, 24, 28, 43, 28, 43, 38, 38, 0, 0, 39, 36, 41, 39, 36, 41, 0, 0, 29, 29, 0, 0, 6, 6, 17, 17, 0]
12	Solution - 	2474	186	830	81	0	18	[0, 31, 50, 22, 40, 31, 50, 22, 40, 0, 0, 3, 4, 46, 5, 3, 4, 46, 5, 0, 0, 21, 7, 47, 11, 21, 7, 47, 11, 0, 0, 8, 26, 9, 8, 26, 9, 0, 0, 30, 37, 48, 30, 37, 48, 0, 0, 12, 44, 15, 27, 12, 44, 15, 27, 0, 0, 20, 42, 32, 20, 42, 32, 0, 0, 19, 19, 0, 0, 23, 2, 23, 2, 0, 0, 10, 10, 0, 0, 49, 35, 18, 13, 49, 35, 18, 13, 25, 45, 33, 25, 45, 33, 0, 0, 1, 1, 0, 0, 14, 14, 0, 0, 34, 34, 16, 24, 16, 24, 28, 43, 28, 43, 0, 0, 38, 38, 0, 0, 39, 36, 41, 39, 36, 41, 0, 0, 29, 29, 0, 0, 6, 6, 17, 17, 0]
13	Solution - 	2474	186	830	81	0	18	[0, 31, 50, 22, 40, 31, 50, 22, 40, 0, 0, 3, 4, 46, 5, 3, 4, 46, 5, 0, 0, 21, 7, 47, 11, 21, 7, 47, 11, 0, 0, 8, 26, 9, 8, 26, 9, 0, 0, 30, 37, 48, 30, 37, 48, 0, 0, 12, 44, 15, 27, 12, 44, 15, 27, 0, 0, 20, 42, 32, 20, 42, 32, 0, 0, 19, 19, 0, 0, 23, 2, 23, 2, 0, 0, 10, 10, 0, 0, 49, 35, 18, 13, 49, 35, 18, 13, 25, 45, 33, 25, 45, 33, 0, 0, 1, 1, 0, 0, 14, 14, 0, 0, 34, 34, 16, 24, 16, 24, 28, 43, 28, 43, 0, 0, 38, 38, 0, 0, 39, 36, 41, 39, 36, 41, 0, 0, 29, 29, 0, 0, 6, 6, 17, 17, 0]
14	Solution - 	1076	177	785	6	1	19	[0, 50, 31, 40, 31, 50, 22, 22, 40, 0, 0, 5, 4, 3, 4, 3, 46, 46, 5, 0, 0, 21, 7, 47, 11, 21, 7, 11, 47, 0, 0, 26, 8, 9, 8, 26, 9, 0, 0, 48, 37, 30, 30, 37, 48, 0, 0, 12, 44, 12, 27, 44, 15, 15, 27, 0, 0, 20, 42, 20, 32, 42, 32, 0, 0, 19, 19, 0, 0, 23, 23, 2, 2, 0, 0, 10, 10, 0, 0, 49, 49, 35, 13, 18, 35, 13, 18, 0, 0, 25, 25, 0, 0, 1, 1, 0, 0, 45, 45, 33, 33, 14, 14, 0, 0, 34, 34, 16, 28, 24, 16, 24, 43, 43, 28, 0, 0, 38, 38, 0, 0, 39, 41, 39, 36, 36, 41, 0, 0, 29, 29, 0, 0, 6, 6, 17, 17, 0]
15	Solution - 	1076	177	785	6	1	19	[0, 50, 31, 40, 31, 50, 22, 22, 40, 0, 0, 5, 4, 3, 4, 3, 46, 46, 5, 0, 0, 21, 7, 47, 11, 21, 7, 11, 47, 0, 0, 26, 8, 9, 8, 26, 9, 0, 0, 48, 37, 30, 30, 37, 48, 0, 0, 12, 44, 12, 27, 44, 15, 15, 27, 0, 0, 20, 42, 20, 32, 42, 32, 0, 0, 19, 19, 0, 0, 23, 23, 2, 2, 0, 0, 10, 10, 0, 0, 49, 49, 35, 13, 18, 35, 13, 18, 0, 0, 25, 25, 0, 0, 1, 1, 0, 0, 45, 45, 33, 33, 14, 14, 0, 0, 34, 34, 16, 28, 24, 16, 24, 43, 43, 28, 0, 0, 38, 38, 0, 0, 39, 41, 39, 36, 36, 41, 0, 0, 29, 29, 0, 0, 6, 6, 17, 17, 0]
16	Solution - 	1076	177	785	6	1	19	[0, 50, 31, 40, 31, 50, 22, 22, 40, 0, 0, 5, 4, 3, 4, 3, 46, 46, 5, 0, 0, 21, 7, 47, 11, 21, 7, 11, 47, 0, 0, 26, 8, 9, 8, 26, 9, 0, 0, 48, 37, 30, 30, 37, 48, 0, 0, 12, 44, 12, 27, 44, 15, 15, 27, 0, 0, 20, 42, 20, 32, 42, 32, 0, 0, 19, 19, 0, 0, 23, 23, 2, 2, 0, 0, 10, 10, 0, 0, 49, 49, 35, 13, 18, 35, 13, 18, 0, 0, 25, 25, 0, 0, 1, 1, 0, 0, 45, 45, 33, 33, 14, 14, 0, 0, 34, 34, 16, 28, 24, 16, 24, 43, 43, 28, 0, 0, 38, 38, 0, 0, 39, 41, 39, 36, 36, 41, 0, 0, 29, 29, 0, 0, 6, 6, 17, 17, 0]
17	Solution - 	1076	177	785	6	1	19	[0, 50, 31, 40, 31, 50, 22, 22, 40, 0, 0, 5, 4, 3, 4, 3, 46, 46, 5, 0, 0, 21, 7, 47, 11, 21, 7, 11, 47, 0, 0, 26, 8, 9, 8, 26, 9, 0, 0, 48, 37, 30, 30, 37, 48, 0, 0, 12, 44, 12, 27, 44, 15, 15, 27, 0, 0, 20, 42, 20, 32, 42, 32, 0, 0, 19, 19, 0, 0, 23, 23, 2, 2, 0, 0, 10, 10, 0, 0, 49, 49, 35, 13, 18, 35, 13, 18, 0, 0, 25, 25, 0, 0, 1, 1, 0, 0, 45, 45, 33, 33, 14, 14, 0, 0, 34, 34, 16, 28, 24, 16, 24, 43, 43, 28, 0, 0, 38, 38, 0, 0, 39, 41, 39, 36, 36, 41, 0, 0, 29, 29, 0, 0, 6, 6, 17, 17, 0]
18	Solution - 	1076	177	785	6	1	19	[0, 50, 31, 40, 31, 50, 22, 22, 40, 0, 0, 5, 4, 3, 4, 3, 46, 46, 5, 0, 0, 21, 7, 47, 11, 21, 7, 11, 47, 0, 0, 26, 8, 9, 8, 26, 9, 0, 0, 48, 37, 30, 30, 37, 48, 0, 0, 12, 44, 12, 27, 44, 15, 15, 27, 0, 0, 20, 42, 20, 32, 42, 32, 0, 0, 19, 19, 0, 0, 23, 23, 2, 2, 0, 0, 10, 10, 0, 0, 49, 49, 35, 13, 18, 35, 13, 18, 0, 0, 25, 25, 0, 0, 1, 1, 0, 0, 45, 45, 33, 33, 14, 14, 0, 0, 34, 34, 16, 28, 24, 16, 24, 43, 43, 28, 0, 0, 38, 38, 0, 0, 39, 41, 39, 36, 36, 41, 0, 0, 29, 29, 0, 0, 6, 6, 17, 17, 0]
19	Solution - 	1076	177	785	6	1	19	[0, 50, 31, 40, 31, 50, 22, 22, 40, 0, 0, 5, 4, 3, 4, 3, 46, 46, 5, 0, 0, 21, 7, 47, 11, 21, 7, 11, 47, 0, 0, 26, 8, 9, 8, 26, 9, 0, 0, 48, 37, 30, 30, 37, 48, 0, 0, 12, 44, 12, 27, 44, 15, 15, 27, 0, 0, 20, 42, 20, 32, 42, 32, 0, 0, 19, 19, 0, 0, 23, 23, 2, 2, 0, 0, 10, 10, 0, 0, 49, 49, 35, 13, 18, 35, 13, 18, 0, 0, 25, 25, 0, 0, 1, 1, 0, 0, 45, 45, 33, 33, 14, 14, 0, 0, 34, 34, 16, 28, 24, 16, 24, 43, 43, 28, 0, 0, 38, 38, 0, 0, 39, 41, 39, 36, 36, 41, 0, 0, 29, 29, 0, 0, 6, 6, 17, 17, 0]
20	Solution - 	1076	177	785	6	1	19	[0, 50, 31, 40, 31, 50, 22, 22, 40, 0, 0, 5, 4, 3, 4, 3, 46, 46, 5, 0, 0, 21, 7, 47, 11, 21, 7, 11, 47, 0, 0, 26, 8, 9, 8, 26, 9, 0, 0, 48, 37, 30, 30, 37, 48, 0, 0, 12, 44, 12, 27, 44, 15, 15, 27, 0, 0, 20, 42, 20, 32, 42, 32, 0, 0, 19, 19, 0, 0, 23, 23, 2, 2, 0, 0, 10, 10, 0, 0, 49, 49, 35, 13, 18, 35, 13, 18, 0, 0, 25, 25, 0, 0, 1, 1, 0, 0, 45, 45, 33, 33, 14, 14, 0, 0, 34, 34, 16, 28, 24, 16, 24, 43, 43, 28, 0, 0, 38, 38, 0, 0, 39, 41, 39, 36, 36, 41, 0, 0, 29, 29, 0, 0, 6, 6, 17, 17, 0]
21	Solution - 	1076	177	785	6	1	19	[0, 50, 31, 40, 31, 50, 22, 22, 40, 0, 0, 5, 4, 3, 4, 3, 46, 46, 5, 0, 0, 21, 7, 47, 11, 21, 7, 11, 47, 0, 0, 26, 8, 9, 8, 26, 9, 0, 0, 48, 37, 30, 30, 37, 48, 0, 0, 12, 44, 12, 27, 44, 15, 15, 27, 0, 0, 20, 42, 20, 32, 42, 32, 0, 0, 19, 19, 0, 0, 23, 23, 2, 2, 0, 0, 10, 10, 0, 0, 49, 49, 35, 13, 18, 35, 13, 18, 0, 0, 25, 25, 0, 0, 1, 1, 0, 0, 45, 45, 33, 33, 14, 14, 0, 0, 34, 34, 16, 28, 24, 16, 24, 43, 43, 28, 0, 0, 38, 38, 0, 0, 39, 41, 39, 36, 36, 41, 0, 0, 29, 29, 0, 0, 6, 6, 17, 17, 0]
22	Solution - 	1076	177	785	6	1	19	[0, 50, 31, 40, 31, 50, 22, 22, 40, 0, 0, 5, 4, 3, 4, 3, 46, 46, 5, 0, 0, 21, 7, 47, 11, 21, 7, 11, 47, 0, 0, 26, 8, 9, 8, 26, 9, 0, 0, 48, 37, 30, 30, 37, 48, 0, 0, 12, 44, 12, 27, 44, 15, 15, 27, 0, 0, 20, 42, 20, 32, 42, 32, 0, 0, 19, 19, 0, 0, 23, 23, 2, 2, 0, 0, 10, 10, 0, 0, 49, 49, 35, 13, 18, 35, 13, 18, 0, 0, 25, 25, 0, 0, 1, 1, 0, 0, 45, 45, 33, 33, 14, 14, 0, 0, 34, 34, 16, 28, 24, 16, 24, 43, 43, 28, 0, 0, 38, 38, 0, 0, 39, 41, 39, 36, 36, 41, 0, 0, 29, 29, 0, 0, 6, 6, 17, 17, 0]
23	Solution - 	1076	177	785	6	1	19	[0, 50, 31, 40, 31, 50, 22, 22, 40, 0, 0, 5, 4, 3, 4, 3, 46, 46, 5, 0, 0, 21, 7, 47, 11, 21, 7, 11, 47, 0, 0, 26, 8, 9, 8, 26, 9, 0, 0, 48, 37, 30, 30, 37, 48, 0, 0, 12, 44, 12, 27, 44, 15, 15, 27, 0, 0, 20, 42, 20, 32, 42, 32, 0, 0, 19, 19, 0, 0, 23, 23, 2, 2, 0, 0, 10, 10, 0, 0, 49, 49, 35, 13, 18, 35, 13, 18, 0, 0, 25, 25, 0, 0, 1, 1, 0, 0, 45, 45, 33, 33, 14, 14, 0, 0, 34, 34, 16, 28, 24, 16, 24, 43, 43, 28, 0, 0, 38, 38, 0, 0, 39, 41, 39, 36, 36, 41, 0, 0, 29, 29, 0, 0, 6, 6, 17, 17, 0]
24	Solution - 	1076	177	785	6	1	19	[0, 50, 31, 40, 31, 50, 22, 22, 40, 0, 0, 5, 4, 3, 4, 3, 46, 46, 5, 0, 0, 21, 7, 47, 11, 21, 7, 11, 47, 0, 0, 26, 8, 9, 8, 26, 9, 0, 0, 48, 37, 30, 30, 37, 48, 0, 0, 12, 44, 12, 27, 44, 15, 15, 27, 0, 0, 20, 42, 20, 32, 42, 32, 0, 0, 19, 19, 0, 0, 23, 23, 2, 2, 0, 0, 10, 10, 0, 0, 49, 49, 35, 13, 18, 35, 13, 18, 0, 0, 25, 25, 0, 0, 1, 1, 0, 0, 45, 45, 33, 33, 14, 14, 0, 0, 34, 34, 16, 28, 24, 16, 24, 43, 43, 28, 0, 0, 38, 38, 0, 0, 39, 41, 39, 36, 36, 41, 0, 0, 29, 29, 0, 0, 6, 6, 17, 17, 0]
25	Solution - 	1076	177	785	6	1	19	[0, 50, 31, 40, 31, 50, 22, 22, 40, 0, 0, 5, 4, 3, 4, 3, 46, 46, 5, 0, 0, 21, 7, 47, 11, 21, 7, 11, 47, 0, 0, 26, 8, 9, 8, 26, 9, 0, 0, 48, 37, 30, 30, 37, 48, 0, 0, 12, 44, 12, 27, 44, 15, 15, 27, 0, 0, 20, 42, 20, 32, 42, 32, 0, 0, 19, 19, 0, 0, 23, 23, 2, 2, 0, 0, 10, 10, 0, 0, 49, 49, 35, 13, 18, 35, 13, 18, 0, 0, 25, 25, 0, 0, 1, 1, 0, 0, 45, 45, 33, 33, 14, 14, 0, 0, 34, 34, 16, 28, 24, 16, 24, 43, 43, 28, 0, 0, 38, 38, 0, 0, 39, 41, 39, 36, 36, 41, 0, 0, 29, 29, 0, 0, 6, 6, 17, 17, 0]
26	Solution - 	1076	177	785	6	1	19	[0, 50, 31, 40, 31, 50, 22, 22, 40, 0, 0, 5, 4, 3, 4, 3, 46, 46, 5, 0, 0, 21, 7, 47, 11, 21, 7, 11, 47, 0, 0, 26, 8, 9, 8, 26, 9, 0, 0, 48, 37, 30, 30, 37, 48, 0, 0, 12, 44, 12, 27, 44, 15, 15, 27, 0, 0, 20, 42, 20, 32, 42, 32, 0, 0, 19, 19, 0, 0, 23, 23, 2, 2, 0, 0, 10, 10, 0, 0, 49, 49, 35, 13, 18, 35, 13, 18, 0, 0, 25, 25, 0, 0, 1, 1, 0, 0, 45, 45, 33, 33, 14, 14, 0, 0, 34, 34, 16, 28, 24, 16, 24, 43, 43, 28, 0, 0, 38, 38, 0, 0, 39, 41, 39, 36, 36, 41, 0, 0, 29, 29, 0, 0, 6, 6, 17, 17, 0]
27	Solution - 	1076	177	785	6	1	19	[0, 50, 31, 40, 31, 50, 22, 22, 40, 0, 0, 5, 4, 3, 4, 3, 46, 46, 5, 0, 0, 21, 7, 47, 11, 21, 7, 11, 47, 0, 0, 26, 8, 9, 8, 26, 9, 0, 0, 48, 37, 30, 30, 37, 48, 0, 0, 12, 44, 12, 27, 44, 15, 15, 27, 0, 0, 20, 42, 20, 32, 42, 32, 0, 0, 19, 19, 0, 0, 23, 23, 2, 2, 0, 0, 10, 10, 0, 0, 49, 49, 35, 13, 18, 35, 13, 18, 0, 0, 25, 25, 0, 0, 1, 1, 0, 0, 45, 45, 33, 33, 14, 14, 0, 0, 34, 34, 16, 28, 24, 16, 24, 43, 43, 28, 0, 0, 38, 38, 0, 0, 39, 41, 39, 36, 36, 41, 0, 0, 29, 29, 0, 0, 6, 6, 17, 17, 0]
28	Solution - 	979	176	784	1	0	19	[0, 22, 50, 31, 31, 50, 40, 22, 40, 0, 0, 3, 4, 46, 3, 4, 5, 46, 5, 0, 0, 21, 7, 47, 11, 21, 7, 47, 11, 0, 0, 26, 8, 9, 8, 26, 9, 0, 0, 48, 37, 30, 30, 37, 48, 0, 0, 12, 44, 12, 15, 44, 15, 27, 27, 0, 0, 20, 20, 42, 32, 42, 32, 0, 0, 19, 19, 0, 0, 23, 23, 2, 2, 0, 0, 10, 10, 0, 0, 49, 49, 35, 13, 18, 35, 13, 18, 0, 0, 25, 25, 0, 0, 1, 1, 0, 0, 45, 45, 33, 33, 14, 14, 0, 0, 34, 34, 16, 16, 28, 24, 24, 43, 43, 28, 0, 0, 38, 38, 0, 0, 41, 39, 36, 39, 41, 36, 0, 0, 29, 29, 0, 0, 6, 6, 17, 17, 0]
29	Solution - 	979	176	784	1	0	19	[0, 22, 50, 31, 31, 50, 40, 22, 40, 0, 0, 3, 4, 46, 3, 4, 5, 46, 5, 0, 0, 21, 7, 47, 11, 21, 7, 47, 11, 0, 0, 26, 8, 9, 8, 26, 9, 0, 0, 48, 37, 30, 30, 37, 48, 0, 0, 12, 44, 12, 15, 44, 15, 27, 27, 0, 0, 20, 20, 42, 32, 42, 32, 0, 0, 19, 19, 0, 0, 23, 23, 2, 2, 0, 0, 10, 10, 0, 0, 49, 49, 35, 13, 18, 35, 13, 18, 0, 0, 25, 25, 0, 0, 1, 1, 0, 0, 45, 45, 33, 33, 14, 14, 0, 0, 34, 34, 16, 16, 28, 24, 24, 43, 43, 28, 0, 0, 38, 38, 0, 0, 41, 39, 36, 39, 41, 36, 0, 0, 29, 29, 0, 0, 6, 6, 17, 17, 0]
30	Solution - 	979	176	784	1	0	19	[0, 22, 50, 31, 31, 50, 40, 22, 40, 0, 0, 3, 4, 46, 3, 4, 5, 46, 5, 0, 0, 21, 7, 47, 11, 21, 7, 47, 11, 0, 0, 26, 8, 9, 8, 26, 9, 0, 0, 48, 37, 30, 30, 37, 48, 0, 0, 12, 44, 12, 15, 44, 15, 27, 27, 0, 0, 20, 20, 42, 32, 42, 32, 0, 0, 19, 19, 0, 0, 23, 23, 2, 2, 0, 0, 10, 10, 0, 0, 49, 49, 35, 13, 18, 35, 13, 18, 0, 0, 25, 25, 0, 0, 1, 1, 0, 0, 45, 45, 33, 33, 14, 14, 0, 0, 34, 34, 16, 16, 28, 24, 24, 43, 43, 28, 0, 0, 38, 38, 0, 0, 41, 39, 36, 39, 41, 36, 0, 0, 29, 29, 0, 0, 6, 6, 17, 17, 0]
31	Solution - 	979	176	784	1	0	19	[0, 22, 50, 31, 31, 50, 40, 22, 40, 0, 0, 3, 4, 46, 3, 4, 5, 46, 5, 0, 0, 21, 7, 47, 11, 21, 7, 47, 11, 0, 0, 26, 8, 9, 8, 26, 9, 0, 0, 48, 37, 30, 30, 37, 48, 0, 0, 12, 44, 12, 15, 44, 15, 27, 27, 0, 0, 20, 20, 42, 32, 42, 32, 0, 0, 19, 19, 0, 0, 23, 23, 2, 2, 0, 0, 10, 10, 0, 0, 49, 49, 35, 13, 18, 35, 13, 18, 0, 0, 25, 25, 0, 0, 1, 1, 0, 0, 45, 45, 33, 33, 14, 14, 0, 0, 34, 34, 16, 16, 28, 24, 24, 43, 43, 28, 0, 0, 38, 38, 0, 0, 41, 39, 36, 39, 41, 36, 0, 0, 29, 29, 0, 0, 6, 6, 17, 17, 0]
32	Solution - 	979	176	784	1	0	19	[0, 22, 50, 31, 31, 50, 40, 22, 40, 0, 0, 3, 4, 46, 3, 4, 5, 46, 5, 0, 0, 21, 7, 47, 11, 21, 7, 47, 11, 0, 0, 26, 8, 9, 8, 26, 9, 0, 0, 48, 37, 30, 30, 37, 48, 0, 0, 12, 44, 12, 15, 44, 15, 27, 27, 0, 0, 20, 20, 42, 32, 42, 32, 0, 0, 19, 19, 0, 0, 23, 23, 2, 2, 0, 0, 10, 10, 0, 0, 49, 49, 35, 13, 18, 35, 13, 18, 0, 0, 25, 25, 0, 0, 1, 1, 0, 0, 45, 45, 33, 33, 14, 14, 0, 0, 34, 34, 16, 16, 28, 24, 24, 43, 43, 28, 0, 0, 38, 38, 0, 0, 41, 39, 36, 39, 41, 36, 0, 0, 29, 29, 0, 0, 6, 6, 17, 17, 0]
33	Solution - 	979	176	784	1	0	19	[0, 22, 50, 31, 31, 50, 40, 22, 40, 0, 0, 3, 4, 46, 3, 4, 5, 46, 5, 0, 0, 21, 7, 47, 11, 21, 7, 47, 11, 0, 0, 26, 8, 9, 8, 26, 9, 0, 0, 48, 37, 30, 30, 37, 48, 0, 0, 12, 44, 12, 15, 44, 15, 27, 27, 0, 0, 20, 20, 42, 32, 42, 32, 0, 0, 19, 19, 0, 0, 23, 23, 2, 2, 0, 0, 10, 10, 0, 0, 49, 49, 35, 13, 18, 35, 13, 18, 0, 0, 25, 25, 0, 0, 1, 1, 0, 0, 45, 45, 33, 33, 14, 14, 0, 0, 34, 34, 16, 16, 28, 24, 24, 43, 43, 28, 0, 0, 38, 38, 0, 0, 41, 39, 36, 39, 41, 36, 0, 0, 29, 29, 0, 0, 6, 6, 17, 17, 0]
34	Solution - 	979	176	784	1	0	19	[0, 22, 50, 31, 31, 50, 40, 22, 40, 0, 0, 3, 4, 46, 3, 4, 5, 46, 5, 0, 0, 21, 7, 47, 11, 21, 7, 47, 11, 0, 0, 26, 8, 9, 8, 26, 9, 0, 0, 48, 37, 30, 30, 37, 48, 0, 0, 12, 44, 12, 15, 44, 15, 27, 27, 0, 0, 20, 20, 42, 32, 42, 32, 0, 0, 19, 19, 0, 0, 23, 23, 2, 2, 0, 0, 10, 10, 0, 0, 49, 49, 35, 13, 18, 35, 13, 18, 0, 0, 25, 25, 0, 0, 1, 1, 0, 0, 45, 45, 33, 33, 14, 14, 0, 0, 34, 34, 16, 16, 28, 24, 24, 43, 43, 28, 0, 0, 38, 38, 0, 0, 41, 39, 36, 39, 41, 36, 0, 0, 29, 29, 0, 0, 6, 6, 17, 17, 0]
35	Solution - 	972	175	778	1	0	19	[0, 22, 50, 31, 31, 50, 40, 22, 40, 0, 0, 4, 3, 46, 4, 3, 5, 46, 5, 0, 0, 21, 7, 47, 11, 21, 7, 11, 47, 0, 0, 26, 8, 9, 8, 26, 9, 0, 0, 48, 37, 30, 30, 37, 48, 0, 0, 12, 15, 12, 44, 44, 15, 27, 27, 0, 0, 20, 20, 42, 32, 42, 32, 0, 0, 19, 19, 0, 0, 23, 23, 2, 2, 0, 0, 10, 10, 0, 0, 49, 49, 35, 13, 18, 35, 13, 18, 0, 0, 25, 25, 0, 0, 1, 1, 0, 0, 45, 45, 33, 33, 14, 14, 0, 0, 34, 34, 16, 24, 28, 16, 24, 43, 28, 43, 0, 0, 38, 38, 0, 0, 39, 39, 36, 41, 41, 36, 0, 0, 29, 29, 0, 0, 6, 6, 17, 17, 0]
36	Solution - 	972	175	778	1	0	19	[0, 22, 50, 31, 31, 50, 40, 22, 40, 0, 0, 4, 3, 46, 4, 3, 5, 46, 5, 0, 0, 21, 7, 47, 11, 21, 7, 11, 47, 0, 0, 26, 8, 9, 8, 26, 9, 0, 0, 48, 37, 30, 30, 37, 48, 0, 0, 12, 15, 12, 44, 44, 15, 27, 27, 0, 0, 20, 20, 42, 32, 42, 32, 0, 0, 19, 19, 0, 0, 23, 23, 2, 2, 0, 0, 10, 10, 0, 0, 49, 49, 35, 13, 18, 35, 13, 18, 0, 0, 25, 25, 0, 0, 1, 1, 0, 0, 45, 45, 33, 33, 14, 14, 0, 0, 34, 34, 16, 24, 28, 16, 24, 43, 28, 43, 0, 0, 38, 38, 0, 0, 39, 39, 36, 41, 41, 36, 0, 0, 29, 29, 0, 0, 6, 6, 17, 17, 0]
37	Solution - 	972	175	778	1	0	19	[0, 22, 50, 31, 31, 50, 40, 22, 40, 0, 0, 4, 3, 46, 4, 3, 5, 46, 5, 0, 0, 21, 7, 47, 11, 21, 7, 11, 47, 0, 0, 26, 8, 9, 8, 26, 9, 0, 0, 48, 37, 30, 30, 37, 48, 0, 0, 12, 15, 12, 44, 44, 15, 27, 27, 0, 0, 20, 20, 42, 32, 42, 32, 0, 0, 19, 19, 0, 0, 23, 23, 2, 2, 0, 0, 10, 10, 0, 0, 49, 49, 35, 13, 18, 35, 13, 18, 0, 0, 25, 25, 0, 0, 1, 1, 0, 0, 45, 45, 33, 33, 14, 14, 0, 0, 34, 34, 16, 24, 28, 16, 24, 43, 28, 43, 0, 0, 38, 38, 0, 0, 39, 39, 36, 41, 41, 36, 0, 0, 29, 29, 0, 0, 6, 6, 17, 17, 0]
38	Solution - 	972	175	778	1	0	19	[0, 22, 50, 31, 31, 50, 40, 22, 40, 0, 0, 4, 3, 46, 4, 3, 5, 46, 5, 0, 0, 21, 7, 47, 11, 21, 7, 11, 47, 0, 0, 26, 8, 9, 8, 26, 9, 0, 0, 48, 37, 30, 30, 37, 48, 0, 0, 12, 15, 12, 44, 44, 15, 27, 27, 0, 0, 20, 20, 42, 32, 42, 32, 0, 0, 19, 19, 0, 0, 23, 23, 2, 2, 0, 0, 10, 10, 0, 0, 49, 49, 35, 13, 18, 35, 13, 18, 0, 0, 25, 25, 0, 0, 1, 1, 0, 0, 45, 45, 33, 33, 14, 14, 0, 0, 34, 34, 16, 24, 28, 16, 24, 43, 28, 43, 0, 0, 38, 38, 0, 0, 39, 39, 36, 41, 41, 36, 0, 0, 29, 29, 0, 0, 6, 6, 17, 17, 0]
39	Solution - 	972	175	778	1	0	19	[0, 22, 50, 31, 31, 50, 40, 22, 40, 0, 0, 4, 3, 46, 4, 3, 5, 46, 5, 0, 0, 21, 7, 47, 11, 21, 7, 11, 47, 0, 0, 26, 8, 9, 8, 26, 9, 0, 0, 48, 37, 30, 30, 37, 48, 0, 0, 12, 15, 12, 44, 44, 15, 27, 27, 0, 0, 20, 20, 42, 32, 42, 32, 0, 0, 19, 19, 0, 0, 23, 23, 2, 2, 0, 0, 10, 10, 0, 0, 49, 49, 35, 13, 18, 35, 13, 18, 0, 0, 25, 25, 0, 0, 1, 1, 0, 0, 45, 45, 33, 33, 14, 14, 0, 0, 34, 34, 16, 24, 28, 16, 24, 43, 28, 43, 0, 0, 38, 38, 0, 0, 39, 39, 36, 41, 41, 36, 0, 0, 29, 29, 0, 0, 6, 6, 17, 17, 0]
40	Solution - 	972	175	778	1	0	19	[0, 22, 50, 31, 31, 50, 40, 22, 40, 0, 0, 4, 3, 46, 4, 3, 5, 46, 5, 0, 0, 21, 7, 47, 11, 21, 7, 11, 47, 0, 0, 26, 8, 9, 8, 26, 9, 0, 0, 48, 37, 30, 30, 37, 48, 0, 0, 12, 15, 12, 44, 44, 15, 27, 27, 0, 0, 20, 20, 42, 32, 42, 32, 0, 0, 19, 19, 0, 0, 23, 23, 2, 2, 0, 0, 10, 10, 0, 0, 49, 49, 35, 13, 18, 35, 13, 18, 0, 0, 25, 25, 0, 0, 1, 1, 0, 0, 45, 45, 33, 33, 14, 14, 0, 0, 34, 34, 16, 24, 28, 16, 24, 43, 28, 43, 0, 0, 38, 38, 0, 0, 39, 39, 36, 41, 41, 36, 0, 0, 29, 29, 0, 0, 6, 6, 17, 17, 0]
41	Solution - 	972	175	778	1	0	19	[0, 22, 50, 31, 31, 50, 40, 22, 40, 0, 0, 4, 3, 46, 4, 3, 5, 46, 5, 0, 0, 21, 7, 47, 11, 21, 7, 11, 47, 0, 0, 26, 8, 9, 8, 26, 9, 0, 0, 48, 37, 30, 30, 37, 48, 0, 0, 12, 15, 12, 44, 44, 15, 27, 27, 0, 0, 20, 20, 42, 32, 42, 32, 0, 0, 19, 19, 0, 0, 23, 23, 2, 2, 0, 0, 10, 10, 0, 0, 49, 49, 35, 13, 18, 35, 13, 18, 0, 0, 25, 25, 0, 0, 1, 1, 0, 0, 45, 45, 33, 33, 14, 14, 0, 0, 34, 34, 16, 24, 28, 16, 24, 43, 28, 43, 0, 0, 38, 38, 0, 0, 39, 39, 36, 41, 41, 36, 0, 0, 29, 29, 0, 0, 6, 6, 17, 17, 0]
42	Solution - 	972	175	778	1	0	19	[0, 22, 50, 31, 31, 50, 40, 22, 40, 0, 0, 4, 3, 46, 4, 3, 5, 46, 5, 0, 0, 21, 7, 47, 11, 21, 7, 11, 47, 0, 0, 26, 8, 9, 8, 26, 9, 0, 0, 48, 37, 30, 30, 37, 48, 0, 0, 12, 15, 12, 44, 44, 15, 27, 27, 0, 0, 20, 20, 42, 32, 42, 32, 0, 0, 19, 19, 0, 0, 23, 23, 2, 2, 0, 0, 10, 10, 0, 0, 49, 49, 35, 13, 18, 35, 13, 18, 0, 0, 25, 25, 0, 0, 1, 1, 0, 0, 45, 45, 33, 33, 14, 14, 0, 0, 34, 34, 16, 24, 28, 16, 24, 43, 28, 43, 0, 0, 38, 38, 0, 0, 39, 39, 36, 41, 41, 36, 0, 0, 29, 29, 0, 0, 6, 6, 17, 17, 0]
43	Solution - 	972	175	778	1	0	19	[0, 22, 50, 31, 31, 50, 40, 22, 40, 0, 0, 4, 3, 46, 4, 3, 5, 46, 5, 0, 0, 21, 7, 47, 11, 21, 7, 11, 47, 0, 0, 26, 8, 9, 8, 26, 9, 0, 0, 48, 37, 30, 30, 37, 48, 0, 0, 12, 15, 12, 44, 44, 15, 27, 27, 0, 0, 20, 20, 42, 32, 42, 32, 0, 0, 19, 19, 0, 0, 23, 23, 2, 2, 0, 0, 10, 10, 0, 0, 49, 49, 35, 13, 18, 35, 13, 18, 0, 0, 25, 25, 0, 0, 1, 1, 0, 0, 45, 45, 33, 33, 14, 14, 0, 0, 34, 34, 16, 24, 28, 16, 24, 43, 28, 43, 0, 0, 38, 38, 0, 0, 39, 39, 36, 41, 41, 36, 0, 0, 29, 29, 0, 0, 6, 6, 17, 17, 0]
44	Solution - 	972	175	778	1	0	19	[0, 22, 50, 31, 31, 50, 40, 22, 40, 0, 0, 4, 3, 46, 4, 3, 5, 46, 5, 0, 0, 21, 7, 47, 11, 21, 7, 11, 47, 0, 0, 26, 8, 9, 8, 26, 9, 0, 0, 48, 37, 30, 30, 37, 48, 0, 0, 12, 15, 12, 44, 44, 15, 27, 27, 0, 0, 20, 20, 42, 32, 42, 32, 0, 0, 19, 19, 0, 0, 23, 23, 2, 2, 0, 0, 10, 10, 0, 0, 49, 49, 35, 13, 18, 35, 13, 18, 0, 0, 25, 25, 0, 0, 1, 1, 0, 0, 45, 45, 33, 33, 14, 14, 0, 0, 34, 34, 16, 24, 28, 16, 24, 43, 28, 43, 0, 0, 38, 38, 0, 0, 39, 39, 36, 41, 41, 36, 0, 0, 29, 29, 0, 0, 6, 6, 17, 17, 0]
45	Solution - 	972	175	778	1	0	19	[0, 22, 50, 31, 31, 50, 40, 22, 40, 0, 0, 4, 3, 46, 4, 3, 5, 46, 5, 0, 0, 21, 7, 47, 11, 21, 7, 11, 47, 0, 0, 26, 8, 9, 8, 26, 9, 0, 0, 48, 37, 30, 30, 37, 48, 0, 0, 12, 15, 12, 44, 44, 15, 27, 27, 0, 0, 20, 20, 42, 32, 42, 32, 0, 0, 19, 19, 0, 0, 23, 23, 2, 2, 0, 0, 10, 10, 0, 0, 49, 49, 35, 13, 18, 35, 13, 18, 0, 0, 25, 25, 0, 0, 1, 1, 0, 0, 45, 45, 33, 33, 14, 14, 0, 0, 34, 34, 16, 24, 28, 16, 24, 43, 28, 43, 0, 0, 38, 38, 0, 0, 39, 39, 36, 41, 41, 36, 0, 0, 29, 29, 0, 0, 6, 6, 17, 17, 0]
46	Solution - 	972	175	778	1	0	19	[0, 22, 50, 31, 31, 50, 40, 22, 40, 0, 0, 4, 3, 46, 4, 3, 5, 46, 5, 0, 0, 21, 7, 47, 11, 21, 7, 11, 47, 0, 0, 26, 8, 9, 8, 26, 9, 0, 0, 48, 37, 30, 30, 37, 48, 0, 0, 12, 15, 12, 44, 44, 15, 27, 27, 0, 0, 20, 20, 42, 32, 42, 32, 0, 0, 19, 19, 0, 0, 23, 23, 2, 2, 0, 0, 10, 10, 0, 0, 49, 49, 35, 13, 18, 35, 13, 18, 0, 0, 25, 25, 0, 0, 1, 1, 0, 0, 45, 45, 33, 33, 14, 14, 0, 0, 34, 34, 16, 24, 28, 16, 24, 43, 28, 43, 0, 0, 38, 38, 0, 0, 39, 39, 36, 41, 41, 36, 0, 0, 29, 29, 0, 0, 6, 6, 17, 17, 0]
