2715
2715
2715
2715
2715
2715
2715
2715
2715
1235
1235
1235
1235
1235
1235
1235
1235
1235
1235
1200
1200
1200
1200
1092
1092
1092
1092
1092
1092
1084
1084
1068
1068
1068
1068
1060
1060
1060
1060
1060
1060
1060
1060
1060
1060
1060
1060
1060
1047
1033
1033
1033
1033
1033
1033
1033
1033
1033
1033
1033
960
960
960
960
960
960
960
960
960
960
960
960
960
960
960
960
960
960
960
960
960
960
960
960
960
960
960
960
960
960
960
960
960
960
960
960
960
960
960
960
960
960
960
960
954
954
954
954
954
954
941
941
941
941
941
941
941
941
941
941
941
941
941
941
941
941
941
941
941
941
941
941
941
932
932
932
932
932
932
932
932
932
932
932
932
932
932
932
932
932
932
932
932
932
930
930
930
930
930
930
930
930
930
930
930
930
930
930
930
930
930
930
930
930
930
930
930
928
928
928
928
928
928
928
928
928
928
928
928
928
928
928
928
928
928
928
928
928
928
928
