3208
3087
3087
3087
3087
3087
3087
2579
2579
2579
2579
2579
2579
2579
2579
2579
2579
2579
2579
2579
2579
2579
2579
2579
2579
2579
2579
2579
2579
2579
2579
2579
2579
2579
2579
2579
2579
2579
2579
2579
2579
2579
2579
2579
2579
2579
2579
2579
2579
2579
2579
2579
2579
2579
2579
2579
2579
2579
2579
2579
2579
2579
2579
2579
2579
2579
2579
2579
2579
2579
2579
2579
2579
2579
2579
2579
2579
2579
2579
2579
2579
2579
2579
2579
2579
2579
2579
2579
2579
2579
2579
2579
2579
2579
2579
2579
2579
2579
2579
2579
