3235
3235
3235
3235
3235
3087
3087
3087
3087
3087
3087
3087
3087
3087
3087
3087
3087
3087
2982
2982
2982
2982
2982
2982
2982
2982
2982
2982
2982
2982
2982
2982
2982
2982
2982
2982
2982
2982
2982
2982
2982
2982
2982
2982
2842
2842
2842
2842
2842
2842
2842
2842
2842
2842
2842
2842
2842
2842
2842
2842
2842
2842
2842
2842
2842
2842
2842
2842
2842
2842
2842
2579
2579
2579
2579
2579
2579
2579
2579
2579
2579
2579
2579
2579
2579
2579
2579
2579
2579
2579
2579
2579
2579
2579
2579
2579
2579
2579
2579
2579
