0	Solution - 3280	187	832	119	0	19
1	Solution - 3280	187	832	119	0	19
2	Solution - 3190	190	844	98	0	22
3	Solution - 3190	190	844	98	0	22
4	Solution - 3183	183	815	115	0	19
5	Solution - 3183	183	815	115	0	19
6	Solution - 3183	183	815	115	0	19
7	Solution - 3067	192	855	101	0	20
8	Solution - 3067	192	855	101	0	20
9	Solution - 3067	192	855	101	0	20
10	Solution - 3067	192	855	101	0	20
11	Solution - 3067	192	855	101	0	20
12	Solution - 3067	192	855	101	0	20
13	Solution - 3067	192	855	101	0	20
14	Solution - 3067	192	855	101	0	20
15	Solution - 3067	192	855	101	0	20
16	Solution - 3067	192	855	101	0	20
17	Solution - 3067	192	855	101	0	20
18	Solution - 3067	192	855	101	0	20
19	Solution - 3067	192	855	101	0	20
20	Solution - 3067	192	855	101	0	20
21	Solution - 3067	192	855	101	0	20
22	Solution - 3067	192	855	101	0	20
23	Solution - 3067	192	855	101	0	20
24	Solution - 3067	192	855	101	0	20
25	Solution - 3067	192	855	101	0	20
26	Solution - 3067	192	855	101	0	20
27	Solution - 2911	186	817	106	0	18
28	Solution - 2911	186	817	106	0	18
29	Solution - 2911	186	817	106	0	18
30	Solution - 2911	186	817	106	0	18
31	Solution - 2911	186	817	106	0	18
32	Solution - 2911	186	817	106	0	18
33	Solution - 2911	186	817	106	0	18
34	Solution - 2911	186	817	106	0	18
35	Solution - 2911	186	817	106	0	18
36	Solution - 2911	186	817	106	0	18
37	Solution - 2911	186	817	106	0	18
38	Solution - 2911	186	817	106	0	18
39	Solution - 2911	186	817	106	0	18
40	Solution - 2911	186	817	106	0	18
41	Solution - 2911	186	817	106	0	18
42	Solution - 2911	186	817	106	0	18
43	Solution - 2911	186	817	106	0	18
44	Solution - 2911	186	817	106	0	18
45	Solution - 2911	186	817	106	0	18
46	Solution - 2911	186	817	106	0	18
47	Solution - 2911	186	817	106	0	18
48	Solution - 2911	186	817	106	0	18
49	Solution - 2911	186	817	106	0	18
50	Solution - 2904	187	836	99	0	19
51	Solution - 2904	187	836	99	0	19
52	Solution - 2827	191	854	99	0	18
53	Solution - 2827	191	854	99	0	18
54	Solution - 2827	191	854	99	0	18
55	Solution - 2827	191	854	99	0	18
56	Solution - 2827	191	854	99	0	18
57	Solution - 2827	191	854	99	0	18
58	Solution - 2827	191	854	99	0	18
59	Solution - 2827	191	854	99	0	18
60	Solution - 2827	191	854	99	0	18
61	Solution - 2827	191	854	99	0	18
62	Solution - 2827	191	854	99	0	18
63	Solution - 2827	191	854	99	0	18
64	Solution - 2827	191	854	99	0	18
65	Solution - 2827	191	854	99	0	18
66	Solution - 2760	186	828	97	0	18
67	Solution - 2579	172	787	108	0	15
68	Solution - 2579	172	787	108	0	15
69	Solution - 2579	172	787	108	0	15
70	Solution - 2579	172	787	108	0	15
71	Solution - 2579	172	787	108	0	15
72	Solution - 2579	172	787	108	0	15
73	Solution - 2579	172	787	108	0	15
74	Solution - 2579	172	787	108	0	15
75	Solution - 2579	172	787	108	0	15
76	Solution - 2579	172	787	108	0	15
77	Solution - 2579	172	787	108	0	15
78	Solution - 2579	172	787	108	0	15
79	Solution - 2579	172	787	108	0	15
80	Solution - 2579	172	787	108	0	15
81	Solution - 2579	172	787	108	0	15
82	Solution - 2579	172	787	108	0	15
83	Solution - 2579	172	787	108	0	15
84	Solution - 2579	172	787	108	0	15
85	Solution - 2579	172	787	108	0	15
86	Solution - 2579	172	787	108	0	15
87	Solution - 2579	172	787	108	0	15
88	Solution - 2579	172	787	108	0	15
89	Solution - 2579	172	787	108	0	15
90	Solution - 2579	172	787	108	0	15
91	Solution - 2579	172	787	108	0	15
92	Solution - 2579	172	787	108	0	15
93	Solution - 2579	172	787	108	0	15
94	Solution - 2579	172	787	108	0	15
95	Solution - 2579	172	787	108	0	15
96	Solution - 2579	172	787	108	0	15
97	Solution - 2579	172	787	108	0	15
98	Solution - 2579	172	787	108	0	15
99	Solution - 2579	172	787	108	0	15
