Solution - 3057	190	847	101	0	20
Solution - 3812	192	848	132	0	21
Solution - 3330	189	837	128	0	18
Solution - 3188	184	820	104	0	21
Solution - 3196	193	863	107	0	20
Solution - 3786	186	840	138	0	20
Solution - 3235	182	821	124	0	18
Solution - 3254	193	861	110	0	20
Solution - 3556	195	861	125	0	20
Solution - 3895	193	864	129	0	22
Solution - 3313	182	809	129	0	18
Solution - 3122	189	843	110	0	19
Solution - 3599	184	815	130	0	20
Solution - 3520	183	829	132	0	19
Solution - 3979	189	826	156	0	19
Solution - 3950	185	825	140	0	21
Solution - 3576	182	811	123	0	21
Solution - 3208	192	850	114	0	19
Solution - 2786	177	804	95	0	19
Solution - 3135	166	742	131	0	17
Solution - 3183	183	815	115	0	19
Solution - 2900	182	810	106	0	18
Solution - 3583	187	836	128	0	20
Solution - 2786	177	804	95	0	19
Solution - 2842	183	806	109	0	17
Solution - 3196	193	863	107	0	20
Solution - 3122	189	843	110	0	19
Solution - 3133	193	850	110	0	19
Solution - 3410	186	830	133	0	18
Solution - 3895	193	864	129	0	22
