3133
3133
3062
3062
3062
3062
3062
3062
3062
3062
3062
2789
2789
2789
2789
2789
2789
2789
2789
2789
2789
2789
2789
2789
2789
2789
2789
2789
2789
2789
2789
2789
2789
2789
2789
2579
2579
2579
2579
2579
2579
2579
2579
2579
2579
2579
2579
2579
2579
2579
2579
2579
2579
2579
2579
2579
2579
2579
2579
2579
2579
2579
2579
2579
2579
2579
2579
2579
2579
2579
2579
2579
2579
2579
2579
2579
2579
2579
2579
2579
2579
2579
2579
2579
2579
2579
2579
2579
2579
2579
2579
2579
2579
2579
2579
2579
2579
2579
2579
2579
