0	Solution - 3330	189	837	128	0	18
1	Solution - 3254	193	861	110	0	20
2	Solution - 3196	193	863	107	0	20
3	Solution - 3052	180	801	109	0	19
4	Solution - 3052	180	801	109	0	19
5	Solution - 2982	189	840	93	0	21
6	Solution - 2982	189	840	93	0	21
7	Solution - 2982	189	840	93	0	21
8	Solution - 2982	189	840	93	0	21
9	Solution - 2982	189	840	93	0	21
10	Solution - 2982	189	840	93	0	21
11	Solution - 2982	189	840	93	0	21
12	Solution - 2904	187	836	99	0	19
13	Solution - 2904	187	836	99	0	19
14	Solution - 2904	187	836	99	0	19
15	Solution - 2904	187	836	99	0	19
16	Solution - 2904	187	836	99	0	19
17	Solution - 2904	187	836	99	0	19
18	Solution - 2904	187	836	99	0	19
19	Solution - 2904	187	836	99	0	19
20	Solution - 2904	187	836	99	0	19
21	Solution - 2904	187	836	99	0	19
22	Solution - 2904	187	836	99	0	19
23	Solution - 2904	187	836	99	0	19
24	Solution - 2904	187	836	99	0	19
25	Solution - 2904	187	836	99	0	19
26	Solution - 2904	187	836	99	0	19
27	Solution - 2904	187	836	99	0	19
28	Solution - 2904	187	836	99	0	19
29	Solution - 2904	187	836	99	0	19
30	Solution - 2904	187	836	99	0	19
31	Solution - 2900	182	810	106	0	18
32	Solution - 2900	182	810	106	0	18
33	Solution - 2900	182	810	106	0	18
34	Solution - 2900	182	810	106	0	18
35	Solution - 2900	182	810	106	0	18
36	Solution - 2786	177	804	95	0	19
37	Solution - 2786	177	804	95	0	19
38	Solution - 2786	177	804	95	0	19
39	Solution - 2786	177	804	95	0	19
40	Solution - 2786	177	804	95	0	19
41	Solution - 2786	177	804	95	0	19
42	Solution - 2786	177	804	95	0	19
43	Solution - 2786	177	804	95	0	19
44	Solution - 2786	177	804	95	0	19
45	Solution - 2786	177	804	95	0	19
46	Solution - 2786	177	804	95	0	19
47	Solution - 2786	177	804	95	0	19
48	Solution - 2786	177	804	95	0	19
49	Solution - 2786	177	804	95	0	19
50	Solution - 2786	177	804	95	0	19
51	Solution - 2786	177	804	95	0	19
52	Solution - 2786	177	804	95	0	19
53	Solution - 2786	177	804	95	0	19
54	Solution - 2786	177	804	95	0	19
55	Solution - 2786	177	804	95	0	19
56	Solution - 2786	177	804	95	0	19
57	Solution - 2786	177	804	95	0	19
58	Solution - 2786	177	804	95	0	19
59	Solution - 2786	177	804	95	0	19
60	Solution - 2786	177	804	95	0	19
61	Solution - 2786	177	804	95	0	19
62	Solution - 2786	177	804	95	0	19
63	Solution - 2786	177	804	95	0	19
64	Solution - 2786	177	804	95	0	19
65	Solution - 2786	177	804	95	0	19
66	Solution - 2786	177	804	95	0	19
67	Solution - 2786	177	804	95	0	19
68	Solution - 2786	177	804	95	0	19
69	Solution - 2786	177	804	95	0	19
70	Solution - 2786	177	804	95	0	19
71	Solution - 2786	177	804	95	0	19
72	Solution - 2786	177	804	95	0	19
73	Solution - 2786	177	804	95	0	19
74	Solution - 2786	177	804	95	0	19
75	Solution - 2786	177	804	95	0	19
76	Solution - 2786	177	804	95	0	19
77	Solution - 2786	177	804	95	0	19
78	Solution - 2786	177	804	95	0	19
79	Solution - 2786	177	804	95	0	19
80	Solution - 2786	177	804	95	0	19
81	Solution - 2786	177	804	95	0	19
82	Solution - 2786	177	804	95	0	19
83	Solution - 2786	177	804	95	0	19
84	Solution - 2786	177	804	95	0	19
85	Solution - 2786	177	804	95	0	19
86	Solution - 2786	177	804	95	0	19
87	Solution - 2786	177	804	95	0	19
88	Solution - 2786	177	804	95	0	19
89	Solution - 2786	177	804	95	0	19
90	Solution - 2786	177	804	95	0	19
91	Solution - 2786	177	804	95	0	19
92	Solution - 2786	177	804	95	0	19
93	Solution - 2786	177	804	95	0	19
94	Solution - 2786	177	804	95	0	19
95	Solution - 2786	177	804	95	0	19
96	Solution - 2786	177	804	95	0	19
97	Solution - 2786	177	804	95	0	19
98	Solution - 2786	177	804	95	0	19
99	Solution - 2786	177	804	95	0	19
