0	Solution - 3786	186	840	138	0	20
1	Solution - 3434	190	850	114	0	21
2	Solution - 2900	182	810	106	0	18
3	Solution - 2900	182	810	106	0	18
4	Solution - 2900	182	810	106	0	18
5	Solution - 2900	182	810	106	0	18
6	Solution - 2900	182	810	106	0	18
7	Solution - 2900	182	810	106	0	18
8	Solution - 2900	182	810	106	0	18
9	Solution - 2900	182	810	106	0	18
10	Solution - 2900	182	810	106	0	18
11	Solution - 2900	182	810	106	0	18
12	Solution - 2900	182	810	106	0	18
13	Solution - 2900	182	810	106	0	18
14	Solution - 2900	182	810	106	0	18
15	Solution - 2827	191	854	99	0	18
16	Solution - 2827	191	854	99	0	18
17	Solution - 2827	191	854	99	0	18
18	Solution - 2827	191	854	99	0	18
19	Solution - 2827	191	854	99	0	18
20	Solution - 2827	191	854	99	0	18
21	Solution - 2827	191	854	99	0	18
22	Solution - 2827	191	854	99	0	18
23	Solution - 2827	191	854	99	0	18
24	Solution - 2827	191	854	99	0	18
25	Solution - 2827	191	854	99	0	18
26	Solution - 2827	191	854	99	0	18
27	Solution - 2827	191	854	99	0	18
28	Solution - 2827	191	854	99	0	18
29	Solution - 2827	191	854	99	0	18
30	Solution - 2827	191	854	99	0	18
31	Solution - 2827	191	854	99	0	18
32	Solution - 2827	191	854	99	0	18
33	Solution - 2827	191	854	99	0	18
34	Solution - 2827	191	854	99	0	18
35	Solution - 2827	191	854	99	0	18
36	Solution - 2827	191	854	99	0	18
37	Solution - 2827	191	854	99	0	18
38	Solution - 2827	191	854	99	0	18
39	Solution - 2827	191	854	99	0	18
40	Solution - 2827	191	854	99	0	18
41	Solution - 2827	191	854	99	0	18
42	Solution - 2827	191	854	99	0	18
43	Solution - 2827	191	854	99	0	18
44	Solution - 2827	191	854	99	0	18
45	Solution - 2827	191	854	99	0	18
46	Solution - 2827	191	854	99	0	18
47	Solution - 2827	191	854	99	0	18
48	Solution - 2827	191	854	99	0	18
49	Solution - 2786	177	804	95	0	19
50	Solution - 2786	177	804	95	0	19
51	Solution - 2786	177	804	95	0	19
52	Solution - 2786	177	804	95	0	19
53	Solution - 2786	177	804	95	0	19
54	Solution - 2786	177	804	95	0	19
55	Solution - 2786	177	804	95	0	19
56	Solution - 2786	177	804	95	0	19
57	Solution - 2786	177	804	95	0	19
58	Solution - 2786	177	804	95	0	19
59	Solution - 2786	177	804	95	0	19
60	Solution - 2786	177	804	95	0	19
61	Solution - 2786	177	804	95	0	19
62	Solution - 2786	177	804	95	0	19
63	Solution - 2786	177	804	95	0	19
64	Solution - 2786	177	804	95	0	19
65	Solution - 2786	177	804	95	0	19
66	Solution - 2786	177	804	95	0	19
67	Solution - 2786	177	804	95	0	19
68	Solution - 2786	177	804	95	0	19
69	Solution - 2786	177	804	95	0	19
70	Solution - 2786	177	804	95	0	19
71	Solution - 2786	177	804	95	0	19
72	Solution - 2786	177	804	95	0	19
73	Solution - 2786	177	804	95	0	19
74	Solution - 2786	177	804	95	0	19
75	Solution - 2786	177	804	95	0	19
76	Solution - 2786	177	804	95	0	19
77	Solution - 2786	177	804	95	0	19
78	Solution - 2786	177	804	95	0	19
79	Solution - 2786	177	804	95	0	19
80	Solution - 2786	177	804	95	0	19
81	Solution - 2786	177	804	95	0	19
82	Solution - 2786	177	804	95	0	19
83	Solution - 2714	185	828	81	0	21
84	Solution - 2714	185	828	81	0	21
85	Solution - 2714	185	828	81	0	21
86	Solution - 2714	185	828	81	0	21
87	Solution - 2714	185	828	81	0	21
88	Solution - 2714	185	828	81	0	21
89	Solution - 2714	185	828	81	0	21
90	Solution - 2714	185	828	81	0	21
91	Solution - 2714	185	828	81	0	21
92	Solution - 2714	185	828	81	0	21
93	Solution - 2714	185	828	81	0	21
94	Solution - 2714	185	828	81	0	21
95	Solution - 2714	185	828	81	0	21
96	Solution - 2714	185	828	81	0	21
97	Solution - 2714	185	828	81	0	21
98	Solution - 2714	185	828	81	0	21
99	Solution - 2714	185	828	81	0	21
