3583
3583
3162
3162
3162
3162
2990
2990
2990
2990
2990
2990
2579
2579
2579
2579
2579
2579
2579
2579
2579
2579
2579
2579
2579
2579
2579
2579
2579
2579
2579
2579
2579
2579
2579
2579
2579
2579
2579
2579
2579
2579
2579
2579
2579
2579
2579
2579
2579
2579
2579
2579
2579
2579
2579
2579
2579
2579
2579
2579
2579
2579
2579
2579
2579
2579
2579
2579
2579
2579
2579
2579
2579
2579
2579
2579
2579
2579
2579
2579
2579
2579
2579
2579
2579
2579
2579
2579
2579
2579
2579
2579
2579
2579
2579
2579
2579
2579
2579
2579
