0	Solution - 3087	194	860	107	0	19
1	Solution - 3087	194	860	107	0	19
2	Solution - 3087	194	860	107	0	19
3	Solution - 3087	194	860	107	0	19
4	Solution - 3087	194	860	107	0	19
5	Solution - 3087	194	860	107	0	19
6	Solution - 3087	194	860	107	0	19
7	Solution - 3087	194	860	107	0	19
8	Solution - 3087	194	860	107	0	19
9	Solution - 3087	194	860	107	0	19
10	Solution - 3087	194	860	107	0	19
11	Solution - 3087	194	860	107	0	19
12	Solution - 3087	194	860	107	0	19
13	Solution - 3087	194	860	107	0	19
14	Solution - 3087	194	860	107	0	19
15	Solution - 3087	194	860	107	0	19
16	Solution - 3087	194	860	107	0	19
17	Solution - 3087	194	860	107	0	19
18	Solution - 3087	194	860	107	0	19
19	Solution - 3087	194	860	107	0	19
20	Solution - 3087	194	860	107	0	19
21	Solution - 3087	194	860	107	0	19
22	Solution - 3087	194	860	107	0	19
23	Solution - 3087	194	860	107	0	19
24	Solution - 3087	194	860	107	0	19
25	Solution - 3087	194	860	107	0	19
26	Solution - 3087	194	860	107	0	19
27	Solution - 3087	194	860	107	0	19
28	Solution - 3087	194	860	107	0	19
29	Solution - 3087	194	860	107	0	19
30	Solution - 3087	194	860	107	0	19
31	Solution - 3087	194	860	107	0	19
32	Solution - 3087	194	860	107	0	19
33	Solution - 3087	194	860	107	0	19
34	Solution - 3087	194	860	107	0	19
35	Solution - 3087	194	860	107	0	19
36	Solution - 3087	194	860	107	0	19
37	Solution - 3087	194	860	107	0	19
38	Solution - 3087	194	860	107	0	19
39	Solution - 3087	194	860	107	0	19
40	Solution - 3087	194	860	107	0	19
41	Solution - 3087	194	860	107	0	19
42	Solution - 3087	194	860	107	0	19
43	Solution - 3087	194	860	107	0	19
44	Solution - 3087	194	860	107	0	19
45	Solution - 3087	194	860	107	0	19
46	Solution - 3087	194	860	107	0	19
47	Solution - 3087	194	860	107	0	19
48	Solution - 3087	194	860	107	0	19
49	Solution - 2714	185	828	81	0	21
50	Solution - 2714	185	828	81	0	21
51	Solution - 2714	185	828	81	0	21
52	Solution - 2714	185	828	81	0	21
53	Solution - 2714	185	828	81	0	21
54	Solution - 2714	185	828	81	0	21
55	Solution - 2714	185	828	81	0	21
56	Solution - 2714	185	828	81	0	21
57	Solution - 2714	185	828	81	0	21
58	Solution - 2714	185	828	81	0	21
59	Solution - 2714	185	828	81	0	21
60	Solution - 2714	185	828	81	0	21
61	Solution - 2714	185	828	81	0	21
62	Solution - 2714	185	828	81	0	21
63	Solution - 2714	185	828	81	0	21
64	Solution - 2714	185	828	81	0	21
65	Solution - 2714	185	828	81	0	21
66	Solution - 2714	185	828	81	0	21
67	Solution - 2714	185	828	81	0	21
68	Solution - 2714	185	828	81	0	21
69	Solution - 2714	185	828	81	0	21
70	Solution - 2714	185	828	81	0	21
71	Solution - 2714	185	828	81	0	21
72	Solution - 2714	185	828	81	0	21
73	Solution - 2714	185	828	81	0	21
74	Solution - 2714	185	828	81	0	21
75	Solution - 2714	185	828	81	0	21
76	Solution - 2714	185	828	81	0	21
77	Solution - 2714	185	828	81	0	21
78	Solution - 2714	185	828	81	0	21
79	Solution - 2714	185	828	81	0	21
80	Solution - 2714	185	828	81	0	21
81	Solution - 2714	185	828	81	0	21
82	Solution - 2714	185	828	81	0	21
83	Solution - 2714	185	828	81	0	21
84	Solution - 2714	185	828	81	0	21
85	Solution - 2714	185	828	81	0	21
86	Solution - 2714	185	828	81	0	21
87	Solution - 2714	185	828	81	0	21
88	Solution - 2714	185	828	81	0	21
89	Solution - 2714	185	828	81	0	21
90	Solution - 2714	185	828	81	0	21
91	Solution - 2714	185	828	81	0	21
92	Solution - 2714	185	828	81	0	21
93	Solution - 2714	185	828	81	0	21
94	Solution - 2714	185	828	81	0	21
95	Solution - 2714	185	828	81	0	21
96	Solution - 2714	185	828	81	0	21
97	Solution - 2714	185	828	81	0	21
98	Solution - 2714	185	828	81	0	21
99	Solution - 2714	185	828	81	0	21
