0	Solution - 3646	187	834	125	0	21
1	Solution - 3330	189	837	128	0	18
2	Solution - 3188	184	820	104	0	21
3	Solution - 3188	184	820	104	0	21
4	Solution - 3188	184	820	104	0	21
5	Solution - 3062	185	817	103	0	20
6	Solution - 3062	185	817	103	0	20
7	Solution - 3062	185	817	103	0	20
8	Solution - 3062	185	817	103	0	20
9	Solution - 3062	185	817	103	0	20
10	Solution - 3062	185	817	103	0	20
11	Solution - 3062	185	817	103	0	20
12	Solution - 3062	185	817	103	0	20
13	Solution - 3062	185	817	103	0	20
14	Solution - 3062	185	817	103	0	20
15	Solution - 3062	185	817	103	0	20
16	Solution - 3062	185	817	103	0	20
17	Solution - 3062	185	817	103	0	20
18	Solution - 3062	185	817	103	0	20
19	Solution - 3062	185	817	103	0	20
20	Solution - 3062	185	817	103	0	20
21	Solution - 3062	185	817	103	0	20
22	Solution - 3062	185	817	103	0	20
23	Solution - 3062	185	817	103	0	20
24	Solution - 3062	185	817	103	0	20
25	Solution - 3062	185	817	103	0	20
26	Solution - 3062	185	817	103	0	20
27	Solution - 3062	185	817	103	0	20
28	Solution - 3062	185	817	103	0	20
29	Solution - 3062	185	817	103	0	20
30	Solution - 3062	185	817	103	0	20
31	Solution - 3062	185	817	103	0	20
32	Solution - 3062	185	817	103	0	20
33	Solution - 3062	185	817	103	0	20
34	Solution - 3062	185	817	103	0	20
35	Solution - 3062	185	817	103	0	20
36	Solution - 3062	185	817	103	0	20
37	Solution - 3062	185	817	103	0	20
38	Solution - 3062	185	817	103	0	20
39	Solution - 3062	185	817	103	0	20
40	Solution - 2990	183	809	111	0	18
41	Solution - 2990	183	809	111	0	18
42	Solution - 2990	183	809	111	0	18
43	Solution - 2990	183	809	111	0	18
44	Solution - 2990	183	809	111	0	18
45	Solution - 2990	183	809	111	0	18
46	Solution - 2990	183	809	111	0	18
47	Solution - 2982	189	840	93	0	21
48	Solution - 2982	189	840	93	0	21
49	Solution - 2982	189	840	93	0	21
50	Solution - 2982	189	840	93	0	21
51	Solution - 2982	189	840	93	0	21
52	Solution - 2982	189	840	93	0	21
53	Solution - 2982	189	840	93	0	21
54	Solution - 2982	189	840	93	0	21
55	Solution - 2982	189	840	93	0	21
56	Solution - 2982	189	840	93	0	21
57	Solution - 2982	189	840	93	0	21
58	Solution - 2904	187	836	99	0	19
59	Solution - 2904	187	836	99	0	19
60	Solution - 2904	187	836	99	0	19
61	Solution - 2904	187	836	99	0	19
62	Solution - 2904	187	836	99	0	19
63	Solution - 2904	187	836	99	0	19
64	Solution - 2904	187	836	99	0	19
65	Solution - 2827	191	854	99	0	18
66	Solution - 2827	191	854	99	0	18
67	Solution - 2827	191	854	99	0	18
68	Solution - 2827	191	854	99	0	18
69	Solution - 2827	191	854	99	0	18
70	Solution - 2827	191	854	99	0	18
71	Solution - 2827	191	854	99	0	18
72	Solution - 2827	191	854	99	0	18
73	Solution - 2789	185	824	89	0	20
74	Solution - 2789	185	824	89	0	20
75	Solution - 2789	185	824	89	0	20
76	Solution - 2789	185	824	89	0	20
77	Solution - 2789	185	824	89	0	20
78	Solution - 2789	185	824	89	0	20
79	Solution - 2789	185	824	89	0	20
80	Solution - 2789	185	824	89	0	20
81	Solution - 2789	185	824	89	0	20
82	Solution - 2789	185	824	89	0	20
83	Solution - 2789	185	824	89	0	20
84	Solution - 2789	185	824	89	0	20
85	Solution - 2789	185	824	89	0	20
86	Solution - 2579	172	787	108	0	15
87	Solution - 2579	172	787	108	0	15
88	Solution - 2579	172	787	108	0	15
89	Solution - 2579	172	787	108	0	15
90	Solution - 2579	172	787	108	0	15
91	Solution - 2579	172	787	108	0	15
92	Solution - 2579	172	787	108	0	15
93	Solution - 2579	172	787	108	0	15
94	Solution - 2579	172	787	108	0	15
95	Solution - 2579	172	787	108	0	15
96	Solution - 2579	172	787	108	0	15
97	Solution - 2579	172	787	108	0	15
98	Solution - 2579	172	787	108	0	15
99	Solution - 2579	172	787	108	0	15
