0	Solution - 3122	189	843	110	0	19
1	Solution - 3122	189	843	110	0	19
2	Solution - 3122	189	843	110	0	19
3	Solution - 3122	189	843	110	0	19
4	Solution - 3087	194	860	107	0	19
5	Solution - 3087	194	860	107	0	19
6	Solution - 3087	194	860	107	0	19
7	Solution - 3087	194	860	107	0	19
8	Solution - 2789	185	824	89	0	20
9	Solution - 2789	185	824	89	0	20
10	Solution - 2789	185	824	89	0	20
11	Solution - 2789	185	824	89	0	20
12	Solution - 2789	185	824	89	0	20
13	Solution - 2789	185	824	89	0	20
14	Solution - 2789	185	824	89	0	20
15	Solution - 2789	185	824	89	0	20
16	Solution - 2789	185	824	89	0	20
17	Solution - 2789	185	824	89	0	20
18	Solution - 2789	185	824	89	0	20
19	Solution - 2789	185	824	89	0	20
20	Solution - 2789	185	824	89	0	20
21	Solution - 2789	185	824	89	0	20
22	Solution - 2789	185	824	89	0	20
23	Solution - 2789	185	824	89	0	20
24	Solution - 2789	185	824	89	0	20
25	Solution - 2789	185	824	89	0	20
26	Solution - 2789	185	824	89	0	20
27	Solution - 2789	185	824	89	0	20
28	Solution - 2789	185	824	89	0	20
29	Solution - 2789	185	824	89	0	20
30	Solution - 2789	185	824	89	0	20
31	Solution - 2789	185	824	89	0	20
32	Solution - 2789	185	824	89	0	20
33	Solution - 2789	185	824	89	0	20
34	Solution - 2789	185	824	89	0	20
35	Solution - 2789	185	824	89	0	20
36	Solution - 2789	185	824	89	0	20
37	Solution - 2789	185	824	89	0	20
38	Solution - 2789	185	824	89	0	20
39	Solution - 2789	185	824	89	0	20
40	Solution - 2789	185	824	89	0	20
41	Solution - 2789	185	824	89	0	20
42	Solution - 2789	185	824	89	0	20
43	Solution - 2789	185	824	89	0	20
44	Solution - 2789	185	824	89	0	20
45	Solution - 2789	185	824	89	0	20
46	Solution - 2789	185	824	89	0	20
47	Solution - 2789	185	824	89	0	20
48	Solution - 2789	185	824	89	0	20
49	Solution - 2789	185	824	89	0	20
50	Solution - 2789	185	824	89	0	20
51	Solution - 2789	185	824	89	0	20
52	Solution - 2789	185	824	89	0	20
53	Solution - 2789	185	824	89	0	20
54	Solution - 2789	185	824	89	0	20
55	Solution - 2789	185	824	89	0	20
56	Solution - 2714	185	828	81	0	21
57	Solution - 2714	185	828	81	0	21
58	Solution - 2714	185	828	81	0	21
59	Solution - 2714	185	828	81	0	21
60	Solution - 2714	185	828	81	0	21
61	Solution - 2714	185	828	81	0	21
62	Solution - 2714	185	828	81	0	21
63	Solution - 2714	185	828	81	0	21
64	Solution - 2714	185	828	81	0	21
65	Solution - 2714	185	828	81	0	21
66	Solution - 2714	185	828	81	0	21
67	Solution - 2714	185	828	81	0	21
68	Solution - 2714	185	828	81	0	21
69	Solution - 2714	185	828	81	0	21
70	Solution - 2714	185	828	81	0	21
71	Solution - 2714	185	828	81	0	21
72	Solution - 2714	185	828	81	0	21
73	Solution - 2714	185	828	81	0	21
74	Solution - 2714	185	828	81	0	21
75	Solution - 2714	185	828	81	0	21
76	Solution - 2714	185	828	81	0	21
77	Solution - 2714	185	828	81	0	21
78	Solution - 2714	185	828	81	0	21
79	Solution - 2714	185	828	81	0	21
80	Solution - 2714	185	828	81	0	21
81	Solution - 2714	185	828	81	0	21
82	Solution - 2714	185	828	81	0	21
83	Solution - 2714	185	828	81	0	21
84	Solution - 2714	185	828	81	0	21
85	Solution - 2714	185	828	81	0	21
86	Solution - 2579	172	787	108	0	15
87	Solution - 2579	172	787	108	0	15
88	Solution - 2579	172	787	108	0	15
89	Solution - 2579	172	787	108	0	15
90	Solution - 2579	172	787	108	0	15
91	Solution - 2579	172	787	108	0	15
92	Solution - 2579	172	787	108	0	15
93	Solution - 2579	172	787	108	0	15
94	Solution - 2579	172	787	108	0	15
95	Solution - 2579	172	787	108	0	15
96	Solution - 2579	172	787	108	0	15
97	Solution - 2579	172	787	108	0	15
98	Solution - 2579	172	787	108	0	15
99	Solution - 2579	172	787	108	0	15
