3122
3122
3122
3122
3087
3087
3087
3087
2789
2789
2789
2789
2789
2789
2789
2789
2789
2789
2789
2789
2789
2789
2789
2789
2789
2789
2789
2789
2789
2789
2789
2789
2789
2789
2789
2789
2789
2789
2789
2789
2789
2789
2789
2789
2789
2789
2789
2789
2789
2789
2789
2789
2789
2789
2789
2789
2714
2714
2714
2714
2714
2714
2714
2714
2714
2714
2714
2714
2714
2714
2714
2714
2714
2714
2714
2714
2714
2714
2714
2714
2714
2714
2714
2714
2714
2714
2579
2579
2579
2579
2579
2579
2579
2579
2579
2579
2579
2579
2579
2579
