3330
3254
3196
3052
3052
2982
2982
2982
2982
2982
2982
2982
2904
2904
2904
2904
2904
2904
2904
2904
2904
2904
2904
2904
2904
2904
2904
2904
2904
2904
2904
2900
2900
2900
2900
2900
2786
2786
2786
2786
2786
2786
2786
2786
2786
2786
2786
2786
2786
2786
2786
2786
2786
2786
2786
2786
2786
2786
2786
2786
2786
2786
2786
2786
2786
2786
2786
2786
2786
2786
2786
2786
2786
2786
2786
2786
2786
2786
2786
2786
2786
2786
2786
2786
2786
2786
2786
2786
2786
2786
2786
2786
2786
2786
2786
2786
2786
2786
2786
2786
