0	Solution - 3235	182	821	124	0	18
1	Solution - 3235	182	821	124	0	18
2	Solution - 3235	182	821	124	0	18
3	Solution - 3235	182	821	124	0	18
4	Solution - 3235	182	821	124	0	18
5	Solution - 3087	194	860	107	0	19
6	Solution - 3087	194	860	107	0	19
7	Solution - 3087	194	860	107	0	19
8	Solution - 3087	194	860	107	0	19
9	Solution - 3087	194	860	107	0	19
10	Solution - 3087	194	860	107	0	19
11	Solution - 3087	194	860	107	0	19
12	Solution - 3087	194	860	107	0	19
13	Solution - 3087	194	860	107	0	19
14	Solution - 3087	194	860	107	0	19
15	Solution - 3087	194	860	107	0	19
16	Solution - 3087	194	860	107	0	19
17	Solution - 3087	194	860	107	0	19
18	Solution - 2982	189	840	93	0	21
19	Solution - 2982	189	840	93	0	21
20	Solution - 2982	189	840	93	0	21
21	Solution - 2982	189	840	93	0	21
22	Solution - 2982	189	840	93	0	21
23	Solution - 2982	189	840	93	0	21
24	Solution - 2982	189	840	93	0	21
25	Solution - 2982	189	840	93	0	21
26	Solution - 2982	189	840	93	0	21
27	Solution - 2982	189	840	93	0	21
28	Solution - 2982	189	840	93	0	21
29	Solution - 2982	189	840	93	0	21
30	Solution - 2982	189	840	93	0	21
31	Solution - 2982	189	840	93	0	21
32	Solution - 2982	189	840	93	0	21
33	Solution - 2982	189	840	93	0	21
34	Solution - 2982	189	840	93	0	21
35	Solution - 2982	189	840	93	0	21
36	Solution - 2982	189	840	93	0	21
37	Solution - 2982	189	840	93	0	21
38	Solution - 2982	189	840	93	0	21
39	Solution - 2982	189	840	93	0	21
40	Solution - 2982	189	840	93	0	21
41	Solution - 2982	189	840	93	0	21
42	Solution - 2982	189	840	93	0	21
43	Solution - 2982	189	840	93	0	21
44	Solution - 2842	183	806	109	0	17
45	Solution - 2842	183	806	109	0	17
46	Solution - 2842	183	806	109	0	17
47	Solution - 2842	183	806	109	0	17
48	Solution - 2842	183	806	109	0	17
49	Solution - 2842	183	806	109	0	17
50	Solution - 2842	183	806	109	0	17
51	Solution - 2842	183	806	109	0	17
52	Solution - 2842	183	806	109	0	17
53	Solution - 2842	183	806	109	0	17
54	Solution - 2842	183	806	109	0	17
55	Solution - 2842	183	806	109	0	17
56	Solution - 2842	183	806	109	0	17
57	Solution - 2842	183	806	109	0	17
58	Solution - 2842	183	806	109	0	17
59	Solution - 2842	183	806	109	0	17
60	Solution - 2842	183	806	109	0	17
61	Solution - 2842	183	806	109	0	17
62	Solution - 2842	183	806	109	0	17
63	Solution - 2842	183	806	109	0	17
64	Solution - 2842	183	806	109	0	17
65	Solution - 2842	183	806	109	0	17
66	Solution - 2842	183	806	109	0	17
67	Solution - 2842	183	806	109	0	17
68	Solution - 2842	183	806	109	0	17
69	Solution - 2842	183	806	109	0	17
70	Solution - 2842	183	806	109	0	17
71	Solution - 2579	172	787	108	0	15
72	Solution - 2579	172	787	108	0	15
73	Solution - 2579	172	787	108	0	15
74	Solution - 2579	172	787	108	0	15
75	Solution - 2579	172	787	108	0	15
76	Solution - 2579	172	787	108	0	15
77	Solution - 2579	172	787	108	0	15
78	Solution - 2579	172	787	108	0	15
79	Solution - 2579	172	787	108	0	15
80	Solution - 2579	172	787	108	0	15
81	Solution - 2579	172	787	108	0	15
82	Solution - 2579	172	787	108	0	15
83	Solution - 2579	172	787	108	0	15
84	Solution - 2579	172	787	108	0	15
85	Solution - 2579	172	787	108	0	15
86	Solution - 2579	172	787	108	0	15
87	Solution - 2579	172	787	108	0	15
88	Solution - 2579	172	787	108	0	15
89	Solution - 2579	172	787	108	0	15
90	Solution - 2579	172	787	108	0	15
91	Solution - 2579	172	787	108	0	15
92	Solution - 2579	172	787	108	0	15
93	Solution - 2579	172	787	108	0	15
94	Solution - 2579	172	787	108	0	15
95	Solution - 2579	172	787	108	0	15
96	Solution - 2579	172	787	108	0	15
97	Solution - 2579	172	787	108	0	15
98	Solution - 2579	172	787	108	0	15
99	Solution - 2579	172	787	108	0	15
