3512
3479
3479
3479
3330
3261
3261
3261
3261
2827
2827
2827
2827
2827
2827
2827
2827
2827
2827
2827
2827
2827
2827
2827
2827
2827
2827
2827
2827
2827
2827
2827
2827
2827
2827
2827
2827
2827
2827
2827
2827
2827
2827
2786
2714
2714
2714
2714
2714
2714
2714
2714
2714
2714
2714
2714
2714
2714
2714
2714
2714
2714
2714
2714
2714
2714
2714
2714
2714
2714
2714
2714
2714
2714
2714
2714
2714
2714
2714
2714
2579
2579
2579
2579
2579
2579
2579
2579
2579
2579
2579
2579
2579
2579
2579
2579
2579
2579
2579
2579
