3512
3512
2900
2900
2900
2900
2900
2900
2900
2900
2900
2900
2900
2900
2900
2900
2900
2900
2900
2900
2900
2900
2900
2579
2579
2579
2579
2579
2579
2579
2579
2579
2579
2579
2579
2579
2579
2579
2579
2579
2579
2579
2579
2579
2579
2579
2579
2579
2579
2579
2579
2579
2579
2579
2579
2579
2579
2579
2579
2579
2579
2579
2579
2579
2579
2579
2579
2579
2579
2579
2579
2579
2579
2579
2579
2579
2579
2579
2579
2579
2579
2579
2579
2579
2579
2579
2579
2579
2579
2579
2579
2579
2579
2579
2579
2579
2579
2579
2579
2579
