0	Solution - 1591	184	827	29	1	20	[0, 19, 22, 45, 19, 22, 25, 25, 45, 0, 0, 5, 3, 4, 3, 4, 46, 46, 5, 0, 0, 7, 48, 11, 48, 8, 7, 8, 11, 0, 0, 21, 21, 0, 0, 12, 44, 12, 27, 44, 15, 15, 27, 0, 0, 26, 30, 30, 37, 37, 14, 14, 26, 0, 0, 34, 50, 24, 50, 36, 34, 24, 36, 0, 0, 32, 20, 31, 20, 42, 31, 42, 32, 0, 0, 49, 49, 35, 13, 18, 35, 13, 18, 0, 0, 23, 2, 23, 6, 2, 6, 0, 0, 10, 10, 0, 0, 1, 1, 0, 0, 9, 38, 38, 47, 9, 47, 0, 0, 40, 40, 33, 33, 0, 0, 39, 39, 28, 28, 0, 0, 43, 43, 0, 0, 29, 29, 0, 0, 41, 41, 0, 0, 16, 16, 0, 0, 17, 17, 0]
1	Solution - 1295	185	830	14	1	20	[0, 7, 48, 11, 48, 8, 7, 8, 11, 0, 0, 5, 3, 4, 3, 4, 46, 46, 5, 0, 0, 21, 21, 0, 0, 12, 44, 12, 27, 44, 15, 15, 27, 0, 0, 26, 30, 30, 37, 37, 14, 14, 26, 0, 0, 22, 50, 50, 22, 40, 36, 40, 36, 0, 0, 32, 20, 31, 20, 42, 31, 42, 32, 0, 0, 19, 19, 0, 0, 23, 1, 23, 6, 1, 6, 0, 0, 10, 10, 0, 0, 49, 49, 35, 13, 18, 35, 13, 18, 0, 0, 45, 16, 25, 16, 25, 33, 45, 33, 0, 0, 2, 2, 0, 0, 9, 38, 38, 47, 9, 47, 0, 0, 34, 34, 0, 0, 28, 43, 28, 43, 0, 0, 41, 39, 39, 41, 0, 0, 29, 29, 0, 0, 24, 24, 0, 0, 17, 17, 0]
2	Solution - 1235	181	807	13	1	19	[0, 21, 7, 47, 11, 21, 7, 11, 47, 0, 0, 5, 4, 3, 4, 3, 46, 46, 5, 0, 0, 26, 8, 9, 8, 26, 9, 0, 0, 48, 37, 30, 30, 37, 48, 0, 0, 12, 44, 12, 27, 44, 15, 15, 27, 0, 0, 32, 20, 31, 20, 42, 31, 42, 32, 0, 0, 22, 50, 50, 22, 40, 36, 40, 36, 0, 0, 23, 2, 23, 6, 2, 6, 0, 0, 10, 10, 0, 0, 19, 19, 0, 0, 1, 1, 0, 0, 34, 13, 39, 13, 34, 25, 25, 39, 0, 0, 49, 49, 35, 35, 18, 18, 0, 0, 45, 45, 33, 33, 14, 14, 0, 0, 16, 24, 16, 24, 0, 0, 38, 28, 43, 28, 43, 38, 0, 0, 41, 41, 0, 0, 29, 29, 0, 0, 17, 17, 0]
3	Solution - 1235	181	807	13	1	19	[0, 21, 7, 47, 11, 21, 7, 11, 47, 0, 0, 5, 4, 3, 4, 3, 46, 46, 5, 0, 0, 26, 8, 9, 8, 26, 9, 0, 0, 48, 37, 30, 30, 37, 48, 0, 0, 12, 44, 12, 27, 44, 15, 15, 27, 0, 0, 32, 20, 31, 20, 42, 31, 42, 32, 0, 0, 22, 50, 50, 22, 40, 36, 40, 36, 0, 0, 23, 2, 23, 6, 2, 6, 0, 0, 10, 10, 0, 0, 19, 19, 0, 0, 1, 1, 0, 0, 34, 13, 39, 13, 34, 25, 25, 39, 0, 0, 49, 49, 35, 35, 18, 18, 0, 0, 45, 45, 33, 33, 14, 14, 0, 0, 16, 24, 16, 24, 0, 0, 38, 28, 43, 28, 43, 38, 0, 0, 41, 41, 0, 0, 29, 29, 0, 0, 17, 17, 0]
4	Solution - 1235	181	807	13	1	19	[0, 21, 7, 47, 11, 21, 7, 11, 47, 0, 0, 5, 4, 3, 4, 3, 46, 46, 5, 0, 0, 26, 8, 9, 8, 26, 9, 0, 0, 48, 37, 30, 30, 37, 48, 0, 0, 12, 44, 12, 27, 44, 15, 15, 27, 0, 0, 32, 20, 31, 20, 42, 31, 42, 32, 0, 0, 22, 50, 50, 22, 40, 36, 40, 36, 0, 0, 23, 2, 23, 6, 2, 6, 0, 0, 10, 10, 0, 0, 19, 19, 0, 0, 1, 1, 0, 0, 34, 13, 39, 13, 34, 25, 25, 39, 0, 0, 49, 49, 35, 35, 18, 18, 0, 0, 45, 45, 33, 33, 14, 14, 0, 0, 16, 24, 16, 24, 0, 0, 38, 28, 43, 28, 43, 38, 0, 0, 41, 41, 0, 0, 29, 29, 0, 0, 17, 17, 0]
5	Solution - 1154	180	803	9	1	19	[0, 50, 17, 31, 17, 42, 42, 31, 50, 0, 0, 5, 4, 3, 4, 3, 46, 46, 5, 0, 0, 21, 7, 47, 11, 21, 7, 11, 47, 0, 0, 26, 8, 9, 8, 26, 9, 0, 0, 48, 37, 30, 30, 37, 48, 0, 0, 12, 44, 12, 27, 44, 15, 15, 27, 0, 0, 35, 20, 18, 20, 49, 49, 35, 18, 0, 0, 19, 19, 0, 0, 23, 2, 23, 6, 2, 6, 0, 0, 10, 10, 0, 0, 1, 1, 0, 0, 34, 13, 39, 13, 34, 25, 25, 39, 0, 0, 45, 45, 33, 33, 14, 14, 0, 0, 22, 22, 28, 36, 24, 24, 36, 28, 0, 0, 38, 40, 40, 43, 43, 38, 0, 0, 29, 29, 0, 0, 41, 41, 0, 0, 32, 32, 0, 0, 16, 16, 0]
6	Solution - 1154	180	803	9	1	19	[0, 50, 17, 31, 17, 42, 42, 31, 50, 0, 0, 5, 4, 3, 4, 3, 46, 46, 5, 0, 0, 21, 7, 47, 11, 21, 7, 11, 47, 0, 0, 26, 8, 9, 8, 26, 9, 0, 0, 48, 37, 30, 30, 37, 48, 0, 0, 12, 44, 12, 27, 44, 15, 15, 27, 0, 0, 35, 20, 18, 20, 49, 49, 35, 18, 0, 0, 19, 19, 0, 0, 23, 2, 23, 6, 2, 6, 0, 0, 10, 10, 0, 0, 1, 1, 0, 0, 34, 13, 39, 13, 34, 25, 25, 39, 0, 0, 45, 45, 33, 33, 14, 14, 0, 0, 22, 22, 28, 36, 24, 24, 36, 28, 0, 0, 38, 40, 40, 43, 43, 38, 0, 0, 29, 29, 0, 0, 41, 41, 0, 0, 32, 32, 0, 0, 16, 16, 0]
7	Solution - 1154	180	803	9	1	19	[0, 50, 17, 31, 17, 42, 42, 31, 50, 0, 0, 5, 4, 3, 4, 3, 46, 46, 5, 0, 0, 21, 7, 47, 11, 21, 7, 11, 47, 0, 0, 26, 8, 9, 8, 26, 9, 0, 0, 48, 37, 30, 30, 37, 48, 0, 0, 12, 44, 12, 27, 44, 15, 15, 27, 0, 0, 35, 20, 18, 20, 49, 49, 35, 18, 0, 0, 19, 19, 0, 0, 23, 2, 23, 6, 2, 6, 0, 0, 10, 10, 0, 0, 1, 1, 0, 0, 34, 13, 39, 13, 34, 25, 25, 39, 0, 0, 45, 45, 33, 33, 14, 14, 0, 0, 22, 22, 28, 36, 24, 24, 36, 28, 0, 0, 38, 40, 40, 43, 43, 38, 0, 0, 29, 29, 0, 0, 41, 41, 0, 0, 32, 32, 0, 0, 16, 16, 0]
8	Solution - 1154	180	803	9	1	19	[0, 50, 17, 31, 17, 42, 42, 31, 50, 0, 0, 5, 4, 3, 4, 3, 46, 46, 5, 0, 0, 21, 7, 47, 11, 21, 7, 11, 47, 0, 0, 26, 8, 9, 8, 26, 9, 0, 0, 48, 37, 30, 30, 37, 48, 0, 0, 12, 44, 12, 27, 44, 15, 15, 27, 0, 0, 35, 20, 18, 20, 49, 49, 35, 18, 0, 0, 19, 19, 0, 0, 23, 2, 23, 6, 2, 6, 0, 0, 10, 10, 0, 0, 1, 1, 0, 0, 34, 13, 39, 13, 34, 25, 25, 39, 0, 0, 45, 45, 33, 33, 14, 14, 0, 0, 22, 22, 28, 36, 24, 24, 36, 28, 0, 0, 38, 40, 40, 43, 43, 38, 0, 0, 29, 29, 0, 0, 41, 41, 0, 0, 32, 32, 0, 0, 16, 16, 0]
9	Solution - 1154	180	803	9	1	19	[0, 50, 17, 31, 17, 42, 42, 31, 50, 0, 0, 5, 4, 3, 4, 3, 46, 46, 5, 0, 0, 21, 7, 47, 11, 21, 7, 11, 47, 0, 0, 26, 8, 9, 8, 26, 9, 0, 0, 48, 37, 30, 30, 37, 48, 0, 0, 12, 44, 12, 27, 44, 15, 15, 27, 0, 0, 35, 20, 18, 20, 49, 49, 35, 18, 0, 0, 19, 19, 0, 0, 23, 2, 23, 6, 2, 6, 0, 0, 10, 10, 0, 0, 1, 1, 0, 0, 34, 13, 39, 13, 34, 25, 25, 39, 0, 0, 45, 45, 33, 33, 14, 14, 0, 0, 22, 22, 28, 36, 24, 24, 36, 28, 0, 0, 38, 40, 40, 43, 43, 38, 0, 0, 29, 29, 0, 0, 41, 41, 0, 0, 32, 32, 0, 0, 16, 16, 0]
10	Solution - 1017	174	771	4	1	18	[0, 50, 32, 32, 22, 25, 50, 22, 25, 0, 0, 5, 3, 4, 3, 4, 46, 46, 5, 0, 0, 21, 7, 47, 11, 21, 7, 11, 47, 0, 0, 26, 8, 9, 8, 26, 9, 0, 0, 48, 37, 30, 30, 37, 48, 0, 0, 12, 44, 12, 27, 44, 15, 15, 27, 0, 0, 18, 20, 42, 20, 31, 42, 31, 18, 0, 0, 13, 49, 49, 34, 35, 35, 13, 34, 0, 0, 19, 19, 0, 0, 23, 1, 23, 6, 1, 6, 0, 0, 10, 10, 0, 0, 2, 2, 0, 0, 45, 45, 33, 33, 14, 14, 0, 0, 24, 40, 40, 24, 43, 43, 28, 28, 0, 0, 39, 39, 36, 41, 41, 36, 38, 38, 0, 0, 29, 29, 0, 0, 16, 16, 0, 0, 17, 17, 0]
11	Solution - 1017	174	771	4	1	18	[0, 50, 32, 32, 22, 25, 50, 22, 25, 0, 0, 5, 3, 4, 3, 4, 46, 46, 5, 0, 0, 21, 7, 47, 11, 21, 7, 11, 47, 0, 0, 26, 8, 9, 8, 26, 9, 0, 0, 48, 37, 30, 30, 37, 48, 0, 0, 12, 44, 12, 27, 44, 15, 15, 27, 0, 0, 18, 20, 42, 20, 31, 42, 31, 18, 0, 0, 13, 49, 49, 34, 35, 35, 13, 34, 0, 0, 19, 19, 0, 0, 23, 1, 23, 6, 1, 6, 0, 0, 10, 10, 0, 0, 2, 2, 0, 0, 45, 45, 33, 33, 14, 14, 0, 0, 24, 40, 40, 24, 43, 43, 28, 28, 0, 0, 39, 39, 36, 41, 41, 36, 38, 38, 0, 0, 29, 29, 0, 0, 16, 16, 0, 0, 17, 17, 0]
12	Solution - 1017	174	771	4	1	18	[0, 50, 32, 32, 22, 25, 50, 22, 25, 0, 0, 5, 3, 4, 3, 4, 46, 46, 5, 0, 0, 21, 7, 47, 11, 21, 7, 11, 47, 0, 0, 26, 8, 9, 8, 26, 9, 0, 0, 48, 37, 30, 30, 37, 48, 0, 0, 12, 44, 12, 27, 44, 15, 15, 27, 0, 0, 18, 20, 42, 20, 31, 42, 31, 18, 0, 0, 13, 49, 49, 34, 35, 35, 13, 34, 0, 0, 19, 19, 0, 0, 23, 1, 23, 6, 1, 6, 0, 0, 10, 10, 0, 0, 2, 2, 0, 0, 45, 45, 33, 33, 14, 14, 0, 0, 24, 40, 40, 24, 43, 43, 28, 28, 0, 0, 39, 39, 36, 41, 41, 36, 38, 38, 0, 0, 29, 29, 0, 0, 16, 16, 0, 0, 17, 17, 0]
13	Solution - 1017	174	771	4	1	18	[0, 50, 32, 32, 22, 25, 50, 22, 25, 0, 0, 5, 3, 4, 3, 4, 46, 46, 5, 0, 0, 21, 7, 47, 11, 21, 7, 11, 47, 0, 0, 26, 8, 9, 8, 26, 9, 0, 0, 48, 37, 30, 30, 37, 48, 0, 0, 12, 44, 12, 27, 44, 15, 15, 27, 0, 0, 18, 20, 42, 20, 31, 42, 31, 18, 0, 0, 13, 49, 49, 34, 35, 35, 13, 34, 0, 0, 19, 19, 0, 0, 23, 1, 23, 6, 1, 6, 0, 0, 10, 10, 0, 0, 2, 2, 0, 0, 45, 45, 33, 33, 14, 14, 0, 0, 24, 40, 40, 24, 43, 43, 28, 28, 0, 0, 39, 39, 36, 41, 41, 36, 38, 38, 0, 0, 29, 29, 0, 0, 16, 16, 0, 0, 17, 17, 0]
14	Solution - 1017	174	771	4	1	18	[0, 50, 32, 32, 22, 25, 50, 22, 25, 0, 0, 5, 3, 4, 3, 4, 46, 46, 5, 0, 0, 21, 7, 47, 11, 21, 7, 11, 47, 0, 0, 26, 8, 9, 8, 26, 9, 0, 0, 48, 37, 30, 30, 37, 48, 0, 0, 12, 44, 12, 27, 44, 15, 15, 27, 0, 0, 18, 20, 42, 20, 31, 42, 31, 18, 0, 0, 13, 49, 49, 34, 35, 35, 13, 34, 0, 0, 19, 19, 0, 0, 23, 1, 23, 6, 1, 6, 0, 0, 10, 10, 0, 0, 2, 2, 0, 0, 45, 45, 33, 33, 14, 14, 0, 0, 24, 40, 40, 24, 43, 43, 28, 28, 0, 0, 39, 39, 36, 41, 41, 36, 38, 38, 0, 0, 29, 29, 0, 0, 16, 16, 0, 0, 17, 17, 0]
15	Solution - 1017	174	771	4	1	18	[0, 50, 32, 32, 22, 25, 50, 22, 25, 0, 0, 5, 3, 4, 3, 4, 46, 46, 5, 0, 0, 21, 7, 47, 11, 21, 7, 11, 47, 0, 0, 26, 8, 9, 8, 26, 9, 0, 0, 48, 37, 30, 30, 37, 48, 0, 0, 12, 44, 12, 27, 44, 15, 15, 27, 0, 0, 18, 20, 42, 20, 31, 42, 31, 18, 0, 0, 13, 49, 49, 34, 35, 35, 13, 34, 0, 0, 19, 19, 0, 0, 23, 1, 23, 6, 1, 6, 0, 0, 10, 10, 0, 0, 2, 2, 0, 0, 45, 45, 33, 33, 14, 14, 0, 0, 24, 40, 40, 24, 43, 43, 28, 28, 0, 0, 39, 39, 36, 41, 41, 36, 38, 38, 0, 0, 29, 29, 0, 0, 16, 16, 0, 0, 17, 17, 0]
16	Solution - 1017	174	771	4	1	18	[0, 50, 32, 32, 22, 25, 50, 22, 25, 0, 0, 5, 3, 4, 3, 4, 46, 46, 5, 0, 0, 21, 7, 47, 11, 21, 7, 11, 47, 0, 0, 26, 8, 9, 8, 26, 9, 0, 0, 48, 37, 30, 30, 37, 48, 0, 0, 12, 44, 12, 27, 44, 15, 15, 27, 0, 0, 18, 20, 42, 20, 31, 42, 31, 18, 0, 0, 13, 49, 49, 34, 35, 35, 13, 34, 0, 0, 19, 19, 0, 0, 23, 1, 23, 6, 1, 6, 0, 0, 10, 10, 0, 0, 2, 2, 0, 0, 45, 45, 33, 33, 14, 14, 0, 0, 24, 40, 40, 24, 43, 43, 28, 28, 0, 0, 39, 39, 36, 41, 41, 36, 38, 38, 0, 0, 29, 29, 0, 0, 16, 16, 0, 0, 17, 17, 0]
17	Solution - 1017	174	771	4	1	18	[0, 50, 32, 32, 22, 25, 50, 22, 25, 0, 0, 5, 3, 4, 3, 4, 46, 46, 5, 0, 0, 21, 7, 47, 11, 21, 7, 11, 47, 0, 0, 26, 8, 9, 8, 26, 9, 0, 0, 48, 37, 30, 30, 37, 48, 0, 0, 12, 44, 12, 27, 44, 15, 15, 27, 0, 0, 18, 20, 42, 20, 31, 42, 31, 18, 0, 0, 13, 49, 49, 34, 35, 35, 13, 34, 0, 0, 19, 19, 0, 0, 23, 1, 23, 6, 1, 6, 0, 0, 10, 10, 0, 0, 2, 2, 0, 0, 45, 45, 33, 33, 14, 14, 0, 0, 24, 40, 40, 24, 43, 43, 28, 28, 0, 0, 39, 39, 36, 41, 41, 36, 38, 38, 0, 0, 29, 29, 0, 0, 16, 16, 0, 0, 17, 17, 0]
18	Solution - 1017	174	771	4	1	18	[0, 50, 32, 32, 22, 25, 50, 22, 25, 0, 0, 5, 3, 4, 3, 4, 46, 46, 5, 0, 0, 21, 7, 47, 11, 21, 7, 11, 47, 0, 0, 26, 8, 9, 8, 26, 9, 0, 0, 48, 37, 30, 30, 37, 48, 0, 0, 12, 44, 12, 27, 44, 15, 15, 27, 0, 0, 18, 20, 42, 20, 31, 42, 31, 18, 0, 0, 13, 49, 49, 34, 35, 35, 13, 34, 0, 0, 19, 19, 0, 0, 23, 1, 23, 6, 1, 6, 0, 0, 10, 10, 0, 0, 2, 2, 0, 0, 45, 45, 33, 33, 14, 14, 0, 0, 24, 40, 40, 24, 43, 43, 28, 28, 0, 0, 39, 39, 36, 41, 41, 36, 38, 38, 0, 0, 29, 29, 0, 0, 16, 16, 0, 0, 17, 17, 0]
19	Solution - 1017	174	771	4	1	18	[0, 50, 32, 32, 22, 25, 50, 22, 25, 0, 0, 5, 3, 4, 3, 4, 46, 46, 5, 0, 0, 21, 7, 47, 11, 21, 7, 11, 47, 0, 0, 26, 8, 9, 8, 26, 9, 0, 0, 48, 37, 30, 30, 37, 48, 0, 0, 12, 44, 12, 27, 44, 15, 15, 27, 0, 0, 18, 20, 42, 20, 31, 42, 31, 18, 0, 0, 13, 49, 49, 34, 35, 35, 13, 34, 0, 0, 19, 19, 0, 0, 23, 1, 23, 6, 1, 6, 0, 0, 10, 10, 0, 0, 2, 2, 0, 0, 45, 45, 33, 33, 14, 14, 0, 0, 24, 40, 40, 24, 43, 43, 28, 28, 0, 0, 39, 39, 36, 41, 41, 36, 38, 38, 0, 0, 29, 29, 0, 0, 16, 16, 0, 0, 17, 17, 0]
20	Solution - 1017	174	771	4	1	18	[0, 50, 32, 32, 22, 25, 50, 22, 25, 0, 0, 5, 3, 4, 3, 4, 46, 46, 5, 0, 0, 21, 7, 47, 11, 21, 7, 11, 47, 0, 0, 26, 8, 9, 8, 26, 9, 0, 0, 48, 37, 30, 30, 37, 48, 0, 0, 12, 44, 12, 27, 44, 15, 15, 27, 0, 0, 18, 20, 42, 20, 31, 42, 31, 18, 0, 0, 13, 49, 49, 34, 35, 35, 13, 34, 0, 0, 19, 19, 0, 0, 23, 1, 23, 6, 1, 6, 0, 0, 10, 10, 0, 0, 2, 2, 0, 0, 45, 45, 33, 33, 14, 14, 0, 0, 24, 40, 40, 24, 43, 43, 28, 28, 0, 0, 39, 39, 36, 41, 41, 36, 38, 38, 0, 0, 29, 29, 0, 0, 16, 16, 0, 0, 17, 17, 0]
21	Solution - 1017	174	771	4	1	18	[0, 50, 32, 32, 22, 25, 50, 22, 25, 0, 0, 5, 3, 4, 3, 4, 46, 46, 5, 0, 0, 21, 7, 47, 11, 21, 7, 11, 47, 0, 0, 26, 8, 9, 8, 26, 9, 0, 0, 48, 37, 30, 30, 37, 48, 0, 0, 12, 44, 12, 27, 44, 15, 15, 27, 0, 0, 18, 20, 42, 20, 31, 42, 31, 18, 0, 0, 13, 49, 49, 34, 35, 35, 13, 34, 0, 0, 19, 19, 0, 0, 23, 1, 23, 6, 1, 6, 0, 0, 10, 10, 0, 0, 2, 2, 0, 0, 45, 45, 33, 33, 14, 14, 0, 0, 24, 40, 40, 24, 43, 43, 28, 28, 0, 0, 39, 39, 36, 41, 41, 36, 38, 38, 0, 0, 29, 29, 0, 0, 16, 16, 0, 0, 17, 17, 0]
22	Solution - 1017	174	771	4	1	18	[0, 50, 32, 32, 22, 25, 50, 22, 25, 0, 0, 5, 3, 4, 3, 4, 46, 46, 5, 0, 0, 21, 7, 47, 11, 21, 7, 11, 47, 0, 0, 26, 8, 9, 8, 26, 9, 0, 0, 48, 37, 30, 30, 37, 48, 0, 0, 12, 44, 12, 27, 44, 15, 15, 27, 0, 0, 18, 20, 42, 20, 31, 42, 31, 18, 0, 0, 13, 49, 49, 34, 35, 35, 13, 34, 0, 0, 19, 19, 0, 0, 23, 1, 23, 6, 1, 6, 0, 0, 10, 10, 0, 0, 2, 2, 0, 0, 45, 45, 33, 33, 14, 14, 0, 0, 24, 40, 40, 24, 43, 43, 28, 28, 0, 0, 39, 39, 36, 41, 41, 36, 38, 38, 0, 0, 29, 29, 0, 0, 16, 16, 0, 0, 17, 17, 0]
23	Solution - 1017	174	771	4	1	18	[0, 50, 32, 32, 22, 25, 50, 22, 25, 0, 0, 5, 3, 4, 3, 4, 46, 46, 5, 0, 0, 21, 7, 47, 11, 21, 7, 11, 47, 0, 0, 26, 8, 9, 8, 26, 9, 0, 0, 48, 37, 30, 30, 37, 48, 0, 0, 12, 44, 12, 27, 44, 15, 15, 27, 0, 0, 18, 20, 42, 20, 31, 42, 31, 18, 0, 0, 13, 49, 49, 34, 35, 35, 13, 34, 0, 0, 19, 19, 0, 0, 23, 1, 23, 6, 1, 6, 0, 0, 10, 10, 0, 0, 2, 2, 0, 0, 45, 45, 33, 33, 14, 14, 0, 0, 24, 40, 40, 24, 43, 43, 28, 28, 0, 0, 39, 39, 36, 41, 41, 36, 38, 38, 0, 0, 29, 29, 0, 0, 16, 16, 0, 0, 17, 17, 0]
24	Solution - 1017	174	771	4	1	18	[0, 50, 32, 32, 22, 25, 50, 22, 25, 0, 0, 5, 3, 4, 3, 4, 46, 46, 5, 0, 0, 21, 7, 47, 11, 21, 7, 11, 47, 0, 0, 26, 8, 9, 8, 26, 9, 0, 0, 48, 37, 30, 30, 37, 48, 0, 0, 12, 44, 12, 27, 44, 15, 15, 27, 0, 0, 18, 20, 42, 20, 31, 42, 31, 18, 0, 0, 13, 49, 49, 34, 35, 35, 13, 34, 0, 0, 19, 19, 0, 0, 23, 1, 23, 6, 1, 6, 0, 0, 10, 10, 0, 0, 2, 2, 0, 0, 45, 45, 33, 33, 14, 14, 0, 0, 24, 40, 40, 24, 43, 43, 28, 28, 0, 0, 39, 39, 36, 41, 41, 36, 38, 38, 0, 0, 29, 29, 0, 0, 16, 16, 0, 0, 17, 17, 0]
25	Solution - 1017	174	771	4	1	18	[0, 50, 32, 32, 22, 25, 50, 22, 25, 0, 0, 5, 3, 4, 3, 4, 46, 46, 5, 0, 0, 21, 7, 47, 11, 21, 7, 11, 47, 0, 0, 26, 8, 9, 8, 26, 9, 0, 0, 48, 37, 30, 30, 37, 48, 0, 0, 12, 44, 12, 27, 44, 15, 15, 27, 0, 0, 18, 20, 42, 20, 31, 42, 31, 18, 0, 0, 13, 49, 49, 34, 35, 35, 13, 34, 0, 0, 19, 19, 0, 0, 23, 1, 23, 6, 1, 6, 0, 0, 10, 10, 0, 0, 2, 2, 0, 0, 45, 45, 33, 33, 14, 14, 0, 0, 24, 40, 40, 24, 43, 43, 28, 28, 0, 0, 39, 39, 36, 41, 41, 36, 38, 38, 0, 0, 29, 29, 0, 0, 16, 16, 0, 0, 17, 17, 0]
26	Solution - 1017	174	771	4	1	18	[0, 50, 32, 32, 22, 25, 50, 22, 25, 0, 0, 5, 3, 4, 3, 4, 46, 46, 5, 0, 0, 21, 7, 47, 11, 21, 7, 11, 47, 0, 0, 26, 8, 9, 8, 26, 9, 0, 0, 48, 37, 30, 30, 37, 48, 0, 0, 12, 44, 12, 27, 44, 15, 15, 27, 0, 0, 18, 20, 42, 20, 31, 42, 31, 18, 0, 0, 13, 49, 49, 34, 35, 35, 13, 34, 0, 0, 19, 19, 0, 0, 23, 1, 23, 6, 1, 6, 0, 0, 10, 10, 0, 0, 2, 2, 0, 0, 45, 45, 33, 33, 14, 14, 0, 0, 24, 40, 40, 24, 43, 43, 28, 28, 0, 0, 39, 39, 36, 41, 41, 36, 38, 38, 0, 0, 29, 29, 0, 0, 16, 16, 0, 0, 17, 17, 0]
27	Solution - 1017	174	771	4	1	18	[0, 50, 32, 32, 22, 25, 50, 22, 25, 0, 0, 5, 3, 4, 3, 4, 46, 46, 5, 0, 0, 21, 7, 47, 11, 21, 7, 11, 47, 0, 0, 26, 8, 9, 8, 26, 9, 0, 0, 48, 37, 30, 30, 37, 48, 0, 0, 12, 44, 12, 27, 44, 15, 15, 27, 0, 0, 18, 20, 42, 20, 31, 42, 31, 18, 0, 0, 13, 49, 49, 34, 35, 35, 13, 34, 0, 0, 19, 19, 0, 0, 23, 1, 23, 6, 1, 6, 0, 0, 10, 10, 0, 0, 2, 2, 0, 0, 45, 45, 33, 33, 14, 14, 0, 0, 24, 40, 40, 24, 43, 43, 28, 28, 0, 0, 39, 39, 36, 41, 41, 36, 38, 38, 0, 0, 29, 29, 0, 0, 16, 16, 0, 0, 17, 17, 0]
28	Solution - 1017	174	771	4	1	18	[0, 50, 32, 32, 22, 25, 50, 22, 25, 0, 0, 5, 3, 4, 3, 4, 46, 46, 5, 0, 0, 21, 7, 47, 11, 21, 7, 11, 47, 0, 0, 26, 8, 9, 8, 26, 9, 0, 0, 48, 37, 30, 30, 37, 48, 0, 0, 12, 44, 12, 27, 44, 15, 15, 27, 0, 0, 18, 20, 42, 20, 31, 42, 31, 18, 0, 0, 13, 49, 49, 34, 35, 35, 13, 34, 0, 0, 19, 19, 0, 0, 23, 1, 23, 6, 1, 6, 0, 0, 10, 10, 0, 0, 2, 2, 0, 0, 45, 45, 33, 33, 14, 14, 0, 0, 24, 40, 40, 24, 43, 43, 28, 28, 0, 0, 39, 39, 36, 41, 41, 36, 38, 38, 0, 0, 29, 29, 0, 0, 16, 16, 0, 0, 17, 17, 0]
29	Solution - 1017	174	771	4	1	18	[0, 50, 32, 32, 22, 25, 50, 22, 25, 0, 0, 5, 3, 4, 3, 4, 46, 46, 5, 0, 0, 21, 7, 47, 11, 21, 7, 11, 47, 0, 0, 26, 8, 9, 8, 26, 9, 0, 0, 48, 37, 30, 30, 37, 48, 0, 0, 12, 44, 12, 27, 44, 15, 15, 27, 0, 0, 18, 20, 42, 20, 31, 42, 31, 18, 0, 0, 13, 49, 49, 34, 35, 35, 13, 34, 0, 0, 19, 19, 0, 0, 23, 1, 23, 6, 1, 6, 0, 0, 10, 10, 0, 0, 2, 2, 0, 0, 45, 45, 33, 33, 14, 14, 0, 0, 24, 40, 40, 24, 43, 43, 28, 28, 0, 0, 39, 39, 36, 41, 41, 36, 38, 38, 0, 0, 29, 29, 0, 0, 16, 16, 0, 0, 17, 17, 0]
30	Solution - 1017	174	771	4	1	18	[0, 50, 32, 32, 22, 25, 50, 22, 25, 0, 0, 5, 3, 4, 3, 4, 46, 46, 5, 0, 0, 21, 7, 47, 11, 21, 7, 11, 47, 0, 0, 26, 8, 9, 8, 26, 9, 0, 0, 48, 37, 30, 30, 37, 48, 0, 0, 12, 44, 12, 27, 44, 15, 15, 27, 0, 0, 18, 20, 42, 20, 31, 42, 31, 18, 0, 0, 13, 49, 49, 34, 35, 35, 13, 34, 0, 0, 19, 19, 0, 0, 23, 1, 23, 6, 1, 6, 0, 0, 10, 10, 0, 0, 2, 2, 0, 0, 45, 45, 33, 33, 14, 14, 0, 0, 24, 40, 40, 24, 43, 43, 28, 28, 0, 0, 39, 39, 36, 41, 41, 36, 38, 38, 0, 0, 29, 29, 0, 0, 16, 16, 0, 0, 17, 17, 0]
31	Solution - 1017	174	771	4	1	18	[0, 50, 32, 32, 22, 25, 50, 22, 25, 0, 0, 5, 3, 4, 3, 4, 46, 46, 5, 0, 0, 21, 7, 47, 11, 21, 7, 11, 47, 0, 0, 26, 8, 9, 8, 26, 9, 0, 0, 48, 37, 30, 30, 37, 48, 0, 0, 12, 44, 12, 27, 44, 15, 15, 27, 0, 0, 18, 20, 42, 20, 31, 42, 31, 18, 0, 0, 13, 49, 49, 34, 35, 35, 13, 34, 0, 0, 19, 19, 0, 0, 23, 1, 23, 6, 1, 6, 0, 0, 10, 10, 0, 0, 2, 2, 0, 0, 45, 45, 33, 33, 14, 14, 0, 0, 24, 40, 40, 24, 43, 43, 28, 28, 0, 0, 39, 39, 36, 41, 41, 36, 38, 38, 0, 0, 29, 29, 0, 0, 16, 16, 0, 0, 17, 17, 0]
32	Solution - 1017	174	771	4	1	18	[0, 50, 32, 32, 22, 25, 50, 22, 25, 0, 0, 5, 3, 4, 3, 4, 46, 46, 5, 0, 0, 21, 7, 47, 11, 21, 7, 11, 47, 0, 0, 26, 8, 9, 8, 26, 9, 0, 0, 48, 37, 30, 30, 37, 48, 0, 0, 12, 44, 12, 27, 44, 15, 15, 27, 0, 0, 18, 20, 42, 20, 31, 42, 31, 18, 0, 0, 13, 49, 49, 34, 35, 35, 13, 34, 0, 0, 19, 19, 0, 0, 23, 1, 23, 6, 1, 6, 0, 0, 10, 10, 0, 0, 2, 2, 0, 0, 45, 45, 33, 33, 14, 14, 0, 0, 24, 40, 40, 24, 43, 43, 28, 28, 0, 0, 39, 39, 36, 41, 41, 36, 38, 38, 0, 0, 29, 29, 0, 0, 16, 16, 0, 0, 17, 17, 0]
33	Solution - 1017	174	771	4	1	18	[0, 50, 32, 32, 22, 25, 50, 22, 25, 0, 0, 5, 3, 4, 3, 4, 46, 46, 5, 0, 0, 21, 7, 47, 11, 21, 7, 11, 47, 0, 0, 26, 8, 9, 8, 26, 9, 0, 0, 48, 37, 30, 30, 37, 48, 0, 0, 12, 44, 12, 27, 44, 15, 15, 27, 0, 0, 18, 20, 42, 20, 31, 42, 31, 18, 0, 0, 13, 49, 49, 34, 35, 35, 13, 34, 0, 0, 19, 19, 0, 0, 23, 1, 23, 6, 1, 6, 0, 0, 10, 10, 0, 0, 2, 2, 0, 0, 45, 45, 33, 33, 14, 14, 0, 0, 24, 40, 40, 24, 43, 43, 28, 28, 0, 0, 39, 39, 36, 41, 41, 36, 38, 38, 0, 0, 29, 29, 0, 0, 16, 16, 0, 0, 17, 17, 0]
34	Solution - 1017	174	771	4	1	18	[0, 50, 32, 32, 22, 25, 50, 22, 25, 0, 0, 5, 3, 4, 3, 4, 46, 46, 5, 0, 0, 21, 7, 47, 11, 21, 7, 11, 47, 0, 0, 26, 8, 9, 8, 26, 9, 0, 0, 48, 37, 30, 30, 37, 48, 0, 0, 12, 44, 12, 27, 44, 15, 15, 27, 0, 0, 18, 20, 42, 20, 31, 42, 31, 18, 0, 0, 13, 49, 49, 34, 35, 35, 13, 34, 0, 0, 19, 19, 0, 0, 23, 1, 23, 6, 1, 6, 0, 0, 10, 10, 0, 0, 2, 2, 0, 0, 45, 45, 33, 33, 14, 14, 0, 0, 24, 40, 40, 24, 43, 43, 28, 28, 0, 0, 39, 39, 36, 41, 41, 36, 38, 38, 0, 0, 29, 29, 0, 0, 16, 16, 0, 0, 17, 17, 0]
35	Solution - 1017	174	771	4	1	18	[0, 50, 32, 32, 22, 25, 50, 22, 25, 0, 0, 5, 3, 4, 3, 4, 46, 46, 5, 0, 0, 21, 7, 47, 11, 21, 7, 11, 47, 0, 0, 26, 8, 9, 8, 26, 9, 0, 0, 48, 37, 30, 30, 37, 48, 0, 0, 12, 44, 12, 27, 44, 15, 15, 27, 0, 0, 18, 20, 42, 20, 31, 42, 31, 18, 0, 0, 13, 49, 49, 34, 35, 35, 13, 34, 0, 0, 19, 19, 0, 0, 23, 1, 23, 6, 1, 6, 0, 0, 10, 10, 0, 0, 2, 2, 0, 0, 45, 45, 33, 33, 14, 14, 0, 0, 24, 40, 40, 24, 43, 43, 28, 28, 0, 0, 39, 39, 36, 41, 41, 36, 38, 38, 0, 0, 29, 29, 0, 0, 16, 16, 0, 0, 17, 17, 0]
36	Solution - 1017	174	771	4	1	18	[0, 50, 32, 32, 22, 25, 50, 22, 25, 0, 0, 5, 3, 4, 3, 4, 46, 46, 5, 0, 0, 21, 7, 47, 11, 21, 7, 11, 47, 0, 0, 26, 8, 9, 8, 26, 9, 0, 0, 48, 37, 30, 30, 37, 48, 0, 0, 12, 44, 12, 27, 44, 15, 15, 27, 0, 0, 18, 20, 42, 20, 31, 42, 31, 18, 0, 0, 13, 49, 49, 34, 35, 35, 13, 34, 0, 0, 19, 19, 0, 0, 23, 1, 23, 6, 1, 6, 0, 0, 10, 10, 0, 0, 2, 2, 0, 0, 45, 45, 33, 33, 14, 14, 0, 0, 24, 40, 40, 24, 43, 43, 28, 28, 0, 0, 39, 39, 36, 41, 41, 36, 38, 38, 0, 0, 29, 29, 0, 0, 16, 16, 0, 0, 17, 17, 0]
37	Solution - 1017	174	771	4	1	18	[0, 50, 32, 32, 22, 25, 50, 22, 25, 0, 0, 5, 3, 4, 3, 4, 46, 46, 5, 0, 0, 21, 7, 47, 11, 21, 7, 11, 47, 0, 0, 26, 8, 9, 8, 26, 9, 0, 0, 48, 37, 30, 30, 37, 48, 0, 0, 12, 44, 12, 27, 44, 15, 15, 27, 0, 0, 18, 20, 42, 20, 31, 42, 31, 18, 0, 0, 13, 49, 49, 34, 35, 35, 13, 34, 0, 0, 19, 19, 0, 0, 23, 1, 23, 6, 1, 6, 0, 0, 10, 10, 0, 0, 2, 2, 0, 0, 45, 45, 33, 33, 14, 14, 0, 0, 24, 40, 40, 24, 43, 43, 28, 28, 0, 0, 39, 39, 36, 41, 41, 36, 38, 38, 0, 0, 29, 29, 0, 0, 16, 16, 0, 0, 17, 17, 0]
38	Solution - 1017	174	771	4	1	18	[0, 50, 32, 32, 22, 25, 50, 22, 25, 0, 0, 5, 3, 4, 3, 4, 46, 46, 5, 0, 0, 21, 7, 47, 11, 21, 7, 11, 47, 0, 0, 26, 8, 9, 8, 26, 9, 0, 0, 48, 37, 30, 30, 37, 48, 0, 0, 12, 44, 12, 27, 44, 15, 15, 27, 0, 0, 18, 20, 42, 20, 31, 42, 31, 18, 0, 0, 13, 49, 49, 34, 35, 35, 13, 34, 0, 0, 19, 19, 0, 0, 23, 1, 23, 6, 1, 6, 0, 0, 10, 10, 0, 0, 2, 2, 0, 0, 45, 45, 33, 33, 14, 14, 0, 0, 24, 40, 40, 24, 43, 43, 28, 28, 0, 0, 39, 39, 36, 41, 41, 36, 38, 38, 0, 0, 29, 29, 0, 0, 16, 16, 0, 0, 17, 17, 0]
39	Solution - 1017	174	771	4	1	18	[0, 50, 32, 32, 22, 25, 50, 22, 25, 0, 0, 5, 3, 4, 3, 4, 46, 46, 5, 0, 0, 21, 7, 47, 11, 21, 7, 11, 47, 0, 0, 26, 8, 9, 8, 26, 9, 0, 0, 48, 37, 30, 30, 37, 48, 0, 0, 12, 44, 12, 27, 44, 15, 15, 27, 0, 0, 18, 20, 42, 20, 31, 42, 31, 18, 0, 0, 13, 49, 49, 34, 35, 35, 13, 34, 0, 0, 19, 19, 0, 0, 23, 1, 23, 6, 1, 6, 0, 0, 10, 10, 0, 0, 2, 2, 0, 0, 45, 45, 33, 33, 14, 14, 0, 0, 24, 40, 40, 24, 43, 43, 28, 28, 0, 0, 39, 39, 36, 41, 41, 36, 38, 38, 0, 0, 29, 29, 0, 0, 16, 16, 0, 0, 17, 17, 0]
40	Solution - 1017	174	771	4	1	18	[0, 50, 32, 32, 22, 25, 50, 22, 25, 0, 0, 5, 3, 4, 3, 4, 46, 46, 5, 0, 0, 21, 7, 47, 11, 21, 7, 11, 47, 0, 0, 26, 8, 9, 8, 26, 9, 0, 0, 48, 37, 30, 30, 37, 48, 0, 0, 12, 44, 12, 27, 44, 15, 15, 27, 0, 0, 18, 20, 42, 20, 31, 42, 31, 18, 0, 0, 13, 49, 49, 34, 35, 35, 13, 34, 0, 0, 19, 19, 0, 0, 23, 1, 23, 6, 1, 6, 0, 0, 10, 10, 0, 0, 2, 2, 0, 0, 45, 45, 33, 33, 14, 14, 0, 0, 24, 40, 40, 24, 43, 43, 28, 28, 0, 0, 39, 39, 36, 41, 41, 36, 38, 38, 0, 0, 29, 29, 0, 0, 16, 16, 0, 0, 17, 17, 0]
41	Solution - 1017	174	771	4	1	18	[0, 50, 32, 32, 22, 25, 50, 22, 25, 0, 0, 5, 3, 4, 3, 4, 46, 46, 5, 0, 0, 21, 7, 47, 11, 21, 7, 11, 47, 0, 0, 26, 8, 9, 8, 26, 9, 0, 0, 48, 37, 30, 30, 37, 48, 0, 0, 12, 44, 12, 27, 44, 15, 15, 27, 0, 0, 18, 20, 42, 20, 31, 42, 31, 18, 0, 0, 13, 49, 49, 34, 35, 35, 13, 34, 0, 0, 19, 19, 0, 0, 23, 1, 23, 6, 1, 6, 0, 0, 10, 10, 0, 0, 2, 2, 0, 0, 45, 45, 33, 33, 14, 14, 0, 0, 24, 40, 40, 24, 43, 43, 28, 28, 0, 0, 39, 39, 36, 41, 41, 36, 38, 38, 0, 0, 29, 29, 0, 0, 16, 16, 0, 0, 17, 17, 0]
42	Solution - 1017	174	771	4	1	18	[0, 50, 32, 32, 22, 25, 50, 22, 25, 0, 0, 5, 3, 4, 3, 4, 46, 46, 5, 0, 0, 21, 7, 47, 11, 21, 7, 11, 47, 0, 0, 26, 8, 9, 8, 26, 9, 0, 0, 48, 37, 30, 30, 37, 48, 0, 0, 12, 44, 12, 27, 44, 15, 15, 27, 0, 0, 18, 20, 42, 20, 31, 42, 31, 18, 0, 0, 13, 49, 49, 34, 35, 35, 13, 34, 0, 0, 19, 19, 0, 0, 23, 1, 23, 6, 1, 6, 0, 0, 10, 10, 0, 0, 2, 2, 0, 0, 45, 45, 33, 33, 14, 14, 0, 0, 24, 40, 40, 24, 43, 43, 28, 28, 0, 0, 39, 39, 36, 41, 41, 36, 38, 38, 0, 0, 29, 29, 0, 0, 16, 16, 0, 0, 17, 17, 0]
43	Solution - 1017	174	771	4	1	18	[0, 50, 32, 32, 22, 25, 50, 22, 25, 0, 0, 5, 3, 4, 3, 4, 46, 46, 5, 0, 0, 21, 7, 47, 11, 21, 7, 11, 47, 0, 0, 26, 8, 9, 8, 26, 9, 0, 0, 48, 37, 30, 30, 37, 48, 0, 0, 12, 44, 12, 27, 44, 15, 15, 27, 0, 0, 18, 20, 42, 20, 31, 42, 31, 18, 0, 0, 13, 49, 49, 34, 35, 35, 13, 34, 0, 0, 19, 19, 0, 0, 23, 1, 23, 6, 1, 6, 0, 0, 10, 10, 0, 0, 2, 2, 0, 0, 45, 45, 33, 33, 14, 14, 0, 0, 24, 40, 40, 24, 43, 43, 28, 28, 0, 0, 39, 39, 36, 41, 41, 36, 38, 38, 0, 0, 29, 29, 0, 0, 16, 16, 0, 0, 17, 17, 0]
44	Solution - 1017	174	771	4	1	18	[0, 50, 32, 32, 22, 25, 50, 22, 25, 0, 0, 5, 3, 4, 3, 4, 46, 46, 5, 0, 0, 21, 7, 47, 11, 21, 7, 11, 47, 0, 0, 26, 8, 9, 8, 26, 9, 0, 0, 48, 37, 30, 30, 37, 48, 0, 0, 12, 44, 12, 27, 44, 15, 15, 27, 0, 0, 18, 20, 42, 20, 31, 42, 31, 18, 0, 0, 13, 49, 49, 34, 35, 35, 13, 34, 0, 0, 19, 19, 0, 0, 23, 1, 23, 6, 1, 6, 0, 0, 10, 10, 0, 0, 2, 2, 0, 0, 45, 45, 33, 33, 14, 14, 0, 0, 24, 40, 40, 24, 43, 43, 28, 28, 0, 0, 39, 39, 36, 41, 41, 36, 38, 38, 0, 0, 29, 29, 0, 0, 16, 16, 0, 0, 17, 17, 0]
45	Solution - 1017	174	771	4	1	18	[0, 50, 32, 32, 22, 25, 50, 22, 25, 0, 0, 5, 3, 4, 3, 4, 46, 46, 5, 0, 0, 21, 7, 47, 11, 21, 7, 11, 47, 0, 0, 26, 8, 9, 8, 26, 9, 0, 0, 48, 37, 30, 30, 37, 48, 0, 0, 12, 44, 12, 27, 44, 15, 15, 27, 0, 0, 18, 20, 42, 20, 31, 42, 31, 18, 0, 0, 13, 49, 49, 34, 35, 35, 13, 34, 0, 0, 19, 19, 0, 0, 23, 1, 23, 6, 1, 6, 0, 0, 10, 10, 0, 0, 2, 2, 0, 0, 45, 45, 33, 33, 14, 14, 0, 0, 24, 40, 40, 24, 43, 43, 28, 28, 0, 0, 39, 39, 36, 41, 41, 36, 38, 38, 0, 0, 29, 29, 0, 0, 16, 16, 0, 0, 17, 17, 0]
46	Solution - 1017	174	771	4	1	18	[0, 50, 32, 32, 22, 25, 50, 22, 25, 0, 0, 5, 3, 4, 3, 4, 46, 46, 5, 0, 0, 21, 7, 47, 11, 21, 7, 11, 47, 0, 0, 26, 8, 9, 8, 26, 9, 0, 0, 48, 37, 30, 30, 37, 48, 0, 0, 12, 44, 12, 27, 44, 15, 15, 27, 0, 0, 18, 20, 42, 20, 31, 42, 31, 18, 0, 0, 13, 49, 49, 34, 35, 35, 13, 34, 0, 0, 19, 19, 0, 0, 23, 1, 23, 6, 1, 6, 0, 0, 10, 10, 0, 0, 2, 2, 0, 0, 45, 45, 33, 33, 14, 14, 0, 0, 24, 40, 40, 24, 43, 43, 28, 28, 0, 0, 39, 39, 36, 41, 41, 36, 38, 38, 0, 0, 29, 29, 0, 0, 16, 16, 0, 0, 17, 17, 0]
47	Solution - 1017	174	771	4	1	18	[0, 50, 32, 32, 22, 25, 50, 22, 25, 0, 0, 5, 3, 4, 3, 4, 46, 46, 5, 0, 0, 21, 7, 47, 11, 21, 7, 11, 47, 0, 0, 26, 8, 9, 8, 26, 9, 0, 0, 48, 37, 30, 30, 37, 48, 0, 0, 12, 44, 12, 27, 44, 15, 15, 27, 0, 0, 18, 20, 42, 20, 31, 42, 31, 18, 0, 0, 13, 49, 49, 34, 35, 35, 13, 34, 0, 0, 19, 19, 0, 0, 23, 1, 23, 6, 1, 6, 0, 0, 10, 10, 0, 0, 2, 2, 0, 0, 45, 45, 33, 33, 14, 14, 0, 0, 24, 40, 40, 24, 43, 43, 28, 28, 0, 0, 39, 39, 36, 41, 41, 36, 38, 38, 0, 0, 29, 29, 0, 0, 16, 16, 0, 0, 17, 17, 0]
48	Solution - 1017	174	771	4	1	18	[0, 50, 32, 32, 22, 25, 50, 22, 25, 0, 0, 5, 3, 4, 3, 4, 46, 46, 5, 0, 0, 21, 7, 47, 11, 21, 7, 11, 47, 0, 0, 26, 8, 9, 8, 26, 9, 0, 0, 48, 37, 30, 30, 37, 48, 0, 0, 12, 44, 12, 27, 44, 15, 15, 27, 0, 0, 18, 20, 42, 20, 31, 42, 31, 18, 0, 0, 13, 49, 49, 34, 35, 35, 13, 34, 0, 0, 19, 19, 0, 0, 23, 1, 23, 6, 1, 6, 0, 0, 10, 10, 0, 0, 2, 2, 0, 0, 45, 45, 33, 33, 14, 14, 0, 0, 24, 40, 40, 24, 43, 43, 28, 28, 0, 0, 39, 39, 36, 41, 41, 36, 38, 38, 0, 0, 29, 29, 0, 0, 16, 16, 0, 0, 17, 17, 0]
49	Solution - 1017	174	771	4	1	18	[0, 50, 32, 32, 22, 25, 50, 22, 25, 0, 0, 5, 3, 4, 3, 4, 46, 46, 5, 0, 0, 21, 7, 47, 11, 21, 7, 11, 47, 0, 0, 26, 8, 9, 8, 26, 9, 0, 0, 48, 37, 30, 30, 37, 48, 0, 0, 12, 44, 12, 27, 44, 15, 15, 27, 0, 0, 18, 20, 42, 20, 31, 42, 31, 18, 0, 0, 13, 49, 49, 34, 35, 35, 13, 34, 0, 0, 19, 19, 0, 0, 23, 1, 23, 6, 1, 6, 0, 0, 10, 10, 0, 0, 2, 2, 0, 0, 45, 45, 33, 33, 14, 14, 0, 0, 24, 40, 40, 24, 43, 43, 28, 28, 0, 0, 39, 39, 36, 41, 41, 36, 38, 38, 0, 0, 29, 29, 0, 0, 16, 16, 0, 0, 17, 17, 0]
50	Solution - 1017	174	771	4	1	18	[0, 50, 32, 32, 22, 25, 50, 22, 25, 0, 0, 5, 3, 4, 3, 4, 46, 46, 5, 0, 0, 21, 7, 47, 11, 21, 7, 11, 47, 0, 0, 26, 8, 9, 8, 26, 9, 0, 0, 48, 37, 30, 30, 37, 48, 0, 0, 12, 44, 12, 27, 44, 15, 15, 27, 0, 0, 18, 20, 42, 20, 31, 42, 31, 18, 0, 0, 13, 49, 49, 34, 35, 35, 13, 34, 0, 0, 19, 19, 0, 0, 23, 1, 23, 6, 1, 6, 0, 0, 10, 10, 0, 0, 2, 2, 0, 0, 45, 45, 33, 33, 14, 14, 0, 0, 24, 40, 40, 24, 43, 43, 28, 28, 0, 0, 39, 39, 36, 41, 41, 36, 38, 38, 0, 0, 29, 29, 0, 0, 16, 16, 0, 0, 17, 17, 0]
51	Solution - 1017	174	771	4	1	18	[0, 50, 32, 32, 22, 25, 50, 22, 25, 0, 0, 5, 3, 4, 3, 4, 46, 46, 5, 0, 0, 21, 7, 47, 11, 21, 7, 11, 47, 0, 0, 26, 8, 9, 8, 26, 9, 0, 0, 48, 37, 30, 30, 37, 48, 0, 0, 12, 44, 12, 27, 44, 15, 15, 27, 0, 0, 18, 20, 42, 20, 31, 42, 31, 18, 0, 0, 13, 49, 49, 34, 35, 35, 13, 34, 0, 0, 19, 19, 0, 0, 23, 1, 23, 6, 1, 6, 0, 0, 10, 10, 0, 0, 2, 2, 0, 0, 45, 45, 33, 33, 14, 14, 0, 0, 24, 40, 40, 24, 43, 43, 28, 28, 0, 0, 39, 39, 36, 41, 41, 36, 38, 38, 0, 0, 29, 29, 0, 0, 16, 16, 0, 0, 17, 17, 0]
52	Solution - 1017	174	771	4	1	18	[0, 50, 32, 32, 22, 25, 50, 22, 25, 0, 0, 5, 3, 4, 3, 4, 46, 46, 5, 0, 0, 21, 7, 47, 11, 21, 7, 11, 47, 0, 0, 26, 8, 9, 8, 26, 9, 0, 0, 48, 37, 30, 30, 37, 48, 0, 0, 12, 44, 12, 27, 44, 15, 15, 27, 0, 0, 18, 20, 42, 20, 31, 42, 31, 18, 0, 0, 13, 49, 49, 34, 35, 35, 13, 34, 0, 0, 19, 19, 0, 0, 23, 1, 23, 6, 1, 6, 0, 0, 10, 10, 0, 0, 2, 2, 0, 0, 45, 45, 33, 33, 14, 14, 0, 0, 24, 40, 40, 24, 43, 43, 28, 28, 0, 0, 39, 39, 36, 41, 41, 36, 38, 38, 0, 0, 29, 29, 0, 0, 16, 16, 0, 0, 17, 17, 0]
53	Solution - 1017	174	771	4	1	18	[0, 50, 32, 32, 22, 25, 50, 22, 25, 0, 0, 5, 3, 4, 3, 4, 46, 46, 5, 0, 0, 21, 7, 47, 11, 21, 7, 11, 47, 0, 0, 26, 8, 9, 8, 26, 9, 0, 0, 48, 37, 30, 30, 37, 48, 0, 0, 12, 44, 12, 27, 44, 15, 15, 27, 0, 0, 18, 20, 42, 20, 31, 42, 31, 18, 0, 0, 13, 49, 49, 34, 35, 35, 13, 34, 0, 0, 19, 19, 0, 0, 23, 1, 23, 6, 1, 6, 0, 0, 10, 10, 0, 0, 2, 2, 0, 0, 45, 45, 33, 33, 14, 14, 0, 0, 24, 40, 40, 24, 43, 43, 28, 28, 0, 0, 39, 39, 36, 41, 41, 36, 38, 38, 0, 0, 29, 29, 0, 0, 16, 16, 0, 0, 17, 17, 0]
54	Solution - 1017	174	771	4	1	18	[0, 50, 32, 32, 22, 25, 50, 22, 25, 0, 0, 5, 3, 4, 3, 4, 46, 46, 5, 0, 0, 21, 7, 47, 11, 21, 7, 11, 47, 0, 0, 26, 8, 9, 8, 26, 9, 0, 0, 48, 37, 30, 30, 37, 48, 0, 0, 12, 44, 12, 27, 44, 15, 15, 27, 0, 0, 18, 20, 42, 20, 31, 42, 31, 18, 0, 0, 13, 49, 49, 34, 35, 35, 13, 34, 0, 0, 19, 19, 0, 0, 23, 1, 23, 6, 1, 6, 0, 0, 10, 10, 0, 0, 2, 2, 0, 0, 45, 45, 33, 33, 14, 14, 0, 0, 24, 40, 40, 24, 43, 43, 28, 28, 0, 0, 39, 39, 36, 41, 41, 36, 38, 38, 0, 0, 29, 29, 0, 0, 16, 16, 0, 0, 17, 17, 0]
55	Solution - 1017	174	771	4	1	18	[0, 50, 32, 32, 22, 25, 50, 22, 25, 0, 0, 5, 3, 4, 3, 4, 46, 46, 5, 0, 0, 21, 7, 47, 11, 21, 7, 11, 47, 0, 0, 26, 8, 9, 8, 26, 9, 0, 0, 48, 37, 30, 30, 37, 48, 0, 0, 12, 44, 12, 27, 44, 15, 15, 27, 0, 0, 18, 20, 42, 20, 31, 42, 31, 18, 0, 0, 13, 49, 49, 34, 35, 35, 13, 34, 0, 0, 19, 19, 0, 0, 23, 1, 23, 6, 1, 6, 0, 0, 10, 10, 0, 0, 2, 2, 0, 0, 45, 45, 33, 33, 14, 14, 0, 0, 24, 40, 40, 24, 43, 43, 28, 28, 0, 0, 39, 39, 36, 41, 41, 36, 38, 38, 0, 0, 29, 29, 0, 0, 16, 16, 0, 0, 17, 17, 0]
56	Solution - 1017	174	771	4	1	18	[0, 50, 32, 32, 22, 25, 50, 22, 25, 0, 0, 5, 3, 4, 3, 4, 46, 46, 5, 0, 0, 21, 7, 47, 11, 21, 7, 11, 47, 0, 0, 26, 8, 9, 8, 26, 9, 0, 0, 48, 37, 30, 30, 37, 48, 0, 0, 12, 44, 12, 27, 44, 15, 15, 27, 0, 0, 18, 20, 42, 20, 31, 42, 31, 18, 0, 0, 13, 49, 49, 34, 35, 35, 13, 34, 0, 0, 19, 19, 0, 0, 23, 1, 23, 6, 1, 6, 0, 0, 10, 10, 0, 0, 2, 2, 0, 0, 45, 45, 33, 33, 14, 14, 0, 0, 24, 40, 40, 24, 43, 43, 28, 28, 0, 0, 39, 39, 36, 41, 41, 36, 38, 38, 0, 0, 29, 29, 0, 0, 16, 16, 0, 0, 17, 17, 0]
57	Solution - 1017	174	771	4	1	18	[0, 50, 32, 32, 22, 25, 50, 22, 25, 0, 0, 5, 3, 4, 3, 4, 46, 46, 5, 0, 0, 21, 7, 47, 11, 21, 7, 11, 47, 0, 0, 26, 8, 9, 8, 26, 9, 0, 0, 48, 37, 30, 30, 37, 48, 0, 0, 12, 44, 12, 27, 44, 15, 15, 27, 0, 0, 18, 20, 42, 20, 31, 42, 31, 18, 0, 0, 13, 49, 49, 34, 35, 35, 13, 34, 0, 0, 19, 19, 0, 0, 23, 1, 23, 6, 1, 6, 0, 0, 10, 10, 0, 0, 2, 2, 0, 0, 45, 45, 33, 33, 14, 14, 0, 0, 24, 40, 40, 24, 43, 43, 28, 28, 0, 0, 39, 39, 36, 41, 41, 36, 38, 38, 0, 0, 29, 29, 0, 0, 16, 16, 0, 0, 17, 17, 0]
58	Solution - 1017	174	771	4	1	18	[0, 50, 32, 32, 22, 25, 50, 22, 25, 0, 0, 5, 3, 4, 3, 4, 46, 46, 5, 0, 0, 21, 7, 47, 11, 21, 7, 11, 47, 0, 0, 26, 8, 9, 8, 26, 9, 0, 0, 48, 37, 30, 30, 37, 48, 0, 0, 12, 44, 12, 27, 44, 15, 15, 27, 0, 0, 18, 20, 42, 20, 31, 42, 31, 18, 0, 0, 13, 49, 49, 34, 35, 35, 13, 34, 0, 0, 19, 19, 0, 0, 23, 1, 23, 6, 1, 6, 0, 0, 10, 10, 0, 0, 2, 2, 0, 0, 45, 45, 33, 33, 14, 14, 0, 0, 24, 40, 40, 24, 43, 43, 28, 28, 0, 0, 39, 39, 36, 41, 41, 36, 38, 38, 0, 0, 29, 29, 0, 0, 16, 16, 0, 0, 17, 17, 0]
59	Solution - 1017	174	771	4	1	18	[0, 50, 32, 32, 22, 25, 50, 22, 25, 0, 0, 5, 3, 4, 3, 4, 46, 46, 5, 0, 0, 21, 7, 47, 11, 21, 7, 11, 47, 0, 0, 26, 8, 9, 8, 26, 9, 0, 0, 48, 37, 30, 30, 37, 48, 0, 0, 12, 44, 12, 27, 44, 15, 15, 27, 0, 0, 18, 20, 42, 20, 31, 42, 31, 18, 0, 0, 13, 49, 49, 34, 35, 35, 13, 34, 0, 0, 19, 19, 0, 0, 23, 1, 23, 6, 1, 6, 0, 0, 10, 10, 0, 0, 2, 2, 0, 0, 45, 45, 33, 33, 14, 14, 0, 0, 24, 40, 40, 24, 43, 43, 28, 28, 0, 0, 39, 39, 36, 41, 41, 36, 38, 38, 0, 0, 29, 29, 0, 0, 16, 16, 0, 0, 17, 17, 0]
60	Solution - 1017	174	771	4	1	18	[0, 50, 32, 32, 22, 25, 50, 22, 25, 0, 0, 5, 3, 4, 3, 4, 46, 46, 5, 0, 0, 21, 7, 47, 11, 21, 7, 11, 47, 0, 0, 26, 8, 9, 8, 26, 9, 0, 0, 48, 37, 30, 30, 37, 48, 0, 0, 12, 44, 12, 27, 44, 15, 15, 27, 0, 0, 18, 20, 42, 20, 31, 42, 31, 18, 0, 0, 13, 49, 49, 34, 35, 35, 13, 34, 0, 0, 19, 19, 0, 0, 23, 1, 23, 6, 1, 6, 0, 0, 10, 10, 0, 0, 2, 2, 0, 0, 45, 45, 33, 33, 14, 14, 0, 0, 24, 40, 40, 24, 43, 43, 28, 28, 0, 0, 39, 39, 36, 41, 41, 36, 38, 38, 0, 0, 29, 29, 0, 0, 16, 16, 0, 0, 17, 17, 0]
61	Solution - 1017	174	771	4	1	18	[0, 50, 32, 32, 22, 25, 50, 22, 25, 0, 0, 5, 3, 4, 3, 4, 46, 46, 5, 0, 0, 21, 7, 47, 11, 21, 7, 11, 47, 0, 0, 26, 8, 9, 8, 26, 9, 0, 0, 48, 37, 30, 30, 37, 48, 0, 0, 12, 44, 12, 27, 44, 15, 15, 27, 0, 0, 18, 20, 42, 20, 31, 42, 31, 18, 0, 0, 13, 49, 49, 34, 35, 35, 13, 34, 0, 0, 19, 19, 0, 0, 23, 1, 23, 6, 1, 6, 0, 0, 10, 10, 0, 0, 2, 2, 0, 0, 45, 45, 33, 33, 14, 14, 0, 0, 24, 40, 40, 24, 43, 43, 28, 28, 0, 0, 39, 39, 36, 41, 41, 36, 38, 38, 0, 0, 29, 29, 0, 0, 16, 16, 0, 0, 17, 17, 0]
62	Solution - 1017	174	771	4	1	18	[0, 50, 32, 32, 22, 25, 50, 22, 25, 0, 0, 5, 3, 4, 3, 4, 46, 46, 5, 0, 0, 21, 7, 47, 11, 21, 7, 11, 47, 0, 0, 26, 8, 9, 8, 26, 9, 0, 0, 48, 37, 30, 30, 37, 48, 0, 0, 12, 44, 12, 27, 44, 15, 15, 27, 0, 0, 18, 20, 42, 20, 31, 42, 31, 18, 0, 0, 13, 49, 49, 34, 35, 35, 13, 34, 0, 0, 19, 19, 0, 0, 23, 1, 23, 6, 1, 6, 0, 0, 10, 10, 0, 0, 2, 2, 0, 0, 45, 45, 33, 33, 14, 14, 0, 0, 24, 40, 40, 24, 43, 43, 28, 28, 0, 0, 39, 39, 36, 41, 41, 36, 38, 38, 0, 0, 29, 29, 0, 0, 16, 16, 0, 0, 17, 17, 0]
63	Solution - 1017	174	771	4	1	18	[0, 50, 32, 32, 22, 25, 50, 22, 25, 0, 0, 5, 3, 4, 3, 4, 46, 46, 5, 0, 0, 21, 7, 47, 11, 21, 7, 11, 47, 0, 0, 26, 8, 9, 8, 26, 9, 0, 0, 48, 37, 30, 30, 37, 48, 0, 0, 12, 44, 12, 27, 44, 15, 15, 27, 0, 0, 18, 20, 42, 20, 31, 42, 31, 18, 0, 0, 13, 49, 49, 34, 35, 35, 13, 34, 0, 0, 19, 19, 0, 0, 23, 1, 23, 6, 1, 6, 0, 0, 10, 10, 0, 0, 2, 2, 0, 0, 45, 45, 33, 33, 14, 14, 0, 0, 24, 40, 40, 24, 43, 43, 28, 28, 0, 0, 39, 39, 36, 41, 41, 36, 38, 38, 0, 0, 29, 29, 0, 0, 16, 16, 0, 0, 17, 17, 0]
64	Solution - 1017	174	771	4	1	18	[0, 50, 32, 32, 22, 25, 50, 22, 25, 0, 0, 5, 3, 4, 3, 4, 46, 46, 5, 0, 0, 21, 7, 47, 11, 21, 7, 11, 47, 0, 0, 26, 8, 9, 8, 26, 9, 0, 0, 48, 37, 30, 30, 37, 48, 0, 0, 12, 44, 12, 27, 44, 15, 15, 27, 0, 0, 18, 20, 42, 20, 31, 42, 31, 18, 0, 0, 13, 49, 49, 34, 35, 35, 13, 34, 0, 0, 19, 19, 0, 0, 23, 1, 23, 6, 1, 6, 0, 0, 10, 10, 0, 0, 2, 2, 0, 0, 45, 45, 33, 33, 14, 14, 0, 0, 24, 40, 40, 24, 43, 43, 28, 28, 0, 0, 39, 39, 36, 41, 41, 36, 38, 38, 0, 0, 29, 29, 0, 0, 16, 16, 0, 0, 17, 17, 0]
65	Solution - 1017	174	771	4	1	18	[0, 50, 32, 32, 22, 25, 50, 22, 25, 0, 0, 5, 3, 4, 3, 4, 46, 46, 5, 0, 0, 21, 7, 47, 11, 21, 7, 11, 47, 0, 0, 26, 8, 9, 8, 26, 9, 0, 0, 48, 37, 30, 30, 37, 48, 0, 0, 12, 44, 12, 27, 44, 15, 15, 27, 0, 0, 18, 20, 42, 20, 31, 42, 31, 18, 0, 0, 13, 49, 49, 34, 35, 35, 13, 34, 0, 0, 19, 19, 0, 0, 23, 1, 23, 6, 1, 6, 0, 0, 10, 10, 0, 0, 2, 2, 0, 0, 45, 45, 33, 33, 14, 14, 0, 0, 24, 40, 40, 24, 43, 43, 28, 28, 0, 0, 39, 39, 36, 41, 41, 36, 38, 38, 0, 0, 29, 29, 0, 0, 16, 16, 0, 0, 17, 17, 0]
66	Solution - 1017	174	771	4	1	18	[0, 50, 32, 32, 22, 25, 50, 22, 25, 0, 0, 5, 3, 4, 3, 4, 46, 46, 5, 0, 0, 21, 7, 47, 11, 21, 7, 11, 47, 0, 0, 26, 8, 9, 8, 26, 9, 0, 0, 48, 37, 30, 30, 37, 48, 0, 0, 12, 44, 12, 27, 44, 15, 15, 27, 0, 0, 18, 20, 42, 20, 31, 42, 31, 18, 0, 0, 13, 49, 49, 34, 35, 35, 13, 34, 0, 0, 19, 19, 0, 0, 23, 1, 23, 6, 1, 6, 0, 0, 10, 10, 0, 0, 2, 2, 0, 0, 45, 45, 33, 33, 14, 14, 0, 0, 24, 40, 40, 24, 43, 43, 28, 28, 0, 0, 39, 39, 36, 41, 41, 36, 38, 38, 0, 0, 29, 29, 0, 0, 16, 16, 0, 0, 17, 17, 0]
67	Solution - 1017	174	771	4	1	18	[0, 50, 32, 32, 22, 25, 50, 22, 25, 0, 0, 5, 3, 4, 3, 4, 46, 46, 5, 0, 0, 21, 7, 47, 11, 21, 7, 11, 47, 0, 0, 26, 8, 9, 8, 26, 9, 0, 0, 48, 37, 30, 30, 37, 48, 0, 0, 12, 44, 12, 27, 44, 15, 15, 27, 0, 0, 18, 20, 42, 20, 31, 42, 31, 18, 0, 0, 13, 49, 49, 34, 35, 35, 13, 34, 0, 0, 19, 19, 0, 0, 23, 1, 23, 6, 1, 6, 0, 0, 10, 10, 0, 0, 2, 2, 0, 0, 45, 45, 33, 33, 14, 14, 0, 0, 24, 40, 40, 24, 43, 43, 28, 28, 0, 0, 39, 39, 36, 41, 41, 36, 38, 38, 0, 0, 29, 29, 0, 0, 16, 16, 0, 0, 17, 17, 0]
68	Solution - 1017	174	771	4	1	18	[0, 50, 32, 32, 22, 25, 50, 22, 25, 0, 0, 5, 3, 4, 3, 4, 46, 46, 5, 0, 0, 21, 7, 47, 11, 21, 7, 11, 47, 0, 0, 26, 8, 9, 8, 26, 9, 0, 0, 48, 37, 30, 30, 37, 48, 0, 0, 12, 44, 12, 27, 44, 15, 15, 27, 0, 0, 18, 20, 42, 20, 31, 42, 31, 18, 0, 0, 13, 49, 49, 34, 35, 35, 13, 34, 0, 0, 19, 19, 0, 0, 23, 1, 23, 6, 1, 6, 0, 0, 10, 10, 0, 0, 2, 2, 0, 0, 45, 45, 33, 33, 14, 14, 0, 0, 24, 40, 40, 24, 43, 43, 28, 28, 0, 0, 39, 39, 36, 41, 41, 36, 38, 38, 0, 0, 29, 29, 0, 0, 16, 16, 0, 0, 17, 17, 0]
69	Solution - 1017	174	771	4	1	18	[0, 50, 32, 32, 22, 25, 50, 22, 25, 0, 0, 5, 3, 4, 3, 4, 46, 46, 5, 0, 0, 21, 7, 47, 11, 21, 7, 11, 47, 0, 0, 26, 8, 9, 8, 26, 9, 0, 0, 48, 37, 30, 30, 37, 48, 0, 0, 12, 44, 12, 27, 44, 15, 15, 27, 0, 0, 18, 20, 42, 20, 31, 42, 31, 18, 0, 0, 13, 49, 49, 34, 35, 35, 13, 34, 0, 0, 19, 19, 0, 0, 23, 1, 23, 6, 1, 6, 0, 0, 10, 10, 0, 0, 2, 2, 0, 0, 45, 45, 33, 33, 14, 14, 0, 0, 24, 40, 40, 24, 43, 43, 28, 28, 0, 0, 39, 39, 36, 41, 41, 36, 38, 38, 0, 0, 29, 29, 0, 0, 16, 16, 0, 0, 17, 17, 0]
70	Solution - 1017	174	771	4	1	18	[0, 50, 32, 32, 22, 25, 50, 22, 25, 0, 0, 5, 3, 4, 3, 4, 46, 46, 5, 0, 0, 21, 7, 47, 11, 21, 7, 11, 47, 0, 0, 26, 8, 9, 8, 26, 9, 0, 0, 48, 37, 30, 30, 37, 48, 0, 0, 12, 44, 12, 27, 44, 15, 15, 27, 0, 0, 18, 20, 42, 20, 31, 42, 31, 18, 0, 0, 13, 49, 49, 34, 35, 35, 13, 34, 0, 0, 19, 19, 0, 0, 23, 1, 23, 6, 1, 6, 0, 0, 10, 10, 0, 0, 2, 2, 0, 0, 45, 45, 33, 33, 14, 14, 0, 0, 24, 40, 40, 24, 43, 43, 28, 28, 0, 0, 39, 39, 36, 41, 41, 36, 38, 38, 0, 0, 29, 29, 0, 0, 16, 16, 0, 0, 17, 17, 0]
71	Solution - 1017	174	771	4	1	18	[0, 50, 32, 32, 22, 25, 50, 22, 25, 0, 0, 5, 3, 4, 3, 4, 46, 46, 5, 0, 0, 21, 7, 47, 11, 21, 7, 11, 47, 0, 0, 26, 8, 9, 8, 26, 9, 0, 0, 48, 37, 30, 30, 37, 48, 0, 0, 12, 44, 12, 27, 44, 15, 15, 27, 0, 0, 18, 20, 42, 20, 31, 42, 31, 18, 0, 0, 13, 49, 49, 34, 35, 35, 13, 34, 0, 0, 19, 19, 0, 0, 23, 1, 23, 6, 1, 6, 0, 0, 10, 10, 0, 0, 2, 2, 0, 0, 45, 45, 33, 33, 14, 14, 0, 0, 24, 40, 40, 24, 43, 43, 28, 28, 0, 0, 39, 39, 36, 41, 41, 36, 38, 38, 0, 0, 29, 29, 0, 0, 16, 16, 0, 0, 17, 17, 0]
72	Solution - 1002	173	775	3	1	18	[0, 23, 23, 44, 12, 12, 44, 0, 0, 5, 4, 3, 4, 3, 46, 46, 5, 0, 0, 21, 7, 47, 11, 21, 7, 11, 47, 0, 0, 26, 8, 9, 8, 26, 9, 0, 0, 48, 37, 30, 30, 37, 48, 0, 0, 32, 20, 20, 42, 31, 42, 32, 31, 0, 0, 22, 50, 50, 22, 40, 36, 40, 36, 0, 0, 10, 10, 0, 0, 19, 19, 0, 0, 2, 1, 2, 1, 6, 6, 0, 0, 35, 15, 15, 49, 18, 49, 35, 18, 0, 0, 45, 45, 33, 33, 14, 14, 0, 0, 34, 25, 39, 34, 41, 25, 39, 41, 0, 0, 27, 27, 0, 0, 13, 13, 24, 16, 16, 24, 0, 0, 38, 28, 43, 28, 43, 38, 0, 0, 29, 29, 0, 0, 17, 17, 0]
73	Solution - 1002	173	775	3	1	18	[0, 23, 23, 44, 12, 12, 44, 0, 0, 5, 4, 3, 4, 3, 46, 46, 5, 0, 0, 21, 7, 47, 11, 21, 7, 11, 47, 0, 0, 26, 8, 9, 8, 26, 9, 0, 0, 48, 37, 30, 30, 37, 48, 0, 0, 32, 20, 20, 42, 31, 42, 32, 31, 0, 0, 22, 50, 50, 22, 40, 36, 40, 36, 0, 0, 10, 10, 0, 0, 19, 19, 0, 0, 2, 1, 2, 1, 6, 6, 0, 0, 35, 15, 15, 49, 18, 49, 35, 18, 0, 0, 45, 45, 33, 33, 14, 14, 0, 0, 34, 25, 39, 34, 41, 25, 39, 41, 0, 0, 27, 27, 0, 0, 13, 13, 24, 16, 16, 24, 0, 0, 38, 28, 43, 28, 43, 38, 0, 0, 29, 29, 0, 0, 17, 17, 0]
74	Solution - 1002	173	775	3	1	18	[0, 23, 23, 44, 12, 12, 44, 0, 0, 5, 4, 3, 4, 3, 46, 46, 5, 0, 0, 21, 7, 47, 11, 21, 7, 11, 47, 0, 0, 26, 8, 9, 8, 26, 9, 0, 0, 48, 37, 30, 30, 37, 48, 0, 0, 32, 20, 20, 42, 31, 42, 32, 31, 0, 0, 22, 50, 50, 22, 40, 36, 40, 36, 0, 0, 10, 10, 0, 0, 19, 19, 0, 0, 2, 1, 2, 1, 6, 6, 0, 0, 35, 15, 15, 49, 18, 49, 35, 18, 0, 0, 45, 45, 33, 33, 14, 14, 0, 0, 34, 25, 39, 34, 41, 25, 39, 41, 0, 0, 27, 27, 0, 0, 13, 13, 24, 16, 16, 24, 0, 0, 38, 28, 43, 28, 43, 38, 0, 0, 29, 29, 0, 0, 17, 17, 0]
75	Solution - 1002	173	775	3	1	18	[0, 23, 23, 44, 12, 12, 44, 0, 0, 5, 4, 3, 4, 3, 46, 46, 5, 0, 0, 21, 7, 47, 11, 21, 7, 11, 47, 0, 0, 26, 8, 9, 8, 26, 9, 0, 0, 48, 37, 30, 30, 37, 48, 0, 0, 32, 20, 20, 42, 31, 42, 32, 31, 0, 0, 22, 50, 50, 22, 40, 36, 40, 36, 0, 0, 10, 10, 0, 0, 19, 19, 0, 0, 2, 1, 2, 1, 6, 6, 0, 0, 35, 15, 15, 49, 18, 49, 35, 18, 0, 0, 45, 45, 33, 33, 14, 14, 0, 0, 34, 25, 39, 34, 41, 25, 39, 41, 0, 0, 27, 27, 0, 0, 13, 13, 24, 16, 16, 24, 0, 0, 38, 28, 43, 28, 43, 38, 0, 0, 29, 29, 0, 0, 17, 17, 0]
76	Solution - 1002	173	775	3	1	18	[0, 23, 23, 44, 12, 12, 44, 0, 0, 5, 4, 3, 4, 3, 46, 46, 5, 0, 0, 21, 7, 47, 11, 21, 7, 11, 47, 0, 0, 26, 8, 9, 8, 26, 9, 0, 0, 48, 37, 30, 30, 37, 48, 0, 0, 32, 20, 20, 42, 31, 42, 32, 31, 0, 0, 22, 50, 50, 22, 40, 36, 40, 36, 0, 0, 10, 10, 0, 0, 19, 19, 0, 0, 2, 1, 2, 1, 6, 6, 0, 0, 35, 15, 15, 49, 18, 49, 35, 18, 0, 0, 45, 45, 33, 33, 14, 14, 0, 0, 34, 25, 39, 34, 41, 25, 39, 41, 0, 0, 27, 27, 0, 0, 13, 13, 24, 16, 16, 24, 0, 0, 38, 28, 43, 28, 43, 38, 0, 0, 29, 29, 0, 0, 17, 17, 0]
77	Solution - 1002	173	775	3	1	18	[0, 23, 23, 44, 12, 12, 44, 0, 0, 5, 4, 3, 4, 3, 46, 46, 5, 0, 0, 21, 7, 47, 11, 21, 7, 11, 47, 0, 0, 26, 8, 9, 8, 26, 9, 0, 0, 48, 37, 30, 30, 37, 48, 0, 0, 32, 20, 20, 42, 31, 42, 32, 31, 0, 0, 22, 50, 50, 22, 40, 36, 40, 36, 0, 0, 10, 10, 0, 0, 19, 19, 0, 0, 2, 1, 2, 1, 6, 6, 0, 0, 35, 15, 15, 49, 18, 49, 35, 18, 0, 0, 45, 45, 33, 33, 14, 14, 0, 0, 34, 25, 39, 34, 41, 25, 39, 41, 0, 0, 27, 27, 0, 0, 13, 13, 24, 16, 16, 24, 0, 0, 38, 28, 43, 28, 43, 38, 0, 0, 29, 29, 0, 0, 17, 17, 0]
78	Solution - 1002	173	775	3	1	18	[0, 23, 23, 44, 12, 12, 44, 0, 0, 5, 4, 3, 4, 3, 46, 46, 5, 0, 0, 21, 7, 47, 11, 21, 7, 11, 47, 0, 0, 26, 8, 9, 8, 26, 9, 0, 0, 48, 37, 30, 30, 37, 48, 0, 0, 32, 20, 20, 42, 31, 42, 32, 31, 0, 0, 22, 50, 50, 22, 40, 36, 40, 36, 0, 0, 10, 10, 0, 0, 19, 19, 0, 0, 2, 1, 2, 1, 6, 6, 0, 0, 35, 15, 15, 49, 18, 49, 35, 18, 0, 0, 45, 45, 33, 33, 14, 14, 0, 0, 34, 25, 39, 34, 41, 25, 39, 41, 0, 0, 27, 27, 0, 0, 13, 13, 24, 16, 16, 24, 0, 0, 38, 28, 43, 28, 43, 38, 0, 0, 29, 29, 0, 0, 17, 17, 0]
79	Solution - 1002	173	775	3	1	18	[0, 23, 23, 44, 12, 12, 44, 0, 0, 5, 4, 3, 4, 3, 46, 46, 5, 0, 0, 21, 7, 47, 11, 21, 7, 11, 47, 0, 0, 26, 8, 9, 8, 26, 9, 0, 0, 48, 37, 30, 30, 37, 48, 0, 0, 32, 20, 20, 42, 31, 42, 32, 31, 0, 0, 22, 50, 50, 22, 40, 36, 40, 36, 0, 0, 10, 10, 0, 0, 19, 19, 0, 0, 2, 1, 2, 1, 6, 6, 0, 0, 35, 15, 15, 49, 18, 49, 35, 18, 0, 0, 45, 45, 33, 33, 14, 14, 0, 0, 34, 25, 39, 34, 41, 25, 39, 41, 0, 0, 27, 27, 0, 0, 13, 13, 24, 16, 16, 24, 0, 0, 38, 28, 43, 28, 43, 38, 0, 0, 29, 29, 0, 0, 17, 17, 0]
80	Solution - 1002	173	775	3	1	18	[0, 23, 23, 44, 12, 12, 44, 0, 0, 5, 4, 3, 4, 3, 46, 46, 5, 0, 0, 21, 7, 47, 11, 21, 7, 11, 47, 0, 0, 26, 8, 9, 8, 26, 9, 0, 0, 48, 37, 30, 30, 37, 48, 0, 0, 32, 20, 20, 42, 31, 42, 32, 31, 0, 0, 22, 50, 50, 22, 40, 36, 40, 36, 0, 0, 10, 10, 0, 0, 19, 19, 0, 0, 2, 1, 2, 1, 6, 6, 0, 0, 35, 15, 15, 49, 18, 49, 35, 18, 0, 0, 45, 45, 33, 33, 14, 14, 0, 0, 34, 25, 39, 34, 41, 25, 39, 41, 0, 0, 27, 27, 0, 0, 13, 13, 24, 16, 16, 24, 0, 0, 38, 28, 43, 28, 43, 38, 0, 0, 29, 29, 0, 0, 17, 17, 0]
81	Solution - 1002	173	775	3	1	18	[0, 23, 23, 44, 12, 12, 44, 0, 0, 5, 4, 3, 4, 3, 46, 46, 5, 0, 0, 21, 7, 47, 11, 21, 7, 11, 47, 0, 0, 26, 8, 9, 8, 26, 9, 0, 0, 48, 37, 30, 30, 37, 48, 0, 0, 32, 20, 20, 42, 31, 42, 32, 31, 0, 0, 22, 50, 50, 22, 40, 36, 40, 36, 0, 0, 10, 10, 0, 0, 19, 19, 0, 0, 2, 1, 2, 1, 6, 6, 0, 0, 35, 15, 15, 49, 18, 49, 35, 18, 0, 0, 45, 45, 33, 33, 14, 14, 0, 0, 34, 25, 39, 34, 41, 25, 39, 41, 0, 0, 27, 27, 0, 0, 13, 13, 24, 16, 16, 24, 0, 0, 38, 28, 43, 28, 43, 38, 0, 0, 29, 29, 0, 0, 17, 17, 0]
82	Solution - 1002	173	775	3	1	18	[0, 23, 23, 44, 12, 12, 44, 0, 0, 5, 4, 3, 4, 3, 46, 46, 5, 0, 0, 21, 7, 47, 11, 21, 7, 11, 47, 0, 0, 26, 8, 9, 8, 26, 9, 0, 0, 48, 37, 30, 30, 37, 48, 0, 0, 32, 20, 20, 42, 31, 42, 32, 31, 0, 0, 22, 50, 50, 22, 40, 36, 40, 36, 0, 0, 10, 10, 0, 0, 19, 19, 0, 0, 2, 1, 2, 1, 6, 6, 0, 0, 35, 15, 15, 49, 18, 49, 35, 18, 0, 0, 45, 45, 33, 33, 14, 14, 0, 0, 34, 25, 39, 34, 41, 25, 39, 41, 0, 0, 27, 27, 0, 0, 13, 13, 24, 16, 16, 24, 0, 0, 38, 28, 43, 28, 43, 38, 0, 0, 29, 29, 0, 0, 17, 17, 0]
83	Solution - 1002	173	775	3	1	18	[0, 23, 23, 44, 12, 12, 44, 0, 0, 5, 4, 3, 4, 3, 46, 46, 5, 0, 0, 21, 7, 47, 11, 21, 7, 11, 47, 0, 0, 26, 8, 9, 8, 26, 9, 0, 0, 48, 37, 30, 30, 37, 48, 0, 0, 32, 20, 20, 42, 31, 42, 32, 31, 0, 0, 22, 50, 50, 22, 40, 36, 40, 36, 0, 0, 10, 10, 0, 0, 19, 19, 0, 0, 2, 1, 2, 1, 6, 6, 0, 0, 35, 15, 15, 49, 18, 49, 35, 18, 0, 0, 45, 45, 33, 33, 14, 14, 0, 0, 34, 25, 39, 34, 41, 25, 39, 41, 0, 0, 27, 27, 0, 0, 13, 13, 24, 16, 16, 24, 0, 0, 38, 28, 43, 28, 43, 38, 0, 0, 29, 29, 0, 0, 17, 17, 0]
84	Solution - 1002	173	775	3	1	18	[0, 23, 23, 44, 12, 12, 44, 0, 0, 5, 4, 3, 4, 3, 46, 46, 5, 0, 0, 21, 7, 47, 11, 21, 7, 11, 47, 0, 0, 26, 8, 9, 8, 26, 9, 0, 0, 48, 37, 30, 30, 37, 48, 0, 0, 32, 20, 20, 42, 31, 42, 32, 31, 0, 0, 22, 50, 50, 22, 40, 36, 40, 36, 0, 0, 10, 10, 0, 0, 19, 19, 0, 0, 2, 1, 2, 1, 6, 6, 0, 0, 35, 15, 15, 49, 18, 49, 35, 18, 0, 0, 45, 45, 33, 33, 14, 14, 0, 0, 34, 25, 39, 34, 41, 25, 39, 41, 0, 0, 27, 27, 0, 0, 13, 13, 24, 16, 16, 24, 0, 0, 38, 28, 43, 28, 43, 38, 0, 0, 29, 29, 0, 0, 17, 17, 0]
85	Solution - 1002	173	775	3	1	18	[0, 23, 23, 44, 12, 12, 44, 0, 0, 5, 4, 3, 4, 3, 46, 46, 5, 0, 0, 21, 7, 47, 11, 21, 7, 11, 47, 0, 0, 26, 8, 9, 8, 26, 9, 0, 0, 48, 37, 30, 30, 37, 48, 0, 0, 32, 20, 20, 42, 31, 42, 32, 31, 0, 0, 22, 50, 50, 22, 40, 36, 40, 36, 0, 0, 10, 10, 0, 0, 19, 19, 0, 0, 2, 1, 2, 1, 6, 6, 0, 0, 35, 15, 15, 49, 18, 49, 35, 18, 0, 0, 45, 45, 33, 33, 14, 14, 0, 0, 34, 25, 39, 34, 41, 25, 39, 41, 0, 0, 27, 27, 0, 0, 13, 13, 24, 16, 16, 24, 0, 0, 38, 28, 43, 28, 43, 38, 0, 0, 29, 29, 0, 0, 17, 17, 0]
86	Solution - 1002	173	775	3	1	18	[0, 23, 23, 44, 12, 12, 44, 0, 0, 5, 4, 3, 4, 3, 46, 46, 5, 0, 0, 21, 7, 47, 11, 21, 7, 11, 47, 0, 0, 26, 8, 9, 8, 26, 9, 0, 0, 48, 37, 30, 30, 37, 48, 0, 0, 32, 20, 20, 42, 31, 42, 32, 31, 0, 0, 22, 50, 50, 22, 40, 36, 40, 36, 0, 0, 10, 10, 0, 0, 19, 19, 0, 0, 2, 1, 2, 1, 6, 6, 0, 0, 35, 15, 15, 49, 18, 49, 35, 18, 0, 0, 45, 45, 33, 33, 14, 14, 0, 0, 34, 25, 39, 34, 41, 25, 39, 41, 0, 0, 27, 27, 0, 0, 13, 13, 24, 16, 16, 24, 0, 0, 38, 28, 43, 28, 43, 38, 0, 0, 29, 29, 0, 0, 17, 17, 0]
87	Solution - 1002	173	775	3	1	18	[0, 23, 23, 44, 12, 12, 44, 0, 0, 5, 4, 3, 4, 3, 46, 46, 5, 0, 0, 21, 7, 47, 11, 21, 7, 11, 47, 0, 0, 26, 8, 9, 8, 26, 9, 0, 0, 48, 37, 30, 30, 37, 48, 0, 0, 32, 20, 20, 42, 31, 42, 32, 31, 0, 0, 22, 50, 50, 22, 40, 36, 40, 36, 0, 0, 10, 10, 0, 0, 19, 19, 0, 0, 2, 1, 2, 1, 6, 6, 0, 0, 35, 15, 15, 49, 18, 49, 35, 18, 0, 0, 45, 45, 33, 33, 14, 14, 0, 0, 34, 25, 39, 34, 41, 25, 39, 41, 0, 0, 27, 27, 0, 0, 13, 13, 24, 16, 16, 24, 0, 0, 38, 28, 43, 28, 43, 38, 0, 0, 29, 29, 0, 0, 17, 17, 0]
88	Solution - 1002	173	775	3	1	18	[0, 23, 23, 44, 12, 12, 44, 0, 0, 5, 4, 3, 4, 3, 46, 46, 5, 0, 0, 21, 7, 47, 11, 21, 7, 11, 47, 0, 0, 26, 8, 9, 8, 26, 9, 0, 0, 48, 37, 30, 30, 37, 48, 0, 0, 32, 20, 20, 42, 31, 42, 32, 31, 0, 0, 22, 50, 50, 22, 40, 36, 40, 36, 0, 0, 10, 10, 0, 0, 19, 19, 0, 0, 2, 1, 2, 1, 6, 6, 0, 0, 35, 15, 15, 49, 18, 49, 35, 18, 0, 0, 45, 45, 33, 33, 14, 14, 0, 0, 34, 25, 39, 34, 41, 25, 39, 41, 0, 0, 27, 27, 0, 0, 13, 13, 24, 16, 16, 24, 0, 0, 38, 28, 43, 28, 43, 38, 0, 0, 29, 29, 0, 0, 17, 17, 0]
89	Solution - 1002	173	775	3	1	18	[0, 23, 23, 44, 12, 12, 44, 0, 0, 5, 4, 3, 4, 3, 46, 46, 5, 0, 0, 21, 7, 47, 11, 21, 7, 11, 47, 0, 0, 26, 8, 9, 8, 26, 9, 0, 0, 48, 37, 30, 30, 37, 48, 0, 0, 32, 20, 20, 42, 31, 42, 32, 31, 0, 0, 22, 50, 50, 22, 40, 36, 40, 36, 0, 0, 10, 10, 0, 0, 19, 19, 0, 0, 2, 1, 2, 1, 6, 6, 0, 0, 35, 15, 15, 49, 18, 49, 35, 18, 0, 0, 45, 45, 33, 33, 14, 14, 0, 0, 34, 25, 39, 34, 41, 25, 39, 41, 0, 0, 27, 27, 0, 0, 13, 13, 24, 16, 16, 24, 0, 0, 38, 28, 43, 28, 43, 38, 0, 0, 29, 29, 0, 0, 17, 17, 0]
90	Solution - 1002	173	775	3	1	18	[0, 23, 23, 44, 12, 12, 44, 0, 0, 5, 4, 3, 4, 3, 46, 46, 5, 0, 0, 21, 7, 47, 11, 21, 7, 11, 47, 0, 0, 26, 8, 9, 8, 26, 9, 0, 0, 48, 37, 30, 30, 37, 48, 0, 0, 32, 20, 20, 42, 31, 42, 32, 31, 0, 0, 22, 50, 50, 22, 40, 36, 40, 36, 0, 0, 10, 10, 0, 0, 19, 19, 0, 0, 2, 1, 2, 1, 6, 6, 0, 0, 35, 15, 15, 49, 18, 49, 35, 18, 0, 0, 45, 45, 33, 33, 14, 14, 0, 0, 34, 25, 39, 34, 41, 25, 39, 41, 0, 0, 27, 27, 0, 0, 13, 13, 24, 16, 16, 24, 0, 0, 38, 28, 43, 28, 43, 38, 0, 0, 29, 29, 0, 0, 17, 17, 0]
91	Solution - 1002	173	775	3	1	18	[0, 23, 23, 44, 12, 12, 44, 0, 0, 5, 4, 3, 4, 3, 46, 46, 5, 0, 0, 21, 7, 47, 11, 21, 7, 11, 47, 0, 0, 26, 8, 9, 8, 26, 9, 0, 0, 48, 37, 30, 30, 37, 48, 0, 0, 32, 20, 20, 42, 31, 42, 32, 31, 0, 0, 22, 50, 50, 22, 40, 36, 40, 36, 0, 0, 10, 10, 0, 0, 19, 19, 0, 0, 2, 1, 2, 1, 6, 6, 0, 0, 35, 15, 15, 49, 18, 49, 35, 18, 0, 0, 45, 45, 33, 33, 14, 14, 0, 0, 34, 25, 39, 34, 41, 25, 39, 41, 0, 0, 27, 27, 0, 0, 13, 13, 24, 16, 16, 24, 0, 0, 38, 28, 43, 28, 43, 38, 0, 0, 29, 29, 0, 0, 17, 17, 0]
92	Solution - 1002	173	775	3	1	18	[0, 23, 23, 44, 12, 12, 44, 0, 0, 5, 4, 3, 4, 3, 46, 46, 5, 0, 0, 21, 7, 47, 11, 21, 7, 11, 47, 0, 0, 26, 8, 9, 8, 26, 9, 0, 0, 48, 37, 30, 30, 37, 48, 0, 0, 32, 20, 20, 42, 31, 42, 32, 31, 0, 0, 22, 50, 50, 22, 40, 36, 40, 36, 0, 0, 10, 10, 0, 0, 19, 19, 0, 0, 2, 1, 2, 1, 6, 6, 0, 0, 35, 15, 15, 49, 18, 49, 35, 18, 0, 0, 45, 45, 33, 33, 14, 14, 0, 0, 34, 25, 39, 34, 41, 25, 39, 41, 0, 0, 27, 27, 0, 0, 13, 13, 24, 16, 16, 24, 0, 0, 38, 28, 43, 28, 43, 38, 0, 0, 29, 29, 0, 0, 17, 17, 0]
93	Solution - 1002	173	775	3	1	18	[0, 23, 23, 44, 12, 12, 44, 0, 0, 5, 4, 3, 4, 3, 46, 46, 5, 0, 0, 21, 7, 47, 11, 21, 7, 11, 47, 0, 0, 26, 8, 9, 8, 26, 9, 0, 0, 48, 37, 30, 30, 37, 48, 0, 0, 32, 20, 20, 42, 31, 42, 32, 31, 0, 0, 22, 50, 50, 22, 40, 36, 40, 36, 0, 0, 10, 10, 0, 0, 19, 19, 0, 0, 2, 1, 2, 1, 6, 6, 0, 0, 35, 15, 15, 49, 18, 49, 35, 18, 0, 0, 45, 45, 33, 33, 14, 14, 0, 0, 34, 25, 39, 34, 41, 25, 39, 41, 0, 0, 27, 27, 0, 0, 13, 13, 24, 16, 16, 24, 0, 0, 38, 28, 43, 28, 43, 38, 0, 0, 29, 29, 0, 0, 17, 17, 0]
94	Solution - 1002	173	775	3	1	18	[0, 23, 23, 44, 12, 12, 44, 0, 0, 5, 4, 3, 4, 3, 46, 46, 5, 0, 0, 21, 7, 47, 11, 21, 7, 11, 47, 0, 0, 26, 8, 9, 8, 26, 9, 0, 0, 48, 37, 30, 30, 37, 48, 0, 0, 32, 20, 20, 42, 31, 42, 32, 31, 0, 0, 22, 50, 50, 22, 40, 36, 40, 36, 0, 0, 10, 10, 0, 0, 19, 19, 0, 0, 2, 1, 2, 1, 6, 6, 0, 0, 35, 15, 15, 49, 18, 49, 35, 18, 0, 0, 45, 45, 33, 33, 14, 14, 0, 0, 34, 25, 39, 34, 41, 25, 39, 41, 0, 0, 27, 27, 0, 0, 13, 13, 24, 16, 16, 24, 0, 0, 38, 28, 43, 28, 43, 38, 0, 0, 29, 29, 0, 0, 17, 17, 0]
95	Solution - 1002	173	775	3	1	18	[0, 23, 23, 44, 12, 12, 44, 0, 0, 5, 4, 3, 4, 3, 46, 46, 5, 0, 0, 21, 7, 47, 11, 21, 7, 11, 47, 0, 0, 26, 8, 9, 8, 26, 9, 0, 0, 48, 37, 30, 30, 37, 48, 0, 0, 32, 20, 20, 42, 31, 42, 32, 31, 0, 0, 22, 50, 50, 22, 40, 36, 40, 36, 0, 0, 10, 10, 0, 0, 19, 19, 0, 0, 2, 1, 2, 1, 6, 6, 0, 0, 35, 15, 15, 49, 18, 49, 35, 18, 0, 0, 45, 45, 33, 33, 14, 14, 0, 0, 34, 25, 39, 34, 41, 25, 39, 41, 0, 0, 27, 27, 0, 0, 13, 13, 24, 16, 16, 24, 0, 0, 38, 28, 43, 28, 43, 38, 0, 0, 29, 29, 0, 0, 17, 17, 0]
96	Solution - 1002	173	775	3	1	18	[0, 23, 23, 44, 12, 12, 44, 0, 0, 5, 4, 3, 4, 3, 46, 46, 5, 0, 0, 21, 7, 47, 11, 21, 7, 11, 47, 0, 0, 26, 8, 9, 8, 26, 9, 0, 0, 48, 37, 30, 30, 37, 48, 0, 0, 32, 20, 20, 42, 31, 42, 32, 31, 0, 0, 22, 50, 50, 22, 40, 36, 40, 36, 0, 0, 10, 10, 0, 0, 19, 19, 0, 0, 2, 1, 2, 1, 6, 6, 0, 0, 35, 15, 15, 49, 18, 49, 35, 18, 0, 0, 45, 45, 33, 33, 14, 14, 0, 0, 34, 25, 39, 34, 41, 25, 39, 41, 0, 0, 27, 27, 0, 0, 13, 13, 24, 16, 16, 24, 0, 0, 38, 28, 43, 28, 43, 38, 0, 0, 29, 29, 0, 0, 17, 17, 0]
97	Solution - 1002	173	775	3	1	18	[0, 23, 23, 44, 12, 12, 44, 0, 0, 5, 4, 3, 4, 3, 46, 46, 5, 0, 0, 21, 7, 47, 11, 21, 7, 11, 47, 0, 0, 26, 8, 9, 8, 26, 9, 0, 0, 48, 37, 30, 30, 37, 48, 0, 0, 32, 20, 20, 42, 31, 42, 32, 31, 0, 0, 22, 50, 50, 22, 40, 36, 40, 36, 0, 0, 10, 10, 0, 0, 19, 19, 0, 0, 2, 1, 2, 1, 6, 6, 0, 0, 35, 15, 15, 49, 18, 49, 35, 18, 0, 0, 45, 45, 33, 33, 14, 14, 0, 0, 34, 25, 39, 34, 41, 25, 39, 41, 0, 0, 27, 27, 0, 0, 13, 13, 24, 16, 16, 24, 0, 0, 38, 28, 43, 28, 43, 38, 0, 0, 29, 29, 0, 0, 17, 17, 0]
98	Solution - 1002	173	775	3	1	18	[0, 23, 23, 44, 12, 12, 44, 0, 0, 5, 4, 3, 4, 3, 46, 46, 5, 0, 0, 21, 7, 47, 11, 21, 7, 11, 47, 0, 0, 26, 8, 9, 8, 26, 9, 0, 0, 48, 37, 30, 30, 37, 48, 0, 0, 32, 20, 20, 42, 31, 42, 32, 31, 0, 0, 22, 50, 50, 22, 40, 36, 40, 36, 0, 0, 10, 10, 0, 0, 19, 19, 0, 0, 2, 1, 2, 1, 6, 6, 0, 0, 35, 15, 15, 49, 18, 49, 35, 18, 0, 0, 45, 45, 33, 33, 14, 14, 0, 0, 34, 25, 39, 34, 41, 25, 39, 41, 0, 0, 27, 27, 0, 0, 13, 13, 24, 16, 16, 24, 0, 0, 38, 28, 43, 28, 43, 38, 0, 0, 29, 29, 0, 0, 17, 17, 0]
99	Solution - 1002	173	775	3	1	18	[0, 23, 23, 44, 12, 12, 44, 0, 0, 5, 4, 3, 4, 3, 46, 46, 5, 0, 0, 21, 7, 47, 11, 21, 7, 11, 47, 0, 0, 26, 8, 9, 8, 26, 9, 0, 0, 48, 37, 30, 30, 37, 48, 0, 0, 32, 20, 20, 42, 31, 42, 32, 31, 0, 0, 22, 50, 50, 22, 40, 36, 40, 36, 0, 0, 10, 10, 0, 0, 19, 19, 0, 0, 2, 1, 2, 1, 6, 6, 0, 0, 35, 15, 15, 49, 18, 49, 35, 18, 0, 0, 45, 45, 33, 33, 14, 14, 0, 0, 34, 25, 39, 34, 41, 25, 39, 41, 0, 0, 27, 27, 0, 0, 13, 13, 24, 16, 16, 24, 0, 0, 38, 28, 43, 28, 43, 38, 0, 0, 29, 29, 0, 0, 17, 17, 0]
