2876
2876
2876
2876
2876
2876
2876
2876
2876
2876
2876
2876
2876
2876
2876
2876
2876
2876
2876
2579
2579
2579
2579
2579
2579
2579
2579
2579
2579
2579
2579
2579
2579
2579
2579
2579
2579
2579
2579
2579
2579
2579
2579
2579
2579
2579
2579
2579
2579
2579
2579
2579
2579
2579
2579
2579
2579
2579
2579
2579
2579
2579
2579
2579
2579
2579
2579
2579
2579
2579
2579
2579
2579
2579
2579
2579
2579
2579
2579
2579
2579
2579
2579
2579
2579
2579
2579
2579
2579
2579
2579
2579
2579
2579
2579
2579
2579
2579
2579
2579
