0	Solution - 2786	177	804	95	0	19
1	Solution - 2786	177	804	95	0	19
2	Solution - 2786	177	804	95	0	19
3	Solution - 2786	177	804	95	0	19
4	Solution - 2786	177	804	95	0	19
5	Solution - 2579	172	787	108	0	15
6	Solution - 2579	172	787	108	0	15
7	Solution - 2579	172	787	108	0	15
8	Solution - 2579	172	787	108	0	15
9	Solution - 2579	172	787	108	0	15
10	Solution - 2579	172	787	108	0	15
11	Solution - 2579	172	787	108	0	15
12	Solution - 2579	172	787	108	0	15
13	Solution - 2579	172	787	108	0	15
14	Solution - 2579	172	787	108	0	15
15	Solution - 2579	172	787	108	0	15
16	Solution - 2579	172	787	108	0	15
17	Solution - 2579	172	787	108	0	15
18	Solution - 2579	172	787	108	0	15
19	Solution - 2579	172	787	108	0	15
20	Solution - 2579	172	787	108	0	15
21	Solution - 2579	172	787	108	0	15
22	Solution - 2579	172	787	108	0	15
23	Solution - 2579	172	787	108	0	15
24	Solution - 2579	172	787	108	0	15
25	Solution - 2579	172	787	108	0	15
26	Solution - 2579	172	787	108	0	15
27	Solution - 2579	172	787	108	0	15
28	Solution - 2579	172	787	108	0	15
29	Solution - 2579	172	787	108	0	15
30	Solution - 2579	172	787	108	0	15
31	Solution - 2579	172	787	108	0	15
32	Solution - 2579	172	787	108	0	15
33	Solution - 2579	172	787	108	0	15
34	Solution - 2579	172	787	108	0	15
35	Solution - 2579	172	787	108	0	15
36	Solution - 2579	172	787	108	0	15
37	Solution - 2579	172	787	108	0	15
38	Solution - 2579	172	787	108	0	15
39	Solution - 2579	172	787	108	0	15
40	Solution - 2579	172	787	108	0	15
41	Solution - 2579	172	787	108	0	15
42	Solution - 2579	172	787	108	0	15
43	Solution - 2579	172	787	108	0	15
44	Solution - 2579	172	787	108	0	15
45	Solution - 2579	172	787	108	0	15
46	Solution - 2579	172	787	108	0	15
47	Solution - 2579	172	787	108	0	15
48	Solution - 2579	172	787	108	0	15
49	Solution - 2579	172	787	108	0	15
50	Solution - 2579	172	787	108	0	15
51	Solution - 2579	172	787	108	0	15
52	Solution - 2579	172	787	108	0	15
53	Solution - 2579	172	787	108	0	15
54	Solution - 2579	172	787	108	0	15
55	Solution - 2579	172	787	108	0	15
56	Solution - 2579	172	787	108	0	15
57	Solution - 2579	172	787	108	0	15
58	Solution - 2579	172	787	108	0	15
59	Solution - 2579	172	787	108	0	15
60	Solution - 2579	172	787	108	0	15
61	Solution - 2579	172	787	108	0	15
62	Solution - 2579	172	787	108	0	15
63	Solution - 2579	172	787	108	0	15
64	Solution - 2579	172	787	108	0	15
65	Solution - 2579	172	787	108	0	15
66	Solution - 2579	172	787	108	0	15
67	Solution - 2579	172	787	108	0	15
68	Solution - 2579	172	787	108	0	15
69	Solution - 2579	172	787	108	0	15
70	Solution - 2579	172	787	108	0	15
71	Solution - 2579	172	787	108	0	15
72	Solution - 2579	172	787	108	0	15
73	Solution - 2579	172	787	108	0	15
74	Solution - 2579	172	787	108	0	15
75	Solution - 2579	172	787	108	0	15
76	Solution - 2579	172	787	108	0	15
77	Solution - 2579	172	787	108	0	15
78	Solution - 2579	172	787	108	0	15
79	Solution - 2579	172	787	108	0	15
80	Solution - 2579	172	787	108	0	15
81	Solution - 2579	172	787	108	0	15
82	Solution - 2579	172	787	108	0	15
83	Solution - 2579	172	787	108	0	15
84	Solution - 2579	172	787	108	0	15
85	Solution - 2579	172	787	108	0	15
86	Solution - 2579	172	787	108	0	15
87	Solution - 2579	172	787	108	0	15
88	Solution - 2579	172	787	108	0	15
89	Solution - 2579	172	787	108	0	15
90	Solution - 2579	172	787	108	0	15
91	Solution - 2579	172	787	108	0	15
92	Solution - 2579	172	787	108	0	15
93	Solution - 2579	172	787	108	0	15
94	Solution - 2579	172	787	108	0	15
95	Solution - 2579	172	787	108	0	15
96	Solution - 2579	172	787	108	0	15
97	Solution - 2579	172	787	108	0	15
98	Solution - 2579	172	787	108	0	15
99	Solution - 2579	172	787	108	0	15
