3434
3261
3261
3261
3261
3261
3261
3261
3261
3261
3261
2714
2714
2714
2714
2714
2714
2714
2714
2714
2714
2714
2714
2714
2714
2714
2714
2714
2714
2714
2714
2714
2714
2714
2714
2714
2714
2714
2714
2714
2714
2714
2714
2714
2714
2714
2714
2714
2714
2714
2714
2714
2714
2714
2714
2714
2714
2714
2714
2714
2714
2714
2714
2714
2714
2714
2714
2714
2714
2714
2714
2714
2714
2714
2714
2714
2714
2714
2714
2714
2714
2714
2579
2579
2579
2579
2579
2579
2579
2579
2579
2579
2579
2579
2579
2579
2579
2579
2579
2579
