3372
3372
3280
3280
3280
2827
2827
2827
2827
2827
2827
2827
2827
2827
2827
2827
2827
2827
2827
2827
2827
2827
2786
2786
2786
2786
2786
2786
2786
2786
2786
2786
2786
2786
2786
2786
2786
2786
2786
2786
2786
2786
2786
2786
2786
2786
2786
2786
2786
2786
2786
2786
2786
2786
2786
2786
2786
2786
2786
2786
2786
2786
2786
2786
2786
2786
2786
2786
2786
2786
2786
2786
2786
2786
2786
2786
2786
2786
2786
2786
2786
2786
2786
2786
2786
2786
2786
2786
2786
2786
2786
2786
2786
2786
2786
2786
2786
2786
2786
2786
