0	Solution - 3133	193	850	110	0	19
1	Solution - 3110	180	802	112	0	19
2	Solution - 3110	180	802	112	0	19
3	Solution - 3110	180	802	112	0	19
4	Solution - 3110	180	802	112	0	19
5	Solution - 3110	180	802	112	0	19
6	Solution - 3110	180	802	112	0	19
7	Solution - 3110	180	802	112	0	19
8	Solution - 3110	180	802	112	0	19
9	Solution - 3110	180	802	112	0	19
10	Solution - 3110	180	802	112	0	19
11	Solution - 3110	180	802	112	0	19
12	Solution - 3083	189	842	108	0	19
13	Solution - 3083	189	842	108	0	19
14	Solution - 3083	189	842	108	0	19
15	Solution - 2714	185	828	81	0	21
16	Solution - 2714	185	828	81	0	21
17	Solution - 2714	185	828	81	0	21
18	Solution - 2714	185	828	81	0	21
19	Solution - 2714	185	828	81	0	21
20	Solution - 2714	185	828	81	0	21
21	Solution - 2714	185	828	81	0	21
22	Solution - 2714	185	828	81	0	21
23	Solution - 2714	185	828	81	0	21
24	Solution - 2714	185	828	81	0	21
25	Solution - 2714	185	828	81	0	21
26	Solution - 2714	185	828	81	0	21
27	Solution - 2714	185	828	81	0	21
28	Solution - 2714	185	828	81	0	21
29	Solution - 2714	185	828	81	0	21
30	Solution - 2714	185	828	81	0	21
31	Solution - 2714	185	828	81	0	21
32	Solution - 2714	185	828	81	0	21
33	Solution - 2714	185	828	81	0	21
34	Solution - 2714	185	828	81	0	21
35	Solution - 2714	185	828	81	0	21
36	Solution - 2714	185	828	81	0	21
37	Solution - 2714	185	828	81	0	21
38	Solution - 2714	185	828	81	0	21
39	Solution - 2714	185	828	81	0	21
40	Solution - 2714	185	828	81	0	21
41	Solution - 2714	185	828	81	0	21
42	Solution - 2714	185	828	81	0	21
43	Solution - 2714	185	828	81	0	21
44	Solution - 2714	185	828	81	0	21
45	Solution - 2714	185	828	81	0	21
46	Solution - 2714	185	828	81	0	21
47	Solution - 2714	185	828	81	0	21
48	Solution - 2714	185	828	81	0	21
49	Solution - 2714	185	828	81	0	21
50	Solution - 2714	185	828	81	0	21
51	Solution - 2714	185	828	81	0	21
52	Solution - 2714	185	828	81	0	21
53	Solution - 2714	185	828	81	0	21
54	Solution - 2714	185	828	81	0	21
55	Solution - 2714	185	828	81	0	21
56	Solution - 2714	185	828	81	0	21
57	Solution - 2714	185	828	81	0	21
58	Solution - 2714	185	828	81	0	21
59	Solution - 2714	185	828	81	0	21
60	Solution - 2714	185	828	81	0	21
61	Solution - 2714	185	828	81	0	21
62	Solution - 2714	185	828	81	0	21
63	Solution - 2714	185	828	81	0	21
64	Solution - 2714	185	828	81	0	21
65	Solution - 2714	185	828	81	0	21
66	Solution - 2714	185	828	81	0	21
67	Solution - 2714	185	828	81	0	21
68	Solution - 2714	185	828	81	0	21
69	Solution - 2579	172	787	108	0	15
70	Solution - 2579	172	787	108	0	15
71	Solution - 2579	172	787	108	0	15
72	Solution - 2579	172	787	108	0	15
73	Solution - 2579	172	787	108	0	15
74	Solution - 2579	172	787	108	0	15
75	Solution - 2579	172	787	108	0	15
76	Solution - 2579	172	787	108	0	15
77	Solution - 2579	172	787	108	0	15
78	Solution - 2579	172	787	108	0	15
79	Solution - 2579	172	787	108	0	15
80	Solution - 2579	172	787	108	0	15
81	Solution - 2579	172	787	108	0	15
82	Solution - 2579	172	787	108	0	15
83	Solution - 2579	172	787	108	0	15
84	Solution - 2579	172	787	108	0	15
85	Solution - 2579	172	787	108	0	15
86	Solution - 2579	172	787	108	0	15
87	Solution - 2579	172	787	108	0	15
88	Solution - 2579	172	787	108	0	15
89	Solution - 2579	172	787	108	0	15
90	Solution - 2579	172	787	108	0	15
91	Solution - 2579	172	787	108	0	15
92	Solution - 2579	172	787	108	0	15
93	Solution - 2579	172	787	108	0	15
94	Solution - 2579	172	787	108	0	15
95	Solution - 2579	172	787	108	0	15
96	Solution - 2579	172	787	108	0	15
97	Solution - 2579	172	787	108	0	15
98	Solution - 2579	172	787	108	0	15
99	Solution - 2579	172	787	108	0	15
