3605
3087
3087
3087
3087
3087
3087
3087
2827
2827
2827
2827
2827
2827
2827
2827
2827
2827
2827
2827
2827
2827
2827
2827
2827
2827
2827
2827
2827
2827
2827
2827
2827
2827
2827
2827
2827
2827
2827
2827
2827
2827
2827
2827
2827
2827
2827
2827
2827
2827
2827
2827
2827
2827
2827
2827
2827
2827
2827
2827
2827
2827
2827
2827
2827
2827
2827
2827
2827
2827
2827
2579
2579
2579
2579
2579
2579
2579
2579
2579
2579
2579
2579
2579
2579
2579
2579
2579
2579
2579
2579
2579
2579
2579
2579
2579
2579
2579
2579
2579
