0	Solution - 2876	190	846	92	0	20
1	Solution - 2876	190	846	92	0	20
2	Solution - 2876	190	846	92	0	20
3	Solution - 2876	190	846	92	0	20
4	Solution - 2876	190	846	92	0	20
5	Solution - 2876	190	846	92	0	20
6	Solution - 2876	190	846	92	0	20
7	Solution - 2876	190	846	92	0	20
8	Solution - 2876	190	846	92	0	20
9	Solution - 2876	190	846	92	0	20
10	Solution - 2876	190	846	92	0	20
11	Solution - 2876	190	846	92	0	20
12	Solution - 2876	190	846	92	0	20
13	Solution - 2876	190	846	92	0	20
14	Solution - 2842	183	806	109	0	17
15	Solution - 2842	183	806	109	0	17
16	Solution - 2842	183	806	109	0	17
17	Solution - 2842	183	806	109	0	17
18	Solution - 2842	183	806	109	0	17
19	Solution - 2842	183	806	109	0	17
20	Solution - 2842	183	806	109	0	17
21	Solution - 2842	183	806	109	0	17
22	Solution - 2842	183	806	109	0	17
23	Solution - 2842	183	806	109	0	17
24	Solution - 2842	183	806	109	0	17
25	Solution - 2842	183	806	109	0	17
26	Solution - 2842	183	806	109	0	17
27	Solution - 2842	183	806	109	0	17
28	Solution - 2842	183	806	109	0	17
29	Solution - 2842	183	806	109	0	17
30	Solution - 2842	183	806	109	0	17
31	Solution - 2714	185	828	81	0	21
32	Solution - 2714	185	828	81	0	21
33	Solution - 2714	185	828	81	0	21
34	Solution - 2714	185	828	81	0	21
35	Solution - 2714	185	828	81	0	21
36	Solution - 2714	185	828	81	0	21
37	Solution - 2714	185	828	81	0	21
38	Solution - 2714	185	828	81	0	21
39	Solution - 2714	185	828	81	0	21
40	Solution - 2714	185	828	81	0	21
41	Solution - 2714	185	828	81	0	21
42	Solution - 2714	185	828	81	0	21
43	Solution - 2714	185	828	81	0	21
44	Solution - 2714	185	828	81	0	21
45	Solution - 2714	185	828	81	0	21
46	Solution - 2714	185	828	81	0	21
47	Solution - 2714	185	828	81	0	21
48	Solution - 2714	185	828	81	0	21
49	Solution - 2714	185	828	81	0	21
50	Solution - 2714	185	828	81	0	21
51	Solution - 2714	185	828	81	0	21
52	Solution - 2714	185	828	81	0	21
53	Solution - 2714	185	828	81	0	21
54	Solution - 2714	185	828	81	0	21
55	Solution - 2714	185	828	81	0	21
56	Solution - 2714	185	828	81	0	21
57	Solution - 2714	185	828	81	0	21
58	Solution - 2714	185	828	81	0	21
59	Solution - 2714	185	828	81	0	21
60	Solution - 2714	185	828	81	0	21
61	Solution - 2714	185	828	81	0	21
62	Solution - 2714	185	828	81	0	21
63	Solution - 2714	185	828	81	0	21
64	Solution - 2714	185	828	81	0	21
65	Solution - 2714	185	828	81	0	21
66	Solution - 2714	185	828	81	0	21
67	Solution - 2714	185	828	81	0	21
68	Solution - 2714	185	828	81	0	21
69	Solution - 2714	185	828	81	0	21
70	Solution - 2714	185	828	81	0	21
71	Solution - 2714	185	828	81	0	21
72	Solution - 2714	185	828	81	0	21
73	Solution - 2714	185	828	81	0	21
74	Solution - 2714	185	828	81	0	21
75	Solution - 2714	185	828	81	0	21
76	Solution - 2714	185	828	81	0	21
77	Solution - 2714	185	828	81	0	21
78	Solution - 2714	185	828	81	0	21
79	Solution - 2714	185	828	81	0	21
80	Solution - 2714	185	828	81	0	21
81	Solution - 2714	185	828	81	0	21
82	Solution - 2714	185	828	81	0	21
83	Solution - 2714	185	828	81	0	21
84	Solution - 2714	185	828	81	0	21
85	Solution - 2714	185	828	81	0	21
86	Solution - 2714	185	828	81	0	21
87	Solution - 2714	185	828	81	0	21
88	Solution - 2714	185	828	81	0	21
89	Solution - 2714	185	828	81	0	21
90	Solution - 2714	185	828	81	0	21
91	Solution - 2714	185	828	81	0	21
92	Solution - 2714	185	828	81	0	21
93	Solution - 2714	185	828	81	0	21
94	Solution - 2714	185	828	81	0	21
95	Solution - 2714	185	828	81	0	21
96	Solution - 2714	185	828	81	0	21
97	Solution - 2714	185	828	81	0	21
98	Solution - 2714	185	828	81	0	21
99	Solution - 2714	185	828	81	0	21
