3280
3280
3190
3190
3183
3183
3183
3067
3067
3067
3067
3067
3067
3067
3067
3067
3067
3067
3067
3067
3067
3067
3067
3067
3067
3067
3067
2911
2911
2911
2911
2911
2911
2911
2911
2911
2911
2911
2911
2911
2911
2911
2911
2911
2911
2911
2911
2911
2911
2911
2904
2904
2827
2827
2827
2827
2827
2827
2827
2827
2827
2827
2827
2827
2827
2827
2760
2579
2579
2579
2579
2579
2579
2579
2579
2579
2579
2579
2579
2579
2579
2579
2579
2579
2579
2579
2579
2579
2579
2579
2579
2579
2579
2579
2579
2579
2579
2579
2579
2579
