2789
2789
2789
2789
2789
2789
2789
2789
2789
2789
2789
2789
2789
2789
2789
2789
2789
2789
2789
2789
2789
2789
2789
2789
2789
2789
2789
2789
2789
2789
2789
2789
2789
2789
2789
2789
2789
2789
2789
2789
2789
2789
2789
2789
2789
2789
2789
2789
2789
2786
2786
2786
2786
2786
2786
2786
2786
2786
2786
2786
2786
2786
2786
2786
2786
2786
2786
2786
2786
2786
2786
2786
2786
2786
2786
2786
2786
2786
2786
2786
2579
2579
2579
2579
2579
2579
2579
2579
2579
2579
2579
2579
2579
2579
2579
2579
2579
2579
2579
2579
