0	Solution - 3372	190	851	111	0	21
1	Solution - 3372	190	851	111	0	21
2	Solution - 3372	190	851	111	0	21
3	Solution - 3196	193	863	107	0	20
4	Solution - 3196	193	863	107	0	20
5	Solution - 3196	193	863	107	0	20
6	Solution - 3196	193	863	107	0	20
7	Solution - 3196	193	863	107	0	20
8	Solution - 3196	193	863	107	0	20
9	Solution - 3133	193	850	110	0	19
10	Solution - 3133	193	850	110	0	19
11	Solution - 3133	193	850	110	0	19
12	Solution - 3122	189	843	110	0	19
13	Solution - 3107	184	823	100	0	21
14	Solution - 2876	190	846	92	0	20
15	Solution - 2876	190	846	92	0	20
16	Solution - 2876	190	846	92	0	20
17	Solution - 2876	190	846	92	0	20
18	Solution - 2876	190	846	92	0	20
19	Solution - 2876	190	846	92	0	20
20	Solution - 2876	190	846	92	0	20
21	Solution - 2876	190	846	92	0	20
22	Solution - 2876	190	846	92	0	20
23	Solution - 2876	190	846	92	0	20
24	Solution - 2876	190	846	92	0	20
25	Solution - 2876	190	846	92	0	20
26	Solution - 2876	190	846	92	0	20
27	Solution - 2876	190	846	92	0	20
28	Solution - 2876	190	846	92	0	20
29	Solution - 2789	185	824	89	0	20
30	Solution - 2789	185	824	89	0	20
31	Solution - 2789	185	824	89	0	20
32	Solution - 2789	185	824	89	0	20
33	Solution - 2789	185	824	89	0	20
34	Solution - 2789	185	824	89	0	20
35	Solution - 2789	185	824	89	0	20
36	Solution - 2789	185	824	89	0	20
37	Solution - 2789	185	824	89	0	20
38	Solution - 2789	185	824	89	0	20
39	Solution - 2789	185	824	89	0	20
40	Solution - 2789	185	824	89	0	20
41	Solution - 2789	185	824	89	0	20
42	Solution - 2789	185	824	89	0	20
43	Solution - 2789	185	824	89	0	20
44	Solution - 2789	185	824	89	0	20
45	Solution - 2789	185	824	89	0	20
46	Solution - 2789	185	824	89	0	20
47	Solution - 2789	185	824	89	0	20
48	Solution - 2789	185	824	89	0	20
49	Solution - 2789	185	824	89	0	20
50	Solution - 2789	185	824	89	0	20
51	Solution - 2789	185	824	89	0	20
52	Solution - 2789	185	824	89	0	20
53	Solution - 2789	185	824	89	0	20
54	Solution - 2789	185	824	89	0	20
55	Solution - 2789	185	824	89	0	20
56	Solution - 2789	185	824	89	0	20
57	Solution - 2789	185	824	89	0	20
58	Solution - 2789	185	824	89	0	20
59	Solution - 2789	185	824	89	0	20
60	Solution - 2789	185	824	89	0	20
61	Solution - 2789	185	824	89	0	20
62	Solution - 2789	185	824	89	0	20
63	Solution - 2789	185	824	89	0	20
64	Solution - 2789	185	824	89	0	20
65	Solution - 2789	185	824	89	0	20
66	Solution - 2789	185	824	89	0	20
67	Solution - 2789	185	824	89	0	20
68	Solution - 2789	185	824	89	0	20
69	Solution - 2789	185	824	89	0	20
70	Solution - 2789	185	824	89	0	20
71	Solution - 2789	185	824	89	0	20
72	Solution - 2789	185	824	89	0	20
73	Solution - 2789	185	824	89	0	20
74	Solution - 2789	185	824	89	0	20
75	Solution - 2789	185	824	89	0	20
76	Solution - 2789	185	824	89	0	20
77	Solution - 2789	185	824	89	0	20
78	Solution - 2789	185	824	89	0	20
79	Solution - 2789	185	824	89	0	20
80	Solution - 2789	185	824	89	0	20
81	Solution - 2789	185	824	89	0	20
82	Solution - 2789	185	824	89	0	20
83	Solution - 2789	185	824	89	0	20
84	Solution - 2789	185	824	89	0	20
85	Solution - 2789	185	824	89	0	20
86	Solution - 2789	185	824	89	0	20
87	Solution - 2789	185	824	89	0	20
88	Solution - 2789	185	824	89	0	20
89	Solution - 2789	185	824	89	0	20
90	Solution - 2789	185	824	89	0	20
91	Solution - 2789	185	824	89	0	20
92	Solution - 2789	185	824	89	0	20
93	Solution - 2789	185	824	89	0	20
94	Solution - 2789	185	824	89	0	20
95	Solution - 2789	185	824	89	0	20
96	Solution - 2789	185	824	89	0	20
97	Solution - 2789	185	824	89	0	20
98	Solution - 2789	185	824	89	0	20
99	Solution - 2789	185	824	89	0	20
