3646
3434
3434
3350
2911
2911
2911
2911
2911
2911
2911
2911
2911
2911
2911
2911
2911
2911
2911
2911
2911
2911
2911
2911
2911
2911
2911
2911
2911
2911
2911
2911
2911
2911
2911
2911
2911
2911
2911
2911
2911
2911
2579
2579
2579
2579
2579
2579
2579
2579
2579
2579
2579
2579
2579
2579
2579
2579
2579
2579
2579
2579
2579
2579
2579
2579
2579
2579
2579
2579
2579
2579
2579
2579
2579
2579
2579
2579
2579
2579
2579
2579
2579
2579
2579
2579
2579
2579
2579
2579
2579
2579
2579
2579
2579
2579
2579
2579
2579
2579
