3087
3087
3087
3087
3087
3087
3087
3087
3087
3087
3087
3087
3087
3087
3087
3087
3087
3087
3087
3087
3087
3087
3087
3087
3087
3087
3087
3087
3087
3087
3087
3087
3087
3087
3087
3087
3087
3087
3087
3087
3087
3087
3087
3087
3087
3087
3087
3087
3087
2714
2714
2714
2714
2714
2714
2714
2714
2714
2714
2714
2714
2714
2714
2714
2714
2714
2714
2714
2714
2714
2714
2714
2714
2714
2714
2714
2714
2714
2714
2714
2714
2714
2714
2714
2714
2714
2714
2714
2714
2714
2714
2714
2714
2714
2714
2714
2714
2714
2714
2714
