3334
3334
3208
3087
3015
3015
3015
3015
3015
3015
3015
3015
3015
3015
3015
3015
3015
3015
3015
3015
3015
3015
3015
2876
2876
2876
2876
2876
2876
2876
2876
2876
2876
2827
2827
2827
2827
2827
2827
2827
2827
2827
2827
2827
2827
2827
2827
2827
2827
2827
2827
2827
2827
2827
2827
2714
2714
2714
2714
2714
2714
2714
2714
2714
2714
2714
2714
2714
2714
2714
2714
2714
2714
2714
2714
2714
2714
2714
2714
2714
2714
2714
2714
2714
2714
2714
2714
2714
2714
2714
2714
2714
2714
2714
2714
2714
2714
2714
2714
2714
