[0, -427, 3, -433, 4, -433, 10, -433, 5, -433, 3, -445, 4, -445, 10, -446, 5, -455, 0, -465, 0, -458, 6, -469, 6, -478, 0, -485, 0, -562, 7, -568, 8, -577, 9, -582, 7, -589, 8, -589, 9, -590, 0, -599, 0, -460, 1, -463, 2, -463, 1, -470, 2, -470, 0, -476]
[0, -427, 3, -433, 4, -433, 10, -433, 5, -433, 3, -445, 4, -445, 10, -446, 5, -455, 0, -465, 0, -458, 6, -469, 6, -478, 0, -485, 0, -562, 7, -568, 8, -577, 9, -582, 7, -589, 8, -589, 9, -590, 0, -599, 0, -460, 1, -463, 2, -463, 1, -470, 2, -470, 0, -476]
[0, -427, 3, -433, 4, -433, 10, -433, 5, -433, 3, -445, 4, -445, 10, -446, 5, -455, 0, -465, 0, -458, 6, -469, 6, -478, 0, -485, 0, -562, 7, -568, 8, -577, 9, -582, 7, -589, 8, -589, 9, -590, 0, -599, 0, -460, 1, -463, 2, -463, 1, -470, 2, -470, 0, -476]
[0, -427, 3, -433, 4, -433, 10, -433, 5, -433, 3, -445, 4, -445, 10, -446, 5, -455, 0, -465, 0, -458, 6, -469, 6, -478, 0, -485, 0, -562, 7, -568, 8, -577, 9, -582, 7, -589, 8, -589, 9, -590, 0, -599, 0, -460, 1, -463, 2, -463, 1, -470, 2, -470, 0, -476]
[0, -427, 3, -433, 4, -433, 10, -433, 5, -433, 3, -445, 4, -445, 10, -446, 5, -455, 0, -465, 0, -458, 6, -469, 6, -478, 0, -485, 0, -562, 7, -568, 8, -577, 9, -582, 7, -589, 8, -589, 9, -590, 0, -599, 0, -460, 1, -463, 2, -463, 1, -470, 2, -470, 0, -476]
[0, -427, 3, -433, 4, -433, 10, -433, 5, -433, 3, -445, 4, -445, 10, -446, 5, -455, 0, -465, 0, -458, 6, -469, 6, -478, 0, -485, 0, -562, 7, -568, 8, -577, 9, -582, 7, -589, 8, -589, 9, -590, 0, -599, 0, -460, 1, -463, 2, -463, 1, -470, 2, -470, 0, -476]
[0, -427, 3, -433, 4, -433, 10, -433, 5, -433, 3, -445, 4, -445, 10, -446, 5, -455, 0, -465, 0, -458, 6, -469, 6, -478, 0, -485, 0, -562, 7, -568, 8, -577, 9, -582, 7, -589, 8, -589, 9, -590, 0, -599, 0, -460, 1, -463, 2, -463, 1, -470, 2, -470, 0, -476]
[0, -427, 3, -433, 4, -433, 10, -433, 5, -433, 3, -445, 4, -445, 10, -446, 5, -455, 0, -465, 0, -458, 6, -469, 6, -478, 0, -485, 0, -562, 7, -568, 8, -577, 9, -582, 7, -589, 8, -589, 9, -590, 0, -599, 0, -460, 1, -463, 2, -463, 1, -470, 2, -470, 0, -476]
[0, -427, 3, -433, 4, -433, 10, -433, 5, -433, 3, -445, 4, -445, 10, -446, 5, -455, 0, -465, 0, -458, 6, -469, 6, -478, 0, -485, 0, -562, 7, -568, 8, -577, 9, -582, 7, -589, 8, -589, 9, -590, 0, -599, 0, -460, 1, -463, 2, -463, 1, -470, 2, -470, 0, -476]
[0, -427, 3, -433, 4, -433, 10, -433, 5, -433, 3, -445, 4, -445, 10, -446, 5, -455, 0, -465, 0, -458, 6, -469, 6, -478, 0, -485, 0, -562, 7, -568, 8, -577, 9, -582, 7, -589, 8, -589, 9, -590, 0, -599, 0, -460, 1, -463, 2, -463, 1, -470, 2, -470, 0, -476]
[0, -427, 10, -433, 4, -433, 4, -445, 2, -452, 10, -462, 2, -469, 5, -471, 5, -476, 0, -486, 0, -427, 3, -433, 3, -445, 0, -455, 0, -563, 8, -568, 9, -573, 7, -581, 7, -589, 8, -589, 9, -590, 0, -599, 0, -460, 1, -463, 1, -470, 6, -477, 6, -486, 0, -493]
[0, -427, 10, -433, 4, -433, 4, -445, 2, -452, 10, -462, 2, -469, 5, -471, 5, -476, 0, -486, 0, -427, 3, -433, 3, -445, 0, -455, 0, -563, 8, -568, 9, -573, 7, -581, 7, -589, 8, -589, 9, -590, 0, -599, 0, -460, 1, -463, 1, -470, 6, -477, 6, -486, 0, -493]
[0, -427, 10, -433, 4, -433, 4, -445, 2, -452, 10, -462, 2, -469, 5, -471, 5, -476, 0, -486, 0, -427, 3, -433, 3, -445, 0, -455, 0, -563, 8, -568, 9, -573, 7, -581, 7, -589, 8, -589, 9, -590, 0, -599, 0, -460, 1, -463, 1, -470, 6, -477, 6, -486, 0, -493]
[0, -427, 10, -433, 4, -433, 4, -445, 2, -452, 10, -462, 2, -469, 5, -471, 5, -476, 0, -486, 0, -427, 3, -433, 3, -445, 0, -455, 0, -563, 8, -568, 9, -573, 7, -581, 7, -589, 8, -589, 9, -590, 0, -599, 0, -460, 1, -463, 1, -470, 6, -477, 6, -486, 0, -493]
[0, -427, 10, -433, 4, -433, 4, -445, 2, -452, 10, -462, 2, -469, 5, -471, 5, -476, 0, -486, 0, -427, 3, -433, 3, -445, 0, -455, 0, -563, 8, -568, 9, -573, 7, -581, 7, -589, 8, -589, 9, -590, 0, -599, 0, -460, 1, -463, 1, -470, 6, -477, 6, -486, 0, -493]
[0, -427, 10, -433, 4, -433, 4, -445, 2, -452, 10, -462, 2, -469, 5, -471, 5, -476, 0, -486, 0, -427, 3, -433, 3, -445, 0, -455, 0, -563, 8, -568, 9, -573, 7, -581, 7, -589, 8, -589, 9, -590, 0, -599, 0, -460, 1, -463, 1, -470, 6, -477, 6, -486, 0, -493]
[0, -427, 10, -433, 4, -433, 4, -445, 2, -452, 10, -462, 2, -469, 5, -471, 5, -476, 0, -486, 0, -427, 3, -433, 3, -445, 0, -455, 0, -563, 8, -568, 9, -573, 7, -581, 7, -589, 8, -589, 9, -590, 0, -599, 0, -460, 1, -463, 1, -470, 6, -477, 6, -486, 0, -493]
[0, -427, 10, -433, 4, -433, 4, -445, 2, -452, 10, -462, 2, -469, 5, -471, 5, -476, 0, -486, 0, -427, 3, -433, 3, -445, 0, -455, 0, -563, 8, -568, 9, -573, 7, -581, 7, -589, 8, -589, 9, -590, 0, -599, 0, -460, 1, -463, 1, -470, 6, -477, 6, -486, 0, -493]
[0, -427, 10, -433, 4, -433, 4, -445, 2, -452, 10, -462, 2, -469, 5, -471, 5, -476, 0, -486, 0, -427, 3, -433, 3, -445, 0, -455, 0, -563, 8, -568, 9, -573, 7, -581, 7, -589, 8, -589, 9, -590, 0, -599, 0, -460, 1, -463, 1, -470, 6, -477, 6, -486, 0, -493]
[0, -427, 10, -433, 4, -433, 4, -445, 2, -452, 10, -462, 2, -469, 5, -471, 5, -476, 0, -486, 0, -427, 3, -433, 3, -445, 0, -455, 0, -563, 8, -568, 9, -573, 7, -581, 7, -589, 8, -589, 9, -590, 0, -599, 0, -460, 1, -463, 1, -470, 6, -477, 6, -486, 0, -493]
[0, -427, 10, -433, 4, -433, 4, -445, 2, -452, 10, -462, 2, -469, 5, -471, 5, -476, 0, -486, 0, -427, 3, -433, 3, -445, 0, -455, 0, -563, 8, -568, 9, -573, 7, -581, 7, -589, 8, -589, 9, -590, 0, -599, 0, -460, 1, -463, 1, -470, 6, -477, 6, -486, 0, -493]
[0, -427, 10, -433, 4, -433, 4, -445, 2, -452, 10, -462, 2, -469, 5, -471, 5, -476, 0, -486, 0, -427, 3, -433, 3, -445, 0, -455, 0, -563, 8, -568, 9, -573, 7, -581, 7, -589, 8, -589, 9, -590, 0, -599, 0, -460, 1, -463, 1, -470, 6, -477, 6, -486, 0, -493]
[0, -427, 10, -433, 4, -433, 4, -445, 2, -452, 10, -462, 2, -469, 5, -471, 5, -476, 0, -486, 0, -427, 3, -433, 3, -445, 0, -455, 0, -563, 8, -568, 9, -573, 7, -581, 7, -589, 8, -589, 9, -590, 0, -599, 0, -460, 1, -463, 1, -470, 6, -477, 6, -486, 0, -493]
[0, -427, 10, -433, 4, -433, 4, -445, 2, -452, 10, -462, 2, -469, 5, -471, 5, -476, 0, -486, 0, -427, 3, -433, 3, -445, 0, -455, 0, -563, 8, -568, 9, -573, 7, -581, 7, -589, 8, -589, 9, -590, 0, -599, 0, -460, 1, -463, 1, -470, 6, -477, 6, -486, 0, -493]
[0, -427, 10, -433, 4, -433, 4, -445, 2, -452, 10, -462, 2, -469, 5, -471, 5, -476, 0, -486, 0, -427, 3, -433, 3, -445, 0, -455, 0, -563, 8, -568, 9, -573, 7, -581, 7, -589, 8, -589, 9, -590, 0, -599, 0, -460, 1, -463, 1, -470, 6, -477, 6, -486, 0, -493]
[0, -427, 10, -433, 4, -433, 4, -445, 2, -452, 10, -462, 2, -469, 5, -471, 5, -476, 0, -486, 0, -427, 3, -433, 3, -445, 0, -455, 0, -563, 8, -568, 9, -573, 7, -581, 7, -589, 8, -589, 9, -590, 0, -599, 0, -460, 1, -463, 1, -470, 6, -477, 6, -486, 0, -493]
[0, -427, 10, -433, 4, -433, 4, -445, 2, -452, 10, -462, 2, -469, 5, -471, 5, -476, 0, -486, 0, -427, 3, -433, 3, -445, 0, -455, 0, -563, 8, -568, 9, -573, 7, -581, 7, -589, 8, -589, 9, -590, 0, -599, 0, -460, 1, -463, 1, -470, 6, -477, 6, -486, 0, -493]
[0, -427, 10, -433, 4, -433, 4, -445, 2, -452, 10, -462, 2, -469, 5, -471, 5, -476, 0, -486, 0, -427, 3, -433, 3, -445, 0, -455, 0, -563, 8, -568, 9, -573, 7, -581, 7, -589, 8, -589, 9, -590, 0, -599, 0, -460, 1, -463, 1, -470, 6, -477, 6, -486, 0, -493]
[0, -427, 10, -433, 4, -433, 4, -445, 2, -452, 10, -462, 2, -469, 5, -471, 5, -476, 0, -486, 0, -427, 3, -433, 3, -445, 0, -455, 0, -563, 8, -568, 9, -573, 7, -581, 7, -589, 8, -589, 9, -590, 0, -599, 0, -460, 1, -463, 1, -470, 6, -477, 6, -486, 0, -493]
[0, -427, 10, -433, 4, -433, 4, -445, 2, -452, 10, -462, 2, -469, 5, -471, 5, -476, 0, -486, 0, -427, 3, -433, 3, -445, 0, -455, 0, -563, 8, -568, 9, -573, 7, -581, 7, -589, 8, -589, 9, -590, 0, -599, 0, -460, 1, -463, 1, -470, 6, -477, 6, -486, 0, -493]
[0, -427, 10, -433, 4, -433, 4, -445, 2, -452, 10, -462, 2, -469, 5, -471, 5, -476, 0, -486, 0, -427, 3, -433, 3, -445, 0, -455, 0, -563, 8, -568, 9, -573, 7, -581, 7, -589, 8, -589, 9, -590, 0, -599, 0, -460, 1, -463, 1, -470, 6, -477, 6, -486, 0, -493]
[0, -427, 10, -433, 4, -433, 4, -445, 2, -452, 10, -462, 2, -469, 5, -471, 5, -476, 0, -486, 0, -427, 3, -433, 3, -445, 0, -455, 0, -563, 8, -568, 9, -573, 7, -581, 7, -589, 8, -589, 9, -590, 0, -599, 0, -460, 1, -463, 1, -470, 6, -477, 6, -486, 0, -493]
[0, -427, 10, -433, 4, -433, 4, -445, 2, -452, 10, -462, 2, -469, 5, -471, 5, -476, 0, -486, 0, -427, 3, -433, 3, -445, 0, -455, 0, -563, 8, -568, 9, -573, 7, -581, 7, -589, 8, -589, 9, -590, 0, -599, 0, -460, 1, -463, 1, -470, 6, -477, 6, -486, 0, -493]
[0, -427, 10, -433, 4, -433, 4, -445, 2, -452, 10, -462, 2, -469, 5, -471, 5, -476, 0, -486, 0, -427, 3, -433, 3, -445, 0, -455, 0, -563, 8, -568, 9, -573, 7, -581, 7, -589, 8, -589, 9, -590, 0, -599, 0, -460, 1, -463, 1, -470, 6, -477, 6, -486, 0, -493]
[0, -427, 10, -433, 4, -433, 4, -445, 2, -452, 10, -462, 2, -469, 5, -471, 5, -476, 0, -486, 0, -427, 3, -433, 3, -445, 0, -455, 0, -563, 8, -568, 9, -573, 7, -581, 7, -589, 8, -589, 9, -590, 0, -599, 0, -460, 1, -463, 1, -470, 6, -477, 6, -486, 0, -493]
[0, -427, 10, -433, 4, -433, 4, -445, 2, -452, 10, -462, 2, -469, 5, -471, 5, -476, 0, -486, 0, -427, 3, -433, 3, -445, 0, -455, 0, -563, 8, -568, 9, -573, 7, -581, 7, -589, 8, -589, 9, -590, 0, -599, 0, -460, 1, -463, 1, -470, 6, -477, 6, -486, 0, -493]
[0, -427, 10, -433, 4, -433, 4, -445, 2, -452, 10, -462, 2, -469, 5, -471, 5, -476, 0, -486, 0, -427, 3, -433, 3, -445, 0, -455, 0, -563, 8, -568, 9, -573, 7, -581, 7, -589, 8, -589, 9, -590, 0, -599, 0, -460, 1, -463, 1, -470, 6, -477, 6, -486, 0, -493]
[0, -427, 10, -433, 4, -433, 4, -445, 2, -452, 10, -462, 2, -469, 5, -471, 5, -476, 0, -486, 0, -427, 3, -433, 3, -445, 0, -455, 0, -563, 8, -568, 9, -573, 7, -581, 7, -589, 8, -589, 9, -590, 0, -599, 0, -460, 1, -463, 1, -470, 6, -477, 6, -486, 0, -493]
[0, -427, 10, -433, 4, -433, 4, -445, 2, -452, 10, -462, 2, -469, 5, -471, 5, -476, 0, -486, 0, -427, 3, -433, 3, -445, 0, -455, 0, -563, 8, -568, 9, -573, 7, -581, 7, -589, 8, -589, 9, -590, 0, -599, 0, -460, 1, -463, 1, -470, 6, -477, 6, -486, 0, -493]
[0, -427, 10, -433, 4, -433, 4, -445, 2, -452, 10, -462, 2, -469, 5, -471, 5, -476, 0, -486, 0, -427, 3, -433, 3, -445, 0, -455, 0, -563, 8, -568, 9, -573, 7, -581, 7, -589, 8, -589, 9, -590, 0, -599, 0, -460, 1, -463, 1, -470, 6, -477, 6, -486, 0, -493]
[0, -427, 10, -433, 4, -433, 4, -445, 2, -452, 10, -462, 2, -469, 5, -471, 5, -476, 0, -486, 0, -427, 3, -433, 3, -445, 0, -455, 0, -563, 8, -568, 9, -573, 7, -581, 7, -589, 8, -589, 9, -590, 0, -599, 0, -460, 1, -463, 1, -470, 6, -477, 6, -486, 0, -493]
[0, -427, 10, -433, 4, -433, 4, -445, 2, -452, 10, -462, 2, -469, 5, -471, 5, -476, 0, -486, 0, -427, 3, -433, 3, -445, 0, -455, 0, -563, 8, -568, 9, -573, 7, -581, 7, -589, 8, -589, 9, -590, 0, -599, 0, -460, 1, -463, 1, -470, 6, -477, 6, -486, 0, -493]
[0, -427, 10, -433, 4, -433, 4, -445, 2, -452, 10, -462, 2, -469, 5, -471, 5, -476, 0, -486, 0, -427, 3, -433, 3, -445, 0, -455, 0, -563, 8, -568, 9, -573, 7, -581, 7, -589, 8, -589, 9, -590, 0, -599, 0, -460, 1, -463, 1, -470, 6, -477, 6, -486, 0, -493]
[0, -427, 10, -433, 4, -433, 4, -445, 2, -452, 10, -462, 2, -469, 5, -471, 5, -476, 0, -486, 0, -427, 3, -433, 3, -445, 0, -455, 0, -563, 8, -568, 9, -573, 7, -581, 7, -589, 8, -589, 9, -590, 0, -599, 0, -460, 1, -463, 1, -470, 6, -477, 6, -486, 0, -493]
