[0, -458, 6, -469, 6, -478, 0, -485, 0, -425, 1, -428, 3, -434, 5, -434, 4, -434, 4, -446, 3, -446, 5, -456, 1, -467, 0, -473, 0, -564, 7, -570, 9, -582, 7, -589, 9, -590, 0, -599, 0, -437, 10, -443, 10, -452, 0, -460, 0, -567, 8, -572, 8, -580, 0, -586, 0, -460, 2, -463, 2, -470, 0, -476]
[0, -426, 2, -429, 4, -435, 5, -435, 3, -435, 3, -447, 4, -447, 5, -457, 2, -468, 0, -474, 0, -564, 7, -570, 9, -582, 7, -589, 9, -590, 0, -599, 0, -437, 10, -443, 10, -452, 0, -460, 0, -567, 8, -572, 8, -580, 0, -586, 0, -449, 1, -452, 6, -459, 1, -470, 6, -472, 0, -479]
[0, -439, 10, -445, 10, -454, 6, -463, 5, -463, 5, -468, 6, -477, 0, -484, 0, -427, 4, -433, 3, -433, 4, -445, 3, -445, 0, -455, 0, -564, 7, -570, 9, -582, 7, -589, 9, -590, 0, -599, 0, -567, 8, -572, 8, -580, 0, -586, 0, -460, 1, -463, 2, -463, 1, -470, 2, -470, 0, -476]
[0, -439, 10, -445, 10, -454, 6, -463, 5, -463, 5, -468, 6, -477, 0, -484, 0, -427, 4, -433, 3, -433, 4, -445, 3, -445, 0, -455, 0, -564, 7, -570, 9, -582, 7, -589, 9, -590, 0, -599, 0, -567, 8, -572, 8, -580, 0, -586, 0, -460, 1, -463, 2, -463, 1, -470, 2, -470, 0, -476]
[0, -439, 10, -445, 10, -454, 6, -463, 5, -463, 5, -468, 6, -477, 0, -484, 0, -427, 4, -433, 3, -433, 4, -445, 3, -445, 0, -455, 0, -564, 7, -570, 9, -582, 7, -589, 9, -590, 0, -599, 0, -567, 8, -572, 8, -580, 0, -586, 0, -460, 1, -463, 2, -463, 1, -470, 2, -470, 0, -476]
[0, -439, 10, -445, 10, -454, 6, -463, 5, -463, 5, -468, 6, -477, 0, -484, 0, -427, 4, -433, 3, -433, 4, -445, 3, -445, 0, -455, 0, -564, 7, -570, 9, -582, 7, -589, 9, -590, 0, -599, 0, -567, 8, -572, 8, -580, 0, -586, 0, -460, 1, -463, 2, -463, 1, -470, 2, -470, 0, -476]
[0, -439, 10, -445, 10, -454, 6, -463, 5, -463, 5, -468, 6, -477, 0, -484, 0, -427, 4, -433, 3, -433, 4, -445, 3, -445, 0, -455, 0, -564, 7, -570, 9, -582, 7, -589, 9, -590, 0, -599, 0, -567, 8, -572, 8, -580, 0, -586, 0, -460, 1, -463, 2, -463, 1, -470, 2, -470, 0, -476]
[0, -439, 10, -445, 10, -454, 6, -463, 5, -463, 5, -468, 6, -477, 0, -484, 0, -427, 4, -433, 3, -433, 4, -445, 3, -445, 0, -455, 0, -564, 7, -570, 9, -582, 7, -589, 9, -590, 0, -599, 0, -567, 8, -572, 8, -580, 0, -586, 0, -460, 1, -463, 2, -463, 1, -470, 2, -470, 0, -476]
[0, -439, 10, -445, 10, -454, 6, -463, 5, -463, 5, -468, 6, -477, 0, -484, 0, -427, 4, -433, 3, -433, 4, -445, 3, -445, 0, -455, 0, -564, 7, -570, 9, -582, 7, -589, 9, -590, 0, -599, 0, -567, 8, -572, 8, -580, 0, -586, 0, -460, 1, -463, 2, -463, 1, -470, 2, -470, 0, -476]
[0, -439, 10, -445, 10, -454, 6, -463, 5, -463, 5, -468, 6, -477, 0, -484, 0, -427, 4, -433, 3, -433, 4, -445, 3, -445, 0, -455, 0, -564, 7, -570, 9, -582, 7, -589, 9, -590, 0, -599, 0, -567, 8, -572, 8, -580, 0, -586, 0, -460, 1, -463, 2, -463, 1, -470, 2, -470, 0, -476]
[0, -439, 10, -445, 10, -454, 6, -463, 5, -463, 5, -468, 6, -477, 0, -484, 0, -427, 4, -433, 3, -433, 4, -445, 3, -445, 0, -455, 0, -564, 7, -570, 9, -582, 7, -589, 9, -590, 0, -599, 0, -567, 8, -572, 8, -580, 0, -586, 0, -460, 1, -463, 2, -463, 1, -470, 2, -470, 0, -476]
[0, -439, 10, -445, 10, -454, 6, -463, 5, -463, 5, -468, 6, -477, 0, -484, 0, -427, 4, -433, 3, -433, 4, -445, 3, -445, 0, -455, 0, -564, 7, -570, 9, -582, 7, -589, 9, -590, 0, -599, 0, -567, 8, -572, 8, -580, 0, -586, 0, -460, 1, -463, 2, -463, 1, -470, 2, -470, 0, -476]
[0, -439, 10, -445, 10, -454, 6, -463, 5, -463, 5, -468, 6, -477, 0, -484, 0, -427, 4, -433, 3, -433, 4, -445, 3, -445, 0, -455, 0, -564, 7, -570, 9, -582, 7, -589, 9, -590, 0, -599, 0, -567, 8, -572, 8, -580, 0, -586, 0, -460, 1, -463, 2, -463, 1, -470, 2, -470, 0, -476]
[0, -439, 10, -445, 10, -454, 6, -463, 5, -463, 5, -468, 6, -477, 0, -484, 0, -427, 4, -433, 3, -433, 4, -445, 3, -445, 0, -455, 0, -564, 7, -570, 9, -582, 7, -589, 9, -590, 0, -599, 0, -567, 8, -572, 8, -580, 0, -586, 0, -460, 1, -463, 2, -463, 1, -470, 2, -470, 0, -476]
[0, -439, 10, -445, 10, -454, 6, -463, 5, -463, 5, -468, 6, -477, 0, -484, 0, -427, 4, -433, 3, -433, 4, -445, 3, -445, 0, -455, 0, -564, 7, -570, 9, -582, 7, -589, 9, -590, 0, -599, 0, -567, 8, -572, 8, -580, 0, -586, 0, -460, 1, -463, 2, -463, 1, -470, 2, -470, 0, -476]
[0, -439, 10, -445, 10, -454, 6, -463, 5, -463, 5, -468, 6, -477, 0, -484, 0, -427, 4, -433, 3, -433, 4, -445, 3, -445, 0, -455, 0, -564, 7, -570, 9, -582, 7, -589, 9, -590, 0, -599, 0, -567, 8, -572, 8, -580, 0, -586, 0, -460, 1, -463, 2, -463, 1, -470, 2, -470, 0, -476]
[0, -439, 10, -445, 10, -454, 6, -463, 5, -463, 5, -468, 6, -477, 0, -484, 0, -427, 4, -433, 3, -433, 4, -445, 3, -445, 0, -455, 0, -564, 7, -570, 9, -582, 7, -589, 9, -590, 0, -599, 0, -567, 8, -572, 8, -580, 0, -586, 0, -460, 1, -463, 2, -463, 1, -470, 2, -470, 0, -476]
[0, -439, 10, -445, 10, -454, 6, -463, 5, -463, 5, -468, 6, -477, 0, -484, 0, -427, 4, -433, 3, -433, 4, -445, 3, -445, 0, -455, 0, -564, 7, -570, 9, -582, 7, -589, 9, -590, 0, -599, 0, -567, 8, -572, 8, -580, 0, -586, 0, -460, 1, -463, 2, -463, 1, -470, 2, -470, 0, -476]
[0, -439, 10, -445, 10, -454, 6, -463, 5, -463, 5, -468, 6, -477, 0, -484, 0, -427, 4, -433, 3, -433, 4, -445, 3, -445, 0, -455, 0, -564, 7, -570, 9, -582, 7, -589, 9, -590, 0, -599, 0, -567, 8, -572, 8, -580, 0, -586, 0, -460, 1, -463, 2, -463, 1, -470, 2, -470, 0, -476]
[0, -439, 10, -445, 10, -454, 6, -463, 5, -463, 5, -468, 6, -477, 0, -484, 0, -427, 4, -433, 3, -433, 4, -445, 3, -445, 0, -455, 0, -564, 7, -570, 9, -582, 7, -589, 9, -590, 0, -599, 0, -567, 8, -572, 8, -580, 0, -586, 0, -460, 1, -463, 2, -463, 1, -470, 2, -470, 0, -476]
[0, -439, 10, -445, 10, -454, 6, -463, 5, -463, 5, -468, 6, -477, 0, -484, 0, -427, 4, -433, 3, -433, 4, -445, 3, -445, 0, -455, 0, -564, 7, -570, 9, -582, 7, -589, 9, -590, 0, -599, 0, -567, 8, -572, 8, -580, 0, -586, 0, -460, 1, -463, 2, -463, 1, -470, 2, -470, 0, -476]
[0, -439, 10, -445, 10, -454, 6, -463, 5, -463, 5, -468, 6, -477, 0, -484, 0, -427, 4, -433, 3, -433, 4, -445, 3, -445, 0, -455, 0, -564, 7, -570, 9, -582, 7, -589, 9, -590, 0, -599, 0, -567, 8, -572, 8, -580, 0, -586, 0, -460, 1, -463, 2, -463, 1, -470, 2, -470, 0, -476]
[0, -439, 10, -445, 10, -454, 6, -463, 5, -463, 5, -468, 6, -477, 0, -484, 0, -427, 4, -433, 3, -433, 4, -445, 3, -445, 0, -455, 0, -564, 7, -570, 9, -582, 7, -589, 9, -590, 0, -599, 0, -567, 8, -572, 8, -580, 0, -586, 0, -460, 1, -463, 2, -463, 1, -470, 2, -470, 0, -476]
[0, -439, 10, -445, 10, -454, 6, -463, 5, -463, 5, -468, 6, -477, 0, -484, 0, -427, 4, -433, 3, -433, 4, -445, 3, -445, 0, -455, 0, -564, 7, -570, 9, -582, 7, -589, 9, -590, 0, -599, 0, -567, 8, -572, 8, -580, 0, -586, 0, -460, 1, -463, 2, -463, 1, -470, 2, -470, 0, -476]
[0, -439, 10, -445, 10, -454, 6, -463, 5, -463, 5, -468, 6, -477, 0, -484, 0, -427, 4, -433, 3, -433, 4, -445, 3, -445, 0, -455, 0, -564, 7, -570, 9, -582, 7, -589, 9, -590, 0, -599, 0, -567, 8, -572, 8, -580, 0, -586, 0, -460, 1, -463, 2, -463, 1, -470, 2, -470, 0, -476]
[0, -439, 10, -445, 10, -454, 6, -463, 5, -463, 5, -468, 6, -477, 0, -484, 0, -427, 4, -433, 3, -433, 4, -445, 3, -445, 0, -455, 0, -564, 7, -570, 9, -582, 7, -589, 9, -590, 0, -599, 0, -567, 8, -572, 8, -580, 0, -586, 0, -460, 1, -463, 2, -463, 1, -470, 2, -470, 0, -476]
[0, -439, 10, -445, 10, -454, 6, -463, 5, -463, 5, -468, 6, -477, 0, -484, 0, -427, 4, -433, 3, -433, 4, -445, 3, -445, 0, -455, 0, -564, 7, -570, 9, -582, 7, -589, 9, -590, 0, -599, 0, -567, 8, -572, 8, -580, 0, -586, 0, -460, 1, -463, 2, -463, 1, -470, 2, -470, 0, -476]
[0, -439, 10, -445, 10, -454, 6, -463, 5, -463, 5, -468, 6, -477, 0, -484, 0, -427, 4, -433, 3, -433, 4, -445, 3, -445, 0, -455, 0, -564, 7, -570, 9, -582, 7, -589, 9, -590, 0, -599, 0, -567, 8, -572, 8, -580, 0, -586, 0, -460, 1, -463, 2, -463, 1, -470, 2, -470, 0, -476]
[0, -439, 10, -445, 10, -454, 6, -463, 5, -463, 5, -468, 6, -477, 0, -484, 0, -427, 4, -433, 3, -433, 4, -445, 3, -445, 0, -455, 0, -564, 7, -570, 9, -582, 7, -589, 9, -590, 0, -599, 0, -567, 8, -572, 8, -580, 0, -586, 0, -460, 1, -463, 2, -463, 1, -470, 2, -470, 0, -476]
[0, -439, 10, -445, 10, -454, 6, -463, 5, -463, 5, -468, 6, -477, 0, -484, 0, -427, 4, -433, 3, -433, 4, -445, 3, -445, 0, -455, 0, -564, 7, -570, 9, -582, 7, -589, 9, -590, 0, -599, 0, -567, 8, -572, 8, -580, 0, -586, 0, -460, 1, -463, 2, -463, 1, -470, 2, -470, 0, -476]
[0, -439, 10, -445, 10, -454, 6, -463, 5, -463, 5, -468, 6, -477, 0, -484, 0, -427, 4, -433, 3, -433, 4, -445, 3, -445, 0, -455, 0, -564, 7, -570, 9, -582, 7, -589, 9, -590, 0, -599, 0, -567, 8, -572, 8, -580, 0, -586, 0, -460, 1, -463, 2, -463, 1, -470, 2, -470, 0, -476]
[0, -439, 10, -445, 10, -454, 6, -463, 5, -463, 5, -468, 6, -477, 0, -484, 0, -427, 4, -433, 3, -433, 4, -445, 3, -445, 0, -455, 0, -564, 7, -570, 9, -582, 7, -589, 9, -590, 0, -599, 0, -567, 8, -572, 8, -580, 0, -586, 0, -460, 1, -463, 2, -463, 1, -470, 2, -470, 0, -476]
[0, -439, 10, -445, 10, -454, 6, -463, 5, -463, 5, -468, 6, -477, 0, -484, 0, -427, 4, -433, 3, -433, 4, -445, 3, -445, 0, -455, 0, -564, 7, -570, 9, -582, 7, -589, 9, -590, 0, -599, 0, -567, 8, -572, 8, -580, 0, -586, 0, -460, 1, -463, 2, -463, 1, -470, 2, -470, 0, -476]
[0, -439, 10, -445, 10, -454, 6, -463, 5, -463, 5, -468, 6, -477, 0, -484, 0, -427, 4, -433, 3, -433, 4, -445, 3, -445, 0, -455, 0, -564, 7, -570, 9, -582, 7, -589, 9, -590, 0, -599, 0, -567, 8, -572, 8, -580, 0, -586, 0, -460, 1, -463, 2, -463, 1, -470, 2, -470, 0, -476]
[0, -439, 10, -445, 10, -454, 6, -463, 5, -463, 5, -468, 6, -477, 0, -484, 0, -427, 4, -433, 3, -433, 4, -445, 3, -445, 0, -455, 0, -564, 7, -570, 9, -582, 7, -589, 9, -590, 0, -599, 0, -567, 8, -572, 8, -580, 0, -586, 0, -460, 1, -463, 2, -463, 1, -470, 2, -470, 0, -476]
[0, -439, 10, -445, 10, -454, 6, -463, 5, -463, 5, -468, 6, -477, 0, -484, 0, -427, 4, -433, 3, -433, 4, -445, 3, -445, 0, -455, 0, -564, 7, -570, 9, -582, 7, -589, 9, -590, 0, -599, 0, -567, 8, -572, 8, -580, 0, -586, 0, -460, 1, -463, 2, -463, 1, -470, 2, -470, 0, -476]
[0, -439, 10, -445, 10, -454, 6, -463, 5, -463, 5, -468, 6, -477, 0, -484, 0, -427, 4, -433, 3, -433, 4, -445, 3, -445, 0, -455, 0, -564, 7, -570, 9, -582, 7, -589, 9, -590, 0, -599, 0, -567, 8, -572, 8, -580, 0, -586, 0, -460, 1, -463, 2, -463, 1, -470, 2, -470, 0, -476]
[0, -439, 10, -445, 10, -454, 6, -463, 5, -463, 5, -468, 6, -477, 0, -484, 0, -427, 4, -433, 3, -433, 4, -445, 3, -445, 0, -455, 0, -564, 7, -570, 9, -582, 7, -589, 9, -590, 0, -599, 0, -567, 8, -572, 8, -580, 0, -586, 0, -460, 1, -463, 2, -463, 1, -470, 2, -470, 0, -476]
[0, -439, 10, -445, 10, -454, 6, -463, 5, -463, 5, -468, 6, -477, 0, -484, 0, -427, 4, -433, 3, -433, 4, -445, 3, -445, 0, -455, 0, -564, 7, -570, 9, -582, 7, -589, 9, -590, 0, -599, 0, -567, 8, -572, 8, -580, 0, -586, 0, -460, 1, -463, 2, -463, 1, -470, 2, -470, 0, -476]
[0, -439, 10, -445, 10, -454, 6, -463, 5, -463, 5, -468, 6, -477, 0, -484, 0, -427, 4, -433, 3, -433, 4, -445, 3, -445, 0, -455, 0, -564, 7, -570, 9, -582, 7, -589, 9, -590, 0, -599, 0, -567, 8, -572, 8, -580, 0, -586, 0, -460, 1, -463, 2, -463, 1, -470, 2, -470, 0, -476]
[0, -439, 10, -445, 10, -454, 6, -463, 5, -463, 5, -468, 6, -477, 0, -484, 0, -427, 4, -433, 3, -433, 4, -445, 3, -445, 0, -455, 0, -564, 7, -570, 9, -582, 7, -589, 9, -590, 0, -599, 0, -567, 8, -572, 8, -580, 0, -586, 0, -460, 1, -463, 2, -463, 1, -470, 2, -470, 0, -476]
[0, -439, 10, -445, 10, -454, 6, -463, 5, -463, 5, -468, 6, -477, 0, -484, 0, -427, 4, -433, 3, -433, 4, -445, 3, -445, 0, -455, 0, -564, 7, -570, 9, -582, 7, -589, 9, -590, 0, -599, 0, -567, 8, -572, 8, -580, 0, -586, 0, -460, 1, -463, 2, -463, 1, -470, 2, -470, 0, -476]
[0, -439, 10, -445, 10, -454, 6, -463, 5, -463, 5, -468, 6, -477, 0, -484, 0, -427, 4, -433, 3, -433, 4, -445, 3, -445, 0, -455, 0, -564, 7, -570, 9, -582, 7, -589, 9, -590, 0, -599, 0, -567, 8, -572, 8, -580, 0, -586, 0, -460, 1, -463, 2, -463, 1, -470, 2, -470, 0, -476]
[0, -439, 10, -445, 10, -454, 6, -463, 5, -463, 5, -468, 6, -477, 0, -484, 0, -427, 4, -433, 3, -433, 4, -445, 3, -445, 0, -455, 0, -564, 7, -570, 9, -582, 7, -589, 9, -590, 0, -599, 0, -567, 8, -572, 8, -580, 0, -586, 0, -460, 1, -463, 2, -463, 1, -470, 2, -470, 0, -476]
[0, -439, 10, -445, 10, -454, 6, -463, 5, -463, 5, -468, 6, -477, 0, -484, 0, -427, 4, -433, 3, -433, 4, -445, 3, -445, 0, -455, 0, -564, 7, -570, 9, -582, 7, -589, 9, -590, 0, -599, 0, -567, 8, -572, 8, -580, 0, -586, 0, -460, 1, -463, 2, -463, 1, -470, 2, -470, 0, -476]
[0, -439, 10, -445, 10, -454, 6, -463, 5, -463, 5, -468, 6, -477, 0, -484, 0, -427, 4, -433, 3, -433, 4, -445, 3, -445, 0, -455, 0, -564, 7, -570, 9, -582, 7, -589, 9, -590, 0, -599, 0, -567, 8, -572, 8, -580, 0, -586, 0, -460, 1, -463, 2, -463, 1, -470, 2, -470, 0, -476]
[0, -439, 10, -445, 10, -454, 6, -463, 5, -463, 5, -468, 6, -477, 0, -484, 0, -427, 4, -433, 3, -433, 4, -445, 3, -445, 0, -455, 0, -564, 7, -570, 9, -582, 7, -589, 9, -590, 0, -599, 0, -567, 8, -572, 8, -580, 0, -586, 0, -460, 1, -463, 2, -463, 1, -470, 2, -470, 0, -476]
[0, -439, 10, -445, 10, -454, 6, -463, 5, -463, 5, -468, 6, -477, 0, -484, 0, -427, 4, -433, 3, -433, 4, -445, 3, -445, 0, -455, 0, -564, 7, -570, 9, -582, 7, -589, 9, -590, 0, -599, 0, -567, 8, -572, 8, -580, 0, -586, 0, -460, 1, -463, 2, -463, 1, -470, 2, -470, 0, -476]
[0, -439, 10, -445, 10, -454, 6, -463, 5, -463, 5, -468, 6, -477, 0, -484, 0, -427, 4, -433, 3, -433, 4, -445, 3, -445, 0, -455, 0, -564, 7, -570, 9, -582, 7, -589, 9, -590, 0, -599, 0, -567, 8, -572, 8, -580, 0, -586, 0, -460, 1, -463, 2, -463, 1, -470, 2, -470, 0, -476]
[0, -439, 10, -445, 10, -454, 6, -463, 5, -463, 5, -468, 6, -477, 0, -484, 0, -427, 4, -433, 3, -433, 4, -445, 3, -445, 0, -455, 0, -564, 7, -570, 9, -582, 7, -589, 9, -590, 0, -599, 0, -567, 8, -572, 8, -580, 0, -586, 0, -460, 1, -463, 2, -463, 1, -470, 2, -470, 0, -476]
[0, -439, 10, -445, 10, -454, 6, -463, 5, -463, 5, -468, 6, -477, 0, -484, 0, -427, 4, -433, 3, -433, 4, -445, 3, -445, 0, -455, 0, -564, 7, -570, 9, -582, 7, -589, 9, -590, 0, -599, 0, -567, 8, -572, 8, -580, 0, -586, 0, -460, 1, -463, 2, -463, 1, -470, 2, -470, 0, -476]
[0, -439, 10, -445, 10, -454, 6, -463, 5, -463, 5, -468, 6, -477, 0, -484, 0, -427, 4, -433, 3, -433, 4, -445, 3, -445, 0, -455, 0, -564, 7, -570, 9, -582, 7, -589, 9, -590, 0, -599, 0, -567, 8, -572, 8, -580, 0, -586, 0, -460, 1, -463, 2, -463, 1, -470, 2, -470, 0, -476]
[0, -439, 10, -445, 10, -454, 6, -463, 5, -463, 5, -468, 6, -477, 0, -484, 0, -427, 4, -433, 3, -433, 4, -445, 3, -445, 0, -455, 0, -564, 7, -570, 9, -582, 7, -589, 9, -590, 0, -599, 0, -567, 8, -572, 8, -580, 0, -586, 0, -460, 1, -463, 2, -463, 1, -470, 2, -470, 0, -476]
[0, -439, 10, -445, 10, -454, 6, -463, 5, -463, 5, -468, 6, -477, 0, -484, 0, -427, 4, -433, 3, -433, 4, -445, 3, -445, 0, -455, 0, -564, 7, -570, 9, -582, 7, -589, 9, -590, 0, -599, 0, -567, 8, -572, 8, -580, 0, -586, 0, -460, 1, -463, 2, -463, 1, -470, 2, -470, 0, -476]
[0, -439, 10, -445, 10, -454, 6, -463, 5, -463, 5, -468, 6, -477, 0, -484, 0, -427, 4, -433, 3, -433, 4, -445, 3, -445, 0, -455, 0, -564, 7, -570, 9, -582, 7, -589, 9, -590, 0, -599, 0, -567, 8, -572, 8, -580, 0, -586, 0, -460, 1, -463, 2, -463, 1, -470, 2, -470, 0, -476]
[0, -439, 10, -445, 10, -454, 6, -463, 5, -463, 5, -468, 6, -477, 0, -484, 0, -427, 4, -433, 3, -433, 4, -445, 3, -445, 0, -455, 0, -564, 7, -570, 9, -582, 7, -589, 9, -590, 0, -599, 0, -567, 8, -572, 8, -580, 0, -586, 0, -460, 1, -463, 2, -463, 1, -470, 2, -470, 0, -476]
[0, -439, 10, -445, 10, -454, 6, -463, 5, -463, 5, -468, 6, -477, 0, -484, 0, -427, 4, -433, 3, -433, 4, -445, 3, -445, 0, -455, 0, -564, 7, -570, 9, -582, 7, -589, 9, -590, 0, -599, 0, -567, 8, -572, 8, -580, 0, -586, 0, -460, 1, -463, 2, -463, 1, -470, 2, -470, 0, -476]
[0, -439, 10, -445, 10, -454, 6, -463, 5, -463, 5, -468, 6, -477, 0, -484, 0, -427, 4, -433, 3, -433, 4, -445, 3, -445, 0, -455, 0, -564, 7, -570, 9, -582, 7, -589, 9, -590, 0, -599, 0, -567, 8, -572, 8, -580, 0, -586, 0, -460, 1, -463, 2, -463, 1, -470, 2, -470, 0, -476]
[0, -439, 10, -445, 10, -454, 6, -463, 5, -463, 5, -468, 6, -477, 0, -484, 0, -427, 4, -433, 3, -433, 4, -445, 3, -445, 0, -455, 0, -564, 7, -570, 9, -582, 7, -589, 9, -590, 0, -599, 0, -567, 8, -572, 8, -580, 0, -586, 0, -460, 1, -463, 2, -463, 1, -470, 2, -470, 0, -476]
[0, -439, 10, -445, 10, -454, 6, -463, 5, -463, 5, -468, 6, -477, 0, -484, 0, -427, 4, -433, 3, -433, 4, -445, 3, -445, 0, -455, 0, -564, 7, -570, 9, -582, 7, -589, 9, -590, 0, -599, 0, -567, 8, -572, 8, -580, 0, -586, 0, -460, 1, -463, 2, -463, 1, -470, 2, -470, 0, -476]
[0, -439, 10, -445, 10, -454, 6, -463, 5, -463, 5, -468, 6, -477, 0, -484, 0, -427, 4, -433, 3, -433, 4, -445, 3, -445, 0, -455, 0, -564, 7, -570, 9, -582, 7, -589, 9, -590, 0, -599, 0, -567, 8, -572, 8, -580, 0, -586, 0, -460, 1, -463, 2, -463, 1, -470, 2, -470, 0, -476]
[0, -439, 10, -445, 10, -454, 6, -463, 5, -463, 5, -468, 6, -477, 0, -484, 0, -427, 4, -433, 3, -433, 4, -445, 3, -445, 0, -455, 0, -564, 7, -570, 9, -582, 7, -589, 9, -590, 0, -599, 0, -567, 8, -572, 8, -580, 0, -586, 0, -460, 1, -463, 2, -463, 1, -470, 2, -470, 0, -476]
[0, -439, 10, -445, 10, -454, 6, -463, 5, -463, 5, -468, 6, -477, 0, -484, 0, -427, 4, -433, 3, -433, 4, -445, 3, -445, 0, -455, 0, -564, 7, -570, 9, -582, 7, -589, 9, -590, 0, -599, 0, -567, 8, -572, 8, -580, 0, -586, 0, -460, 1, -463, 2, -463, 1, -470, 2, -470, 0, -476]
[0, -439, 10, -445, 10, -454, 6, -463, 5, -463, 5, -468, 6, -477, 0, -484, 0, -427, 4, -433, 3, -433, 4, -445, 3, -445, 0, -455, 0, -564, 7, -570, 9, -582, 7, -589, 9, -590, 0, -599, 0, -567, 8, -572, 8, -580, 0, -586, 0, -460, 1, -463, 2, -463, 1, -470, 2, -470, 0, -476]
[0, -439, 10, -445, 10, -454, 6, -463, 5, -463, 5, -468, 6, -477, 0, -484, 0, -427, 4, -433, 3, -433, 4, -445, 3, -445, 0, -455, 0, -564, 7, -570, 9, -582, 7, -589, 9, -590, 0, -599, 0, -567, 8, -572, 8, -580, 0, -586, 0, -460, 1, -463, 2, -463, 1, -470, 2, -470, 0, -476]
[0, -439, 10, -445, 10, -454, 6, -463, 5, -463, 5, -468, 6, -477, 0, -484, 0, -427, 4, -433, 3, -433, 4, -445, 3, -445, 0, -455, 0, -564, 7, -570, 9, -582, 7, -589, 9, -590, 0, -599, 0, -567, 8, -572, 8, -580, 0, -586, 0, -460, 1, -463, 2, -463, 1, -470, 2, -470, 0, -476]
[0, -439, 10, -445, 10, -454, 6, -463, 5, -463, 5, -468, 6, -477, 0, -484, 0, -427, 4, -433, 3, -433, 4, -445, 3, -445, 0, -455, 0, -564, 7, -570, 9, -582, 7, -589, 9, -590, 0, -599, 0, -567, 8, -572, 8, -580, 0, -586, 0, -460, 1, -463, 2, -463, 1, -470, 2, -470, 0, -476]
[0, -439, 10, -445, 10, -454, 6, -463, 5, -463, 5, -468, 6, -477, 0, -484, 0, -427, 4, -433, 3, -433, 4, -445, 3, -445, 0, -455, 0, -564, 7, -570, 9, -582, 7, -589, 9, -590, 0, -599, 0, -567, 8, -572, 8, -580, 0, -586, 0, -460, 1, -463, 2, -463, 1, -470, 2, -470, 0, -476]
[0, -439, 10, -445, 10, -454, 6, -463, 5, -463, 5, -468, 6, -477, 0, -484, 0, -427, 4, -433, 3, -433, 4, -445, 3, -445, 0, -455, 0, -564, 7, -570, 9, -582, 7, -589, 9, -590, 0, -599, 0, -567, 8, -572, 8, -580, 0, -586, 0, -460, 1, -463, 2, -463, 1, -470, 2, -470, 0, -476]
[0, -439, 10, -445, 10, -454, 6, -463, 5, -463, 5, -468, 6, -477, 0, -484, 0, -427, 4, -433, 3, -433, 4, -445, 3, -445, 0, -455, 0, -564, 7, -570, 9, -582, 7, -589, 9, -590, 0, -599, 0, -567, 8, -572, 8, -580, 0, -586, 0, -460, 1, -463, 2, -463, 1, -470, 2, -470, 0, -476]
[0, -439, 10, -445, 10, -454, 6, -463, 5, -463, 5, -468, 6, -477, 0, -484, 0, -427, 4, -433, 3, -433, 4, -445, 3, -445, 0, -455, 0, -564, 7, -570, 9, -582, 7, -589, 9, -590, 0, -599, 0, -567, 8, -572, 8, -580, 0, -586, 0, -460, 1, -463, 2, -463, 1, -470, 2, -470, 0, -476]
[0, -439, 10, -445, 10, -454, 6, -463, 5, -463, 5, -468, 6, -477, 0, -484, 0, -427, 4, -433, 3, -433, 4, -445, 3, -445, 0, -455, 0, -564, 7, -570, 9, -582, 7, -589, 9, -590, 0, -599, 0, -567, 8, -572, 8, -580, 0, -586, 0, -460, 1, -463, 2, -463, 1, -470, 2, -470, 0, -476]
[0, -439, 10, -445, 10, -454, 6, -463, 5, -463, 5, -468, 6, -477, 0, -484, 0, -427, 4, -433, 3, -433, 4, -445, 3, -445, 0, -455, 0, -564, 7, -570, 9, -582, 7, -589, 9, -590, 0, -599, 0, -567, 8, -572, 8, -580, 0, -586, 0, -460, 1, -463, 2, -463, 1, -470, 2, -470, 0, -476]
[0, -439, 10, -445, 10, -454, 6, -463, 5, -463, 5, -468, 6, -477, 0, -484, 0, -427, 4, -433, 3, -433, 4, -445, 3, -445, 0, -455, 0, -564, 7, -570, 9, -582, 7, -589, 9, -590, 0, -599, 0, -567, 8, -572, 8, -580, 0, -586, 0, -460, 1, -463, 2, -463, 1, -470, 2, -470, 0, -476]
[0, -439, 10, -445, 10, -454, 6, -463, 5, -463, 5, -468, 6, -477, 0, -484, 0, -427, 4, -433, 3, -433, 4, -445, 3, -445, 0, -455, 0, -564, 7, -570, 9, -582, 7, -589, 9, -590, 0, -599, 0, -567, 8, -572, 8, -580, 0, -586, 0, -460, 1, -463, 2, -463, 1, -470, 2, -470, 0, -476]
[0, -439, 10, -445, 10, -454, 6, -463, 5, -463, 5, -468, 6, -477, 0, -484, 0, -427, 4, -433, 3, -433, 4, -445, 3, -445, 0, -455, 0, -564, 7, -570, 9, -582, 7, -589, 9, -590, 0, -599, 0, -567, 8, -572, 8, -580, 0, -586, 0, -460, 1, -463, 2, -463, 1, -470, 2, -470, 0, -476]
[0, -439, 10, -445, 10, -454, 6, -463, 5, -463, 5, -468, 6, -477, 0, -484, 0, -427, 4, -433, 3, -433, 4, -445, 3, -445, 0, -455, 0, -564, 7, -570, 9, -582, 7, -589, 9, -590, 0, -599, 0, -567, 8, -572, 8, -580, 0, -586, 0, -460, 1, -463, 2, -463, 1, -470, 2, -470, 0, -476]
[0, -439, 10, -445, 10, -454, 6, -463, 5, -463, 5, -468, 6, -477, 0, -484, 0, -427, 4, -433, 3, -433, 4, -445, 3, -445, 0, -455, 0, -564, 7, -570, 9, -582, 7, -589, 9, -590, 0, -599, 0, -567, 8, -572, 8, -580, 0, -586, 0, -460, 1, -463, 2, -463, 1, -470, 2, -470, 0, -476]
[0, -439, 10, -445, 10, -454, 6, -463, 5, -463, 5, -468, 6, -477, 0, -484, 0, -427, 4, -433, 3, -433, 4, -445, 3, -445, 0, -455, 0, -564, 7, -570, 9, -582, 7, -589, 9, -590, 0, -599, 0, -567, 8, -572, 8, -580, 0, -586, 0, -460, 1, -463, 2, -463, 1, -470, 2, -470, 0, -476]
[0, -439, 10, -445, 10, -454, 6, -463, 5, -463, 5, -468, 6, -477, 0, -484, 0, -427, 4, -433, 3, -433, 4, -445, 3, -445, 0, -455, 0, -564, 7, -570, 9, -582, 7, -589, 9, -590, 0, -599, 0, -567, 8, -572, 8, -580, 0, -586, 0, -460, 1, -463, 2, -463, 1, -470, 2, -470, 0, -476]
[0, -439, 10, -445, 10, -454, 6, -463, 5, -463, 5, -468, 6, -477, 0, -484, 0, -427, 4, -433, 3, -433, 4, -445, 3, -445, 0, -455, 0, -564, 7, -570, 9, -582, 7, -589, 9, -590, 0, -599, 0, -567, 8, -572, 8, -580, 0, -586, 0, -460, 1, -463, 2, -463, 1, -470, 2, -470, 0, -476]
[0, -439, 10, -445, 10, -454, 6, -463, 5, -463, 5, -468, 6, -477, 0, -484, 0, -427, 4, -433, 3, -433, 4, -445, 3, -445, 0, -455, 0, -564, 7, -570, 9, -582, 7, -589, 9, -590, 0, -599, 0, -567, 8, -572, 8, -580, 0, -586, 0, -460, 1, -463, 2, -463, 1, -470, 2, -470, 0, -476]
[0, -439, 10, -445, 10, -454, 6, -463, 5, -463, 5, -468, 6, -477, 0, -484, 0, -427, 4, -433, 3, -433, 4, -445, 3, -445, 0, -455, 0, -564, 7, -570, 9, -582, 7, -589, 9, -590, 0, -599, 0, -567, 8, -572, 8, -580, 0, -586, 0, -460, 1, -463, 2, -463, 1, -470, 2, -470, 0, -476]
[0, -439, 10, -445, 10, -454, 6, -463, 5, -463, 5, -468, 6, -477, 0, -484, 0, -427, 4, -433, 3, -433, 4, -445, 3, -445, 0, -455, 0, -564, 7, -570, 9, -582, 7, -589, 9, -590, 0, -599, 0, -567, 8, -572, 8, -580, 0, -586, 0, -460, 1, -463, 2, -463, 1, -470, 2, -470, 0, -476]
[0, -439, 10, -445, 10, -454, 6, -463, 5, -463, 5, -468, 6, -477, 0, -484, 0, -427, 4, -433, 3, -433, 4, -445, 3, -445, 0, -455, 0, -564, 7, -570, 9, -582, 7, -589, 9, -590, 0, -599, 0, -567, 8, -572, 8, -580, 0, -586, 0, -460, 1, -463, 2, -463, 1, -470, 2, -470, 0, -476]
[0, -439, 10, -445, 10, -454, 6, -463, 5, -463, 5, -468, 6, -477, 0, -484, 0, -427, 4, -433, 3, -433, 4, -445, 3, -445, 0, -455, 0, -564, 7, -570, 9, -582, 7, -589, 9, -590, 0, -599, 0, -567, 8, -572, 8, -580, 0, -586, 0, -460, 1, -463, 2, -463, 1, -470, 2, -470, 0, -476]
[0, -439, 10, -445, 10, -454, 6, -463, 5, -463, 5, -468, 6, -477, 0, -484, 0, -427, 4, -433, 3, -433, 4, -445, 3, -445, 0, -455, 0, -564, 7, -570, 9, -582, 7, -589, 9, -590, 0, -599, 0, -567, 8, -572, 8, -580, 0, -586, 0, -460, 1, -463, 2, -463, 1, -470, 2, -470, 0, -476]
[0, -439, 10, -445, 10, -454, 6, -463, 5, -463, 5, -468, 6, -477, 0, -484, 0, -427, 4, -433, 3, -433, 4, -445, 3, -445, 0, -455, 0, -564, 7, -570, 9, -582, 7, -589, 9, -590, 0, -599, 0, -567, 8, -572, 8, -580, 0, -586, 0, -460, 1, -463, 2, -463, 1, -470, 2, -470, 0, -476]
[0, -439, 10, -445, 10, -454, 6, -463, 5, -463, 5, -468, 6, -477, 0, -484, 0, -427, 4, -433, 3, -433, 4, -445, 3, -445, 0, -455, 0, -564, 7, -570, 9, -582, 7, -589, 9, -590, 0, -599, 0, -567, 8, -572, 8, -580, 0, -586, 0, -460, 1, -463, 2, -463, 1, -470, 2, -470, 0, -476]
[0, -439, 10, -445, 10, -454, 6, -463, 5, -463, 5, -468, 6, -477, 0, -484, 0, -427, 4, -433, 3, -433, 4, -445, 3, -445, 0, -455, 0, -564, 7, -570, 9, -582, 7, -589, 9, -590, 0, -599, 0, -567, 8, -572, 8, -580, 0, -586, 0, -460, 1, -463, 2, -463, 1, -470, 2, -470, 0, -476]
[0, -439, 10, -445, 10, -454, 6, -463, 5, -463, 5, -468, 6, -477, 0, -484, 0, -427, 4, -433, 3, -433, 4, -445, 3, -445, 0, -455, 0, -564, 7, -570, 9, -582, 7, -589, 9, -590, 0, -599, 0, -567, 8, -572, 8, -580, 0, -586, 0, -460, 1, -463, 2, -463, 1, -470, 2, -470, 0, -476]
[0, -439, 10, -445, 10, -454, 6, -463, 5, -463, 5, -468, 6, -477, 0, -484, 0, -427, 4, -433, 3, -433, 4, -445, 3, -445, 0, -455, 0, -564, 7, -570, 9, -582, 7, -589, 9, -590, 0, -599, 0, -567, 8, -572, 8, -580, 0, -586, 0, -460, 1, -463, 2, -463, 1, -470, 2, -470, 0, -476]
[0, -439, 10, -445, 10, -454, 6, -463, 5, -463, 5, -468, 6, -477, 0, -484, 0, -427, 4, -433, 3, -433, 4, -445, 3, -445, 0, -455, 0, -564, 7, -570, 9, -582, 7, -589, 9, -590, 0, -599, 0, -567, 8, -572, 8, -580, 0, -586, 0, -460, 1, -463, 2, -463, 1, -470, 2, -470, 0, -476]
[0, -439, 10, -445, 10, -454, 6, -463, 5, -463, 5, -468, 6, -477, 0, -484, 0, -427, 4, -433, 3, -433, 4, -445, 3, -445, 0, -455, 0, -564, 7, -570, 9, -582, 7, -589, 9, -590, 0, -599, 0, -567, 8, -572, 8, -580, 0, -586, 0, -460, 1, -463, 2, -463, 1, -470, 2, -470, 0, -476]
[0, -439, 10, -445, 10, -454, 6, -463, 5, -463, 5, -468, 6, -477, 0, -484, 0, -427, 4, -433, 3, -433, 4, -445, 3, -445, 0, -455, 0, -564, 7, -570, 9, -582, 7, -589, 9, -590, 0, -599, 0, -567, 8, -572, 8, -580, 0, -586, 0, -460, 1, -463, 2, -463, 1, -470, 2, -470, 0, -476]
[0, -439, 10, -445, 10, -454, 6, -463, 5, -463, 5, -468, 6, -477, 0, -484, 0, -427, 4, -433, 3, -433, 4, -445, 3, -445, 0, -455, 0, -564, 7, -570, 9, -582, 7, -589, 9, -590, 0, -599, 0, -567, 8, -572, 8, -580, 0, -586, 0, -460, 1, -463, 2, -463, 1, -470, 2, -470, 0, -476]
[0, -439, 10, -445, 10, -454, 6, -463, 5, -463, 5, -468, 6, -477, 0, -484, 0, -427, 4, -433, 3, -433, 4, -445, 3, -445, 0, -455, 0, -564, 7, -570, 9, -582, 7, -589, 9, -590, 0, -599, 0, -567, 8, -572, 8, -580, 0, -586, 0, -460, 1, -463, 2, -463, 1, -470, 2, -470, 0, -476]
[0, -439, 10, -445, 10, -454, 6, -463, 5, -463, 5, -468, 6, -477, 0, -484, 0, -427, 4, -433, 3, -433, 4, -445, 3, -445, 0, -455, 0, -564, 7, -570, 9, -582, 7, -589, 9, -590, 0, -599, 0, -567, 8, -572, 8, -580, 0, -586, 0, -460, 1, -463, 2, -463, 1, -470, 2, -470, 0, -476]
[0, -439, 10, -445, 10, -454, 6, -463, 5, -463, 5, -468, 6, -477, 0, -484, 0, -427, 4, -433, 3, -433, 4, -445, 3, -445, 0, -455, 0, -564, 7, -570, 9, -582, 7, -589, 9, -590, 0, -599, 0, -567, 8, -572, 8, -580, 0, -586, 0, -460, 1, -463, 2, -463, 1, -470, 2, -470, 0, -476]
[0, -439, 10, -445, 10, -454, 6, -463, 5, -463, 5, -468, 6, -477, 0, -484, 0, -427, 4, -433, 3, -433, 4, -445, 3, -445, 0, -455, 0, -564, 7, -570, 9, -582, 7, -589, 9, -590, 0, -599, 0, -567, 8, -572, 8, -580, 0, -586, 0, -460, 1, -463, 2, -463, 1, -470, 2, -470, 0, -476]
