[0, -575, 9, -585, 9, -590, 0, -599, 0, -425, 1, -428, 4, -434, 5, -434, 3, -434, 3, -446, 4, -446, 5, -456, 1, -467, 0, -473, 0, -575, 7, -581, 7, -589, 0, -595, 0, -437, 10, -443, 10, -452, 0, -460, 0, -567, 8, -572, 8, -580, 0, -586, 0, -449, 2, -452, 6, -459, 2, -470, 6, -472, 0, -479]
[0, -555, 7, -561, 8, -570, 9, -575, 8, -582, 9, -583, 7, -590, 0, -596, 0, -424, 2, -427, 3, -433, 5, -433, 4, -433, 4, -445, 3, -445, 5, -455, 2, -466, 0, -472, 0, -437, 10, -443, 10, -452, 0, -460, 0, -458, 6, -469, 6, -478, 0, -485, 0, -460, 1, -463, 1, -470, 0, -476]
[0, -564, 7, -570, 9, -582, 7, -589, 9, -590, 0, -599, 0, -425, 1, -428, 3, -434, 5, -434, 4, -434, 4, -446, 3, -446, 5, -456, 1, -467, 0, -473, 0, -437, 10, -443, 10, -452, 0, -460, 0, -567, 8, -572, 8, -580, 0, -586, 0, -449, 2, -452, 6, -459, 2, -470, 6, -472, 0, -479]
[0, -564, 7, -570, 9, -582, 7, -589, 9, -590, 0, -599, 0, -425, 1, -428, 3, -434, 5, -434, 4, -434, 4, -446, 3, -446, 5, -456, 1, -467, 0, -473, 0, -437, 10, -443, 10, -452, 0, -460, 0, -567, 8, -572, 8, -580, 0, -586, 0, -449, 2, -452, 6, -459, 2, -470, 6, -472, 0, -479]
[0, -564, 7, -570, 9, -582, 7, -589, 9, -590, 0, -599, 0, -425, 1, -428, 3, -434, 5, -434, 4, -434, 4, -446, 3, -446, 5, -456, 1, -467, 0, -473, 0, -437, 10, -443, 10, -452, 0, -460, 0, -567, 8, -572, 8, -580, 0, -586, 0, -449, 2, -452, 6, -459, 2, -470, 6, -472, 0, -479]
[0, -564, 7, -570, 9, -582, 7, -589, 9, -590, 0, -599, 0, -425, 1, -428, 3, -434, 5, -434, 4, -434, 4, -446, 3, -446, 5, -456, 1, -467, 0, -473, 0, -437, 10, -443, 10, -452, 0, -460, 0, -567, 8, -572, 8, -580, 0, -586, 0, -449, 2, -452, 6, -459, 2, -470, 6, -472, 0, -479]
[0, -564, 7, -570, 9, -582, 7, -589, 9, -590, 0, -599, 0, -425, 1, -428, 3, -434, 5, -434, 4, -434, 4, -446, 3, -446, 5, -456, 1, -467, 0, -473, 0, -437, 10, -443, 10, -452, 0, -460, 0, -567, 8, -572, 8, -580, 0, -586, 0, -449, 2, -452, 6, -459, 2, -470, 6, -472, 0, -479]
[0, -426, 2, -429, 3, -435, 5, -435, 4, -435, 4, -447, 3, -447, 5, -457, 2, -468, 0, -474, 0, -564, 7, -570, 9, -582, 7, -589, 9, -590, 0, -599, 0, -437, 10, -443, 10, -452, 0, -460, 0, -567, 8, -572, 8, -580, 0, -586, 0, -449, 1, -452, 6, -459, 1, -470, 6, -472, 0, -479]
[0, -426, 2, -429, 3, -435, 5, -435, 4, -435, 4, -447, 3, -447, 5, -457, 2, -468, 0, -474, 0, -564, 7, -570, 9, -582, 7, -589, 9, -590, 0, -599, 0, -437, 10, -443, 10, -452, 0, -460, 0, -567, 8, -572, 8, -580, 0, -586, 0, -449, 1, -452, 6, -459, 1, -470, 6, -472, 0, -479]
[0, -439, 10, -445, 10, -454, 6, -463, 5, -463, 5, -468, 6, -477, 0, -484, 0, -427, 4, -433, 3, -433, 4, -445, 3, -445, 0, -455, 0, -564, 7, -570, 9, -582, 7, -589, 9, -590, 0, -599, 0, -567, 8, -572, 8, -580, 0, -586, 0, -460, 1, -463, 2, -463, 1, -470, 2, -470, 0, -476]
[0, -439, 10, -445, 10, -454, 6, -463, 5, -463, 5, -468, 6, -477, 0, -484, 0, -427, 4, -433, 3, -433, 4, -445, 3, -445, 0, -455, 0, -564, 7, -570, 9, -582, 7, -589, 9, -590, 0, -599, 0, -567, 8, -572, 8, -580, 0, -586, 0, -460, 1, -463, 2, -463, 1, -470, 2, -470, 0, -476]
[0, -439, 10, -445, 10, -454, 6, -463, 5, -463, 5, -468, 6, -477, 0, -484, 0, -427, 4, -433, 3, -433, 4, -445, 3, -445, 0, -455, 0, -564, 7, -570, 9, -582, 7, -589, 9, -590, 0, -599, 0, -567, 8, -572, 8, -580, 0, -586, 0, -460, 1, -463, 2, -463, 1, -470, 2, -470, 0, -476]
[0, -439, 10, -445, 10, -454, 6, -463, 5, -463, 5, -468, 6, -477, 0, -484, 0, -427, 4, -433, 3, -433, 4, -445, 3, -445, 0, -455, 0, -564, 7, -570, 9, -582, 7, -589, 9, -590, 0, -599, 0, -567, 8, -572, 8, -580, 0, -586, 0, -460, 1, -463, 2, -463, 1, -470, 2, -470, 0, -476]
[0, -439, 10, -445, 10, -454, 6, -463, 5, -463, 5, -468, 6, -477, 0, -484, 0, -427, 4, -433, 3, -433, 4, -445, 3, -445, 0, -455, 0, -564, 7, -570, 9, -582, 7, -589, 9, -590, 0, -599, 0, -567, 8, -572, 8, -580, 0, -586, 0, -460, 1, -463, 2, -463, 1, -470, 2, -470, 0, -476]
[0, -439, 10, -445, 10, -454, 6, -463, 5, -463, 5, -468, 6, -477, 0, -484, 0, -427, 4, -433, 3, -433, 4, -445, 3, -445, 0, -455, 0, -564, 7, -570, 9, -582, 7, -589, 9, -590, 0, -599, 0, -567, 8, -572, 8, -580, 0, -586, 0, -460, 1, -463, 2, -463, 1, -470, 2, -470, 0, -476]
[0, -439, 10, -445, 10, -454, 6, -463, 5, -463, 5, -468, 6, -477, 0, -484, 0, -427, 4, -433, 3, -433, 4, -445, 3, -445, 0, -455, 0, -564, 7, -570, 9, -582, 7, -589, 9, -590, 0, -599, 0, -567, 8, -572, 8, -580, 0, -586, 0, -460, 1, -463, 2, -463, 1, -470, 2, -470, 0, -476]
[0, -439, 10, -445, 10, -454, 6, -463, 5, -463, 5, -468, 6, -477, 0, -484, 0, -427, 4, -433, 3, -433, 4, -445, 3, -445, 0, -455, 0, -564, 7, -570, 9, -582, 7, -589, 9, -590, 0, -599, 0, -567, 8, -572, 8, -580, 0, -586, 0, -460, 1, -463, 2, -463, 1, -470, 2, -470, 0, -476]
[0, -439, 10, -445, 10, -454, 6, -463, 5, -463, 5, -468, 6, -477, 0, -484, 0, -427, 4, -433, 3, -433, 4, -445, 3, -445, 0, -455, 0, -564, 7, -570, 9, -582, 7, -589, 9, -590, 0, -599, 0, -567, 8, -572, 8, -580, 0, -586, 0, -460, 1, -463, 2, -463, 1, -470, 2, -470, 0, -476]
[0, -439, 10, -445, 10, -454, 6, -463, 5, -463, 5, -468, 6, -477, 0, -484, 0, -427, 4, -433, 3, -433, 4, -445, 3, -445, 0, -455, 0, -564, 7, -570, 9, -582, 7, -589, 9, -590, 0, -599, 0, -567, 8, -572, 8, -580, 0, -586, 0, -460, 1, -463, 2, -463, 1, -470, 2, -470, 0, -476]
[0, -439, 10, -445, 10, -454, 6, -463, 5, -463, 5, -468, 6, -477, 0, -484, 0, -427, 4, -433, 3, -433, 4, -445, 3, -445, 0, -455, 0, -564, 7, -570, 9, -582, 7, -589, 9, -590, 0, -599, 0, -567, 8, -572, 8, -580, 0, -586, 0, -460, 1, -463, 2, -463, 1, -470, 2, -470, 0, -476]
[0, -439, 10, -445, 10, -454, 6, -463, 5, -463, 5, -468, 6, -477, 0, -484, 0, -427, 4, -433, 3, -433, 4, -445, 3, -445, 0, -455, 0, -564, 7, -570, 9, -582, 7, -589, 9, -590, 0, -599, 0, -567, 8, -572, 8, -580, 0, -586, 0, -460, 1, -463, 2, -463, 1, -470, 2, -470, 0, -476]
[0, -439, 10, -445, 10, -454, 6, -463, 5, -463, 5, -468, 6, -477, 0, -484, 0, -427, 4, -433, 3, -433, 4, -445, 3, -445, 0, -455, 0, -564, 7, -570, 9, -582, 7, -589, 9, -590, 0, -599, 0, -567, 8, -572, 8, -580, 0, -586, 0, -460, 1, -463, 2, -463, 1, -470, 2, -470, 0, -476]
[0, -439, 10, -445, 10, -454, 6, -463, 5, -463, 5, -468, 6, -477, 0, -484, 0, -427, 4, -433, 3, -433, 4, -445, 3, -445, 0, -455, 0, -564, 7, -570, 9, -582, 7, -589, 9, -590, 0, -599, 0, -567, 8, -572, 8, -580, 0, -586, 0, -460, 1, -463, 2, -463, 1, -470, 2, -470, 0, -476]
[0, -439, 10, -445, 10, -454, 6, -463, 5, -463, 5, -468, 6, -477, 0, -484, 0, -427, 4, -433, 3, -433, 4, -445, 3, -445, 0, -455, 0, -564, 7, -570, 9, -582, 7, -589, 9, -590, 0, -599, 0, -567, 8, -572, 8, -580, 0, -586, 0, -460, 1, -463, 2, -463, 1, -470, 2, -470, 0, -476]
[0, -439, 10, -445, 10, -454, 6, -463, 5, -463, 5, -468, 6, -477, 0, -484, 0, -427, 4, -433, 3, -433, 4, -445, 3, -445, 0, -455, 0, -564, 7, -570, 9, -582, 7, -589, 9, -590, 0, -599, 0, -567, 8, -572, 8, -580, 0, -586, 0, -460, 1, -463, 2, -463, 1, -470, 2, -470, 0, -476]
[0, -439, 10, -445, 10, -454, 6, -463, 5, -463, 5, -468, 6, -477, 0, -484, 0, -427, 4, -433, 3, -433, 4, -445, 3, -445, 0, -455, 0, -564, 7, -570, 9, -582, 7, -589, 9, -590, 0, -599, 0, -567, 8, -572, 8, -580, 0, -586, 0, -460, 1, -463, 2, -463, 1, -470, 2, -470, 0, -476]
[0, -439, 10, -445, 10, -454, 6, -463, 5, -463, 5, -468, 6, -477, 0, -484, 0, -427, 4, -433, 3, -433, 4, -445, 3, -445, 0, -455, 0, -564, 7, -570, 9, -582, 7, -589, 9, -590, 0, -599, 0, -567, 8, -572, 8, -580, 0, -586, 0, -460, 1, -463, 2, -463, 1, -470, 2, -470, 0, -476]
[0, -439, 10, -445, 10, -454, 6, -463, 5, -463, 5, -468, 6, -477, 0, -484, 0, -427, 4, -433, 3, -433, 4, -445, 3, -445, 0, -455, 0, -564, 7, -570, 9, -582, 7, -589, 9, -590, 0, -599, 0, -567, 8, -572, 8, -580, 0, -586, 0, -460, 1, -463, 2, -463, 1, -470, 2, -470, 0, -476]
[0, -439, 10, -445, 10, -454, 6, -463, 5, -463, 5, -468, 6, -477, 0, -484, 0, -427, 4, -433, 3, -433, 4, -445, 3, -445, 0, -455, 0, -564, 7, -570, 9, -582, 7, -589, 9, -590, 0, -599, 0, -567, 8, -572, 8, -580, 0, -586, 0, -460, 1, -463, 2, -463, 1, -470, 2, -470, 0, -476]
[0, -439, 10, -445, 10, -454, 6, -463, 5, -463, 5, -468, 6, -477, 0, -484, 0, -427, 4, -433, 3, -433, 4, -445, 3, -445, 0, -455, 0, -564, 7, -570, 9, -582, 7, -589, 9, -590, 0, -599, 0, -567, 8, -572, 8, -580, 0, -586, 0, -460, 1, -463, 2, -463, 1, -470, 2, -470, 0, -476]
[0, -439, 10, -445, 10, -454, 6, -463, 5, -463, 5, -468, 6, -477, 0, -484, 0, -427, 4, -433, 3, -433, 4, -445, 3, -445, 0, -455, 0, -564, 7, -570, 9, -582, 7, -589, 9, -590, 0, -599, 0, -567, 8, -572, 8, -580, 0, -586, 0, -460, 1, -463, 2, -463, 1, -470, 2, -470, 0, -476]
[0, -439, 10, -445, 10, -454, 6, -463, 5, -463, 5, -468, 6, -477, 0, -484, 0, -427, 4, -433, 3, -433, 4, -445, 3, -445, 0, -455, 0, -564, 7, -570, 9, -582, 7, -589, 9, -590, 0, -599, 0, -567, 8, -572, 8, -580, 0, -586, 0, -460, 1, -463, 2, -463, 1, -470, 2, -470, 0, -476]
[0, -439, 10, -445, 10, -454, 6, -463, 5, -463, 5, -468, 6, -477, 0, -484, 0, -427, 4, -433, 3, -433, 4, -445, 3, -445, 0, -455, 0, -564, 7, -570, 9, -582, 7, -589, 9, -590, 0, -599, 0, -567, 8, -572, 8, -580, 0, -586, 0, -460, 1, -463, 2, -463, 1, -470, 2, -470, 0, -476]
[0, -439, 10, -445, 10, -454, 6, -463, 5, -463, 5, -468, 6, -477, 0, -484, 0, -427, 4, -433, 3, -433, 4, -445, 3, -445, 0, -455, 0, -564, 7, -570, 9, -582, 7, -589, 9, -590, 0, -599, 0, -567, 8, -572, 8, -580, 0, -586, 0, -460, 1, -463, 2, -463, 1, -470, 2, -470, 0, -476]
[0, -439, 10, -445, 10, -454, 6, -463, 5, -463, 5, -468, 6, -477, 0, -484, 0, -427, 4, -433, 3, -433, 4, -445, 3, -445, 0, -455, 0, -564, 7, -570, 9, -582, 7, -589, 9, -590, 0, -599, 0, -567, 8, -572, 8, -580, 0, -586, 0, -460, 1, -463, 2, -463, 1, -470, 2, -470, 0, -476]
[0, -439, 10, -445, 10, -454, 6, -463, 5, -463, 5, -468, 6, -477, 0, -484, 0, -427, 4, -433, 3, -433, 4, -445, 3, -445, 0, -455, 0, -564, 7, -570, 9, -582, 7, -589, 9, -590, 0, -599, 0, -567, 8, -572, 8, -580, 0, -586, 0, -460, 1, -463, 2, -463, 1, -470, 2, -470, 0, -476]
[0, -439, 10, -445, 10, -454, 6, -463, 5, -463, 5, -468, 6, -477, 0, -484, 0, -427, 4, -433, 3, -433, 4, -445, 3, -445, 0, -455, 0, -564, 7, -570, 9, -582, 7, -589, 9, -590, 0, -599, 0, -567, 8, -572, 8, -580, 0, -586, 0, -460, 1, -463, 2, -463, 1, -470, 2, -470, 0, -476]
[0, -439, 10, -445, 10, -454, 6, -463, 5, -463, 5, -468, 6, -477, 0, -484, 0, -427, 4, -433, 3, -433, 4, -445, 3, -445, 0, -455, 0, -564, 7, -570, 9, -582, 7, -589, 9, -590, 0, -599, 0, -567, 8, -572, 8, -580, 0, -586, 0, -460, 1, -463, 2, -463, 1, -470, 2, -470, 0, -476]
[0, -439, 10, -445, 10, -454, 6, -463, 5, -463, 5, -468, 6, -477, 0, -484, 0, -427, 4, -433, 3, -433, 4, -445, 3, -445, 0, -455, 0, -564, 7, -570, 9, -582, 7, -589, 9, -590, 0, -599, 0, -567, 8, -572, 8, -580, 0, -586, 0, -460, 1, -463, 2, -463, 1, -470, 2, -470, 0, -476]
[0, -439, 10, -445, 10, -454, 6, -463, 5, -463, 5, -468, 6, -477, 0, -484, 0, -427, 4, -433, 3, -433, 4, -445, 3, -445, 0, -455, 0, -564, 7, -570, 9, -582, 7, -589, 9, -590, 0, -599, 0, -567, 8, -572, 8, -580, 0, -586, 0, -460, 1, -463, 2, -463, 1, -470, 2, -470, 0, -476]
[0, -439, 10, -445, 10, -454, 6, -463, 5, -463, 5, -468, 6, -477, 0, -484, 0, -427, 4, -433, 3, -433, 4, -445, 3, -445, 0, -455, 0, -564, 7, -570, 9, -582, 7, -589, 9, -590, 0, -599, 0, -567, 8, -572, 8, -580, 0, -586, 0, -460, 1, -463, 2, -463, 1, -470, 2, -470, 0, -476]
[0, -439, 10, -445, 10, -454, 6, -463, 5, -463, 5, -468, 6, -477, 0, -484, 0, -427, 4, -433, 3, -433, 4, -445, 3, -445, 0, -455, 0, -564, 7, -570, 9, -582, 7, -589, 9, -590, 0, -599, 0, -567, 8, -572, 8, -580, 0, -586, 0, -460, 1, -463, 2, -463, 1, -470, 2, -470, 0, -476]
[0, -439, 10, -445, 10, -454, 6, -463, 5, -463, 5, -468, 6, -477, 0, -484, 0, -427, 4, -433, 3, -433, 4, -445, 3, -445, 0, -455, 0, -564, 7, -570, 9, -582, 7, -589, 9, -590, 0, -599, 0, -567, 8, -572, 8, -580, 0, -586, 0, -460, 1, -463, 2, -463, 1, -470, 2, -470, 0, -476]
[0, -439, 10, -445, 10, -454, 6, -463, 5, -463, 5, -468, 6, -477, 0, -484, 0, -427, 4, -433, 3, -433, 4, -445, 3, -445, 0, -455, 0, -564, 7, -570, 9, -582, 7, -589, 9, -590, 0, -599, 0, -567, 8, -572, 8, -580, 0, -586, 0, -460, 1, -463, 2, -463, 1, -470, 2, -470, 0, -476]
[0, -439, 10, -445, 10, -454, 6, -463, 5, -463, 5, -468, 6, -477, 0, -484, 0, -427, 4, -433, 3, -433, 4, -445, 3, -445, 0, -455, 0, -564, 7, -570, 9, -582, 7, -589, 9, -590, 0, -599, 0, -567, 8, -572, 8, -580, 0, -586, 0, -460, 1, -463, 2, -463, 1, -470, 2, -470, 0, -476]
[0, -439, 10, -445, 10, -454, 6, -463, 5, -463, 5, -468, 6, -477, 0, -484, 0, -427, 4, -433, 3, -433, 4, -445, 3, -445, 0, -455, 0, -564, 7, -570, 9, -582, 7, -589, 9, -590, 0, -599, 0, -567, 8, -572, 8, -580, 0, -586, 0, -460, 1, -463, 2, -463, 1, -470, 2, -470, 0, -476]
[0, -439, 10, -445, 10, -454, 6, -463, 5, -463, 5, -468, 6, -477, 0, -484, 0, -427, 4, -433, 3, -433, 4, -445, 3, -445, 0, -455, 0, -564, 7, -570, 9, -582, 7, -589, 9, -590, 0, -599, 0, -567, 8, -572, 8, -580, 0, -586, 0, -460, 1, -463, 2, -463, 1, -470, 2, -470, 0, -476]
[0, -439, 10, -445, 10, -454, 6, -463, 5, -463, 5, -468, 6, -477, 0, -484, 0, -427, 4, -433, 3, -433, 4, -445, 3, -445, 0, -455, 0, -564, 7, -570, 9, -582, 7, -589, 9, -590, 0, -599, 0, -567, 8, -572, 8, -580, 0, -586, 0, -460, 1, -463, 2, -463, 1, -470, 2, -470, 0, -476]
[0, -439, 10, -445, 10, -454, 6, -463, 5, -463, 5, -468, 6, -477, 0, -484, 0, -427, 4, -433, 3, -433, 4, -445, 3, -445, 0, -455, 0, -564, 7, -570, 9, -582, 7, -589, 9, -590, 0, -599, 0, -567, 8, -572, 8, -580, 0, -586, 0, -460, 1, -463, 2, -463, 1, -470, 2, -470, 0, -476]
[0, -439, 10, -445, 10, -454, 6, -463, 5, -463, 5, -468, 6, -477, 0, -484, 0, -427, 4, -433, 3, -433, 4, -445, 3, -445, 0, -455, 0, -564, 7, -570, 9, -582, 7, -589, 9, -590, 0, -599, 0, -567, 8, -572, 8, -580, 0, -586, 0, -460, 1, -463, 2, -463, 1, -470, 2, -470, 0, -476]
[0, -439, 10, -445, 10, -454, 6, -463, 5, -463, 5, -468, 6, -477, 0, -484, 0, -427, 4, -433, 3, -433, 4, -445, 3, -445, 0, -455, 0, -564, 7, -570, 9, -582, 7, -589, 9, -590, 0, -599, 0, -567, 8, -572, 8, -580, 0, -586, 0, -460, 1, -463, 2, -463, 1, -470, 2, -470, 0, -476]
[0, -439, 10, -445, 10, -454, 6, -463, 5, -463, 5, -468, 6, -477, 0, -484, 0, -427, 4, -433, 3, -433, 4, -445, 3, -445, 0, -455, 0, -564, 7, -570, 9, -582, 7, -589, 9, -590, 0, -599, 0, -567, 8, -572, 8, -580, 0, -586, 0, -460, 1, -463, 2, -463, 1, -470, 2, -470, 0, -476]
[0, -439, 10, -445, 10, -454, 6, -463, 5, -463, 5, -468, 6, -477, 0, -484, 0, -427, 4, -433, 3, -433, 4, -445, 3, -445, 0, -455, 0, -564, 7, -570, 9, -582, 7, -589, 9, -590, 0, -599, 0, -567, 8, -572, 8, -580, 0, -586, 0, -460, 1, -463, 2, -463, 1, -470, 2, -470, 0, -476]
[0, -439, 10, -445, 10, -454, 6, -463, 5, -463, 5, -468, 6, -477, 0, -484, 0, -427, 4, -433, 3, -433, 4, -445, 3, -445, 0, -455, 0, -564, 7, -570, 9, -582, 7, -589, 9, -590, 0, -599, 0, -567, 8, -572, 8, -580, 0, -586, 0, -460, 1, -463, 2, -463, 1, -470, 2, -470, 0, -476]
[0, -439, 10, -445, 10, -454, 6, -463, 5, -463, 5, -468, 6, -477, 0, -484, 0, -427, 4, -433, 3, -433, 4, -445, 3, -445, 0, -455, 0, -564, 7, -570, 9, -582, 7, -589, 9, -590, 0, -599, 0, -567, 8, -572, 8, -580, 0, -586, 0, -460, 1, -463, 2, -463, 1, -470, 2, -470, 0, -476]
[0, -439, 10, -445, 10, -454, 6, -463, 5, -463, 5, -468, 6, -477, 0, -484, 0, -427, 4, -433, 3, -433, 4, -445, 3, -445, 0, -455, 0, -564, 7, -570, 9, -582, 7, -589, 9, -590, 0, -599, 0, -567, 8, -572, 8, -580, 0, -586, 0, -460, 1, -463, 2, -463, 1, -470, 2, -470, 0, -476]
[0, -439, 10, -445, 10, -454, 6, -463, 5, -463, 5, -468, 6, -477, 0, -484, 0, -427, 4, -433, 3, -433, 4, -445, 3, -445, 0, -455, 0, -564, 7, -570, 9, -582, 7, -589, 9, -590, 0, -599, 0, -567, 8, -572, 8, -580, 0, -586, 0, -460, 1, -463, 2, -463, 1, -470, 2, -470, 0, -476]
[0, -439, 10, -445, 10, -454, 6, -463, 5, -463, 5, -468, 6, -477, 0, -484, 0, -427, 4, -433, 3, -433, 4, -445, 3, -445, 0, -455, 0, -564, 7, -570, 9, -582, 7, -589, 9, -590, 0, -599, 0, -567, 8, -572, 8, -580, 0, -586, 0, -460, 1, -463, 2, -463, 1, -470, 2, -470, 0, -476]
[0, -439, 10, -445, 10, -454, 6, -463, 5, -463, 5, -468, 6, -477, 0, -484, 0, -427, 4, -433, 3, -433, 4, -445, 3, -445, 0, -455, 0, -564, 7, -570, 9, -582, 7, -589, 9, -590, 0, -599, 0, -567, 8, -572, 8, -580, 0, -586, 0, -460, 1, -463, 2, -463, 1, -470, 2, -470, 0, -476]
[0, -439, 10, -445, 10, -454, 6, -463, 5, -463, 5, -468, 6, -477, 0, -484, 0, -427, 4, -433, 3, -433, 4, -445, 3, -445, 0, -455, 0, -564, 7, -570, 9, -582, 7, -589, 9, -590, 0, -599, 0, -567, 8, -572, 8, -580, 0, -586, 0, -460, 1, -463, 2, -463, 1, -470, 2, -470, 0, -476]
[0, -439, 10, -445, 10, -454, 6, -463, 5, -463, 5, -468, 6, -477, 0, -484, 0, -427, 4, -433, 3, -433, 4, -445, 3, -445, 0, -455, 0, -564, 7, -570, 9, -582, 7, -589, 9, -590, 0, -599, 0, -567, 8, -572, 8, -580, 0, -586, 0, -460, 1, -463, 2, -463, 1, -470, 2, -470, 0, -476]
[0, -439, 10, -445, 10, -454, 6, -463, 5, -463, 5, -468, 6, -477, 0, -484, 0, -427, 4, -433, 3, -433, 4, -445, 3, -445, 0, -455, 0, -564, 7, -570, 9, -582, 7, -589, 9, -590, 0, -599, 0, -567, 8, -572, 8, -580, 0, -586, 0, -460, 1, -463, 2, -463, 1, -470, 2, -470, 0, -476]
[0, -439, 10, -445, 10, -454, 6, -463, 5, -463, 5, -468, 6, -477, 0, -484, 0, -427, 4, -433, 3, -433, 4, -445, 3, -445, 0, -455, 0, -564, 7, -570, 9, -582, 7, -589, 9, -590, 0, -599, 0, -567, 8, -572, 8, -580, 0, -586, 0, -460, 1, -463, 2, -463, 1, -470, 2, -470, 0, -476]
[0, -439, 10, -445, 10, -454, 6, -463, 5, -463, 5, -468, 6, -477, 0, -484, 0, -427, 4, -433, 3, -433, 4, -445, 3, -445, 0, -455, 0, -564, 7, -570, 9, -582, 7, -589, 9, -590, 0, -599, 0, -567, 8, -572, 8, -580, 0, -586, 0, -460, 1, -463, 2, -463, 1, -470, 2, -470, 0, -476]
[0, -439, 10, -445, 10, -454, 6, -463, 5, -463, 5, -468, 6, -477, 0, -484, 0, -427, 4, -433, 3, -433, 4, -445, 3, -445, 0, -455, 0, -564, 7, -570, 9, -582, 7, -589, 9, -590, 0, -599, 0, -567, 8, -572, 8, -580, 0, -586, 0, -460, 1, -463, 2, -463, 1, -470, 2, -470, 0, -476]
[0, -439, 10, -445, 10, -454, 6, -463, 5, -463, 5, -468, 6, -477, 0, -484, 0, -427, 4, -433, 3, -433, 4, -445, 3, -445, 0, -455, 0, -564, 7, -570, 9, -582, 7, -589, 9, -590, 0, -599, 0, -567, 8, -572, 8, -580, 0, -586, 0, -460, 1, -463, 2, -463, 1, -470, 2, -470, 0, -476]
[0, -439, 10, -445, 10, -454, 6, -463, 5, -463, 5, -468, 6, -477, 0, -484, 0, -427, 4, -433, 3, -433, 4, -445, 3, -445, 0, -455, 0, -564, 7, -570, 9, -582, 7, -589, 9, -590, 0, -599, 0, -567, 8, -572, 8, -580, 0, -586, 0, -460, 1, -463, 2, -463, 1, -470, 2, -470, 0, -476]
[0, -439, 10, -445, 10, -454, 6, -463, 5, -463, 5, -468, 6, -477, 0, -484, 0, -427, 4, -433, 3, -433, 4, -445, 3, -445, 0, -455, 0, -564, 7, -570, 9, -582, 7, -589, 9, -590, 0, -599, 0, -567, 8, -572, 8, -580, 0, -586, 0, -460, 1, -463, 2, -463, 1, -470, 2, -470, 0, -476]
[0, -439, 10, -445, 10, -454, 6, -463, 5, -463, 5, -468, 6, -477, 0, -484, 0, -427, 4, -433, 3, -433, 4, -445, 3, -445, 0, -455, 0, -564, 7, -570, 9, -582, 7, -589, 9, -590, 0, -599, 0, -567, 8, -572, 8, -580, 0, -586, 0, -460, 1, -463, 2, -463, 1, -470, 2, -470, 0, -476]
[0, -439, 10, -445, 10, -454, 6, -463, 5, -463, 5, -468, 6, -477, 0, -484, 0, -427, 4, -433, 3, -433, 4, -445, 3, -445, 0, -455, 0, -564, 7, -570, 9, -582, 7, -589, 9, -590, 0, -599, 0, -567, 8, -572, 8, -580, 0, -586, 0, -460, 1, -463, 2, -463, 1, -470, 2, -470, 0, -476]
[0, -439, 10, -445, 10, -454, 6, -463, 5, -463, 5, -468, 6, -477, 0, -484, 0, -427, 4, -433, 3, -433, 4, -445, 3, -445, 0, -455, 0, -564, 7, -570, 9, -582, 7, -589, 9, -590, 0, -599, 0, -567, 8, -572, 8, -580, 0, -586, 0, -460, 1, -463, 2, -463, 1, -470, 2, -470, 0, -476]
[0, -439, 10, -445, 10, -454, 6, -463, 5, -463, 5, -468, 6, -477, 0, -484, 0, -427, 4, -433, 3, -433, 4, -445, 3, -445, 0, -455, 0, -564, 7, -570, 9, -582, 7, -589, 9, -590, 0, -599, 0, -567, 8, -572, 8, -580, 0, -586, 0, -460, 1, -463, 2, -463, 1, -470, 2, -470, 0, -476]
[0, -439, 10, -445, 10, -454, 6, -463, 5, -463, 5, -468, 6, -477, 0, -484, 0, -427, 4, -433, 3, -433, 4, -445, 3, -445, 0, -455, 0, -564, 7, -570, 9, -582, 7, -589, 9, -590, 0, -599, 0, -567, 8, -572, 8, -580, 0, -586, 0, -460, 1, -463, 2, -463, 1, -470, 2, -470, 0, -476]
[0, -439, 10, -445, 10, -454, 6, -463, 5, -463, 5, -468, 6, -477, 0, -484, 0, -427, 4, -433, 3, -433, 4, -445, 3, -445, 0, -455, 0, -564, 7, -570, 9, -582, 7, -589, 9, -590, 0, -599, 0, -567, 8, -572, 8, -580, 0, -586, 0, -460, 1, -463, 2, -463, 1, -470, 2, -470, 0, -476]
[0, -439, 10, -445, 10, -454, 6, -463, 5, -463, 5, -468, 6, -477, 0, -484, 0, -427, 4, -433, 3, -433, 4, -445, 3, -445, 0, -455, 0, -564, 7, -570, 9, -582, 7, -589, 9, -590, 0, -599, 0, -567, 8, -572, 8, -580, 0, -586, 0, -460, 1, -463, 2, -463, 1, -470, 2, -470, 0, -476]
[0, -439, 10, -445, 10, -454, 6, -463, 5, -463, 5, -468, 6, -477, 0, -484, 0, -427, 4, -433, 3, -433, 4, -445, 3, -445, 0, -455, 0, -564, 7, -570, 9, -582, 7, -589, 9, -590, 0, -599, 0, -567, 8, -572, 8, -580, 0, -586, 0, -460, 1, -463, 2, -463, 1, -470, 2, -470, 0, -476]
[0, -439, 10, -445, 10, -454, 6, -463, 5, -463, 5, -468, 6, -477, 0, -484, 0, -427, 4, -433, 3, -433, 4, -445, 3, -445, 0, -455, 0, -564, 7, -570, 9, -582, 7, -589, 9, -590, 0, -599, 0, -567, 8, -572, 8, -580, 0, -586, 0, -460, 1, -463, 2, -463, 1, -470, 2, -470, 0, -476]
[0, -439, 10, -445, 10, -454, 6, -463, 5, -463, 5, -468, 6, -477, 0, -484, 0, -427, 4, -433, 3, -433, 4, -445, 3, -445, 0, -455, 0, -564, 7, -570, 9, -582, 7, -589, 9, -590, 0, -599, 0, -567, 8, -572, 8, -580, 0, -586, 0, -460, 1, -463, 2, -463, 1, -470, 2, -470, 0, -476]
[0, -439, 10, -445, 10, -454, 6, -463, 5, -463, 5, -468, 6, -477, 0, -484, 0, -427, 4, -433, 3, -433, 4, -445, 3, -445, 0, -455, 0, -564, 7, -570, 9, -582, 7, -589, 9, -590, 0, -599, 0, -567, 8, -572, 8, -580, 0, -586, 0, -460, 1, -463, 2, -463, 1, -470, 2, -470, 0, -476]
[0, -439, 10, -445, 10, -454, 6, -463, 5, -463, 5, -468, 6, -477, 0, -484, 0, -427, 4, -433, 3, -433, 4, -445, 3, -445, 0, -455, 0, -564, 7, -570, 9, -582, 7, -589, 9, -590, 0, -599, 0, -567, 8, -572, 8, -580, 0, -586, 0, -460, 1, -463, 2, -463, 1, -470, 2, -470, 0, -476]
[0, -439, 10, -445, 10, -454, 6, -463, 5, -463, 5, -468, 6, -477, 0, -484, 0, -427, 4, -433, 3, -433, 4, -445, 3, -445, 0, -455, 0, -564, 7, -570, 9, -582, 7, -589, 9, -590, 0, -599, 0, -567, 8, -572, 8, -580, 0, -586, 0, -460, 1, -463, 2, -463, 1, -470, 2, -470, 0, -476]
[0, -439, 10, -445, 10, -454, 6, -463, 5, -463, 5, -468, 6, -477, 0, -484, 0, -427, 4, -433, 3, -433, 4, -445, 3, -445, 0, -455, 0, -564, 7, -570, 9, -582, 7, -589, 9, -590, 0, -599, 0, -567, 8, -572, 8, -580, 0, -586, 0, -460, 1, -463, 2, -463, 1, -470, 2, -470, 0, -476]
[0, -439, 10, -445, 10, -454, 6, -463, 5, -463, 5, -468, 6, -477, 0, -484, 0, -427, 4, -433, 3, -433, 4, -445, 3, -445, 0, -455, 0, -564, 7, -570, 9, -582, 7, -589, 9, -590, 0, -599, 0, -567, 8, -572, 8, -580, 0, -586, 0, -460, 1, -463, 2, -463, 1, -470, 2, -470, 0, -476]
[0, -439, 10, -445, 10, -454, 6, -463, 5, -463, 5, -468, 6, -477, 0, -484, 0, -427, 4, -433, 3, -433, 4, -445, 3, -445, 0, -455, 0, -564, 7, -570, 9, -582, 7, -589, 9, -590, 0, -599, 0, -567, 8, -572, 8, -580, 0, -586, 0, -460, 1, -463, 2, -463, 1, -470, 2, -470, 0, -476]
[0, -439, 10, -445, 10, -454, 6, -463, 5, -463, 5, -468, 6, -477, 0, -484, 0, -427, 4, -433, 3, -433, 4, -445, 3, -445, 0, -455, 0, -564, 7, -570, 9, -582, 7, -589, 9, -590, 0, -599, 0, -567, 8, -572, 8, -580, 0, -586, 0, -460, 1, -463, 2, -463, 1, -470, 2, -470, 0, -476]
[0, -439, 10, -445, 10, -454, 6, -463, 5, -463, 5, -468, 6, -477, 0, -484, 0, -427, 4, -433, 3, -433, 4, -445, 3, -445, 0, -455, 0, -564, 7, -570, 9, -582, 7, -589, 9, -590, 0, -599, 0, -567, 8, -572, 8, -580, 0, -586, 0, -460, 1, -463, 2, -463, 1, -470, 2, -470, 0, -476]
[0, -439, 10, -445, 10, -454, 6, -463, 5, -463, 5, -468, 6, -477, 0, -484, 0, -427, 4, -433, 3, -433, 4, -445, 3, -445, 0, -455, 0, -564, 7, -570, 9, -582, 7, -589, 9, -590, 0, -599, 0, -567, 8, -572, 8, -580, 0, -586, 0, -460, 1, -463, 2, -463, 1, -470, 2, -470, 0, -476]
[0, -439, 10, -445, 10, -454, 6, -463, 5, -463, 5, -468, 6, -477, 0, -484, 0, -427, 4, -433, 3, -433, 4, -445, 3, -445, 0, -455, 0, -564, 7, -570, 9, -582, 7, -589, 9, -590, 0, -599, 0, -567, 8, -572, 8, -580, 0, -586, 0, -460, 1, -463, 2, -463, 1, -470, 2, -470, 0, -476]
[0, -439, 10, -445, 10, -454, 6, -463, 5, -463, 5, -468, 6, -477, 0, -484, 0, -427, 4, -433, 3, -433, 4, -445, 3, -445, 0, -455, 0, -564, 7, -570, 9, -582, 7, -589, 9, -590, 0, -599, 0, -567, 8, -572, 8, -580, 0, -586, 0, -460, 1, -463, 2, -463, 1, -470, 2, -470, 0, -476]
[0, -439, 10, -445, 10, -454, 6, -463, 5, -463, 5, -468, 6, -477, 0, -484, 0, -427, 4, -433, 3, -433, 4, -445, 3, -445, 0, -455, 0, -564, 7, -570, 9, -582, 7, -589, 9, -590, 0, -599, 0, -567, 8, -572, 8, -580, 0, -586, 0, -460, 1, -463, 2, -463, 1, -470, 2, -470, 0, -476]
[0, -439, 10, -445, 10, -454, 6, -463, 5, -463, 5, -468, 6, -477, 0, -484, 0, -427, 4, -433, 3, -433, 4, -445, 3, -445, 0, -455, 0, -564, 7, -570, 9, -582, 7, -589, 9, -590, 0, -599, 0, -567, 8, -572, 8, -580, 0, -586, 0, -460, 1, -463, 2, -463, 1, -470, 2, -470, 0, -476]
[0, -439, 10, -445, 10, -454, 6, -463, 5, -463, 5, -468, 6, -477, 0, -484, 0, -427, 4, -433, 3, -433, 4, -445, 3, -445, 0, -455, 0, -564, 7, -570, 9, -582, 7, -589, 9, -590, 0, -599, 0, -567, 8, -572, 8, -580, 0, -586, 0, -460, 1, -463, 2, -463, 1, -470, 2, -470, 0, -476]
[0, -439, 10, -445, 10, -454, 6, -463, 5, -463, 5, -468, 6, -477, 0, -484, 0, -427, 4, -433, 3, -433, 4, -445, 3, -445, 0, -455, 0, -564, 7, -570, 9, -582, 7, -589, 9, -590, 0, -599, 0, -567, 8, -572, 8, -580, 0, -586, 0, -460, 1, -463, 2, -463, 1, -470, 2, -470, 0, -476]
[0, -439, 10, -445, 10, -454, 6, -463, 5, -463, 5, -468, 6, -477, 0, -484, 0, -427, 4, -433, 3, -433, 4, -445, 3, -445, 0, -455, 0, -564, 7, -570, 9, -582, 7, -589, 9, -590, 0, -599, 0, -567, 8, -572, 8, -580, 0, -586, 0, -460, 1, -463, 2, -463, 1, -470, 2, -470, 0, -476]
[0, -439, 10, -445, 10, -454, 6, -463, 5, -463, 5, -468, 6, -477, 0, -484, 0, -427, 4, -433, 3, -433, 4, -445, 3, -445, 0, -455, 0, -564, 7, -570, 9, -582, 7, -589, 9, -590, 0, -599, 0, -567, 8, -572, 8, -580, 0, -586, 0, -460, 1, -463, 2, -463, 1, -470, 2, -470, 0, -476]
[0, -439, 10, -445, 10, -454, 6, -463, 5, -463, 5, -468, 6, -477, 0, -484, 0, -427, 4, -433, 3, -433, 4, -445, 3, -445, 0, -455, 0, -564, 7, -570, 9, -582, 7, -589, 9, -590, 0, -599, 0, -567, 8, -572, 8, -580, 0, -586, 0, -460, 1, -463, 2, -463, 1, -470, 2, -470, 0, -476]
[0, -439, 10, -445, 10, -454, 6, -463, 5, -463, 5, -468, 6, -477, 0, -484, 0, -427, 4, -433, 3, -433, 4, -445, 3, -445, 0, -455, 0, -564, 7, -570, 9, -582, 7, -589, 9, -590, 0, -599, 0, -567, 8, -572, 8, -580, 0, -586, 0, -460, 1, -463, 2, -463, 1, -470, 2, -470, 0, -476]
[0, -439, 10, -445, 10, -454, 6, -463, 5, -463, 5, -468, 6, -477, 0, -484, 0, -427, 4, -433, 3, -433, 4, -445, 3, -445, 0, -455, 0, -564, 7, -570, 9, -582, 7, -589, 9, -590, 0, -599, 0, -567, 8, -572, 8, -580, 0, -586, 0, -460, 1, -463, 2, -463, 1, -470, 2, -470, 0, -476]
[0, -439, 10, -445, 10, -454, 6, -463, 5, -463, 5, -468, 6, -477, 0, -484, 0, -427, 4, -433, 3, -433, 4, -445, 3, -445, 0, -455, 0, -564, 7, -570, 9, -582, 7, -589, 9, -590, 0, -599, 0, -567, 8, -572, 8, -580, 0, -586, 0, -460, 1, -463, 2, -463, 1, -470, 2, -470, 0, -476]
[0, -439, 10, -445, 10, -454, 6, -463, 5, -463, 5, -468, 6, -477, 0, -484, 0, -427, 4, -433, 3, -433, 4, -445, 3, -445, 0, -455, 0, -564, 7, -570, 9, -582, 7, -589, 9, -590, 0, -599, 0, -567, 8, -572, 8, -580, 0, -586, 0, -460, 1, -463, 2, -463, 1, -470, 2, -470, 0, -476]
