0	Solution - 0	0	0	0	0	0
1	Solution - 0	0	0	0	0	0
2	Solution - 0	0	0	0	0	0
3	Solution - 0	0	0	0	0	0
4	Solution - 0	0	0	0	0	0
5	Solution - 0	0	0	0	0	0
6	Solution - 0	0	0	0	0	0
7	Solution - 0	0	0	0	0	0
8	Solution - 0	0	0	0	0	0
9	Solution - 0	0	0	0	0	0
10	Solution - 0	0	0	0	0	0
11	Solution - 4106	190	836	154	0	20
12	Solution - 4106	190	836	154	0	20
13	Solution - 3850	194	856	140	0	20
14	Solution - 3850	194	856	140	0	20
15	Solution - 3850	194	856	140	0	20
16	Solution - 3850	194	856	140	0	20
17	Solution - 3850	194	856	140	0	20
18	Solution - 3850	194	856	140	0	20
19	Solution - 3850	194	856	140	0	20
20	Solution - 3756	196	860	135	0	20
21	Solution - 3756	196	860	135	0	20
22	Solution - 3756	196	860	135	0	20
23	Solution - 3756	196	860	135	0	20
24	Solution - 3756	196	860	135	0	20
25	Solution - 3756	196	860	135	0	20
26	Solution - 3756	196	860	135	0	20
27	Solution - 3756	196	860	135	0	20
28	Solution - 3756	196	860	135	0	20
29	Solution - 3756	196	860	135	0	20
30	Solution - 3756	196	860	135	0	20
31	Solution - 3756	196	860	135	0	20
32	Solution - 3756	196	860	135	0	20
33	Solution - 3756	196	860	135	0	20
34	Solution - 3756	196	860	135	0	20
35	Solution - 3756	196	860	135	0	20
36	Solution - 3756	196	860	135	0	20
37	Solution - 3756	196	860	135	0	20
38	Solution - 3756	196	860	135	0	20
39	Solution - 3756	196	860	135	0	20
40	Solution - 3756	196	860	135	0	20
41	Solution - 3756	196	860	135	0	20
42	Solution - 3756	196	860	135	0	20
43	Solution - 3756	196	860	135	0	20
44	Solution - 3756	196	860	135	0	20
45	Solution - 3673	195	858	131	0	20
46	Solution - 3673	195	858	131	0	20
47	Solution - 3673	195	858	131	0	20
48	Solution - 3673	195	858	131	0	20
49	Solution - 3673	195	858	131	0	20
50	Solution - 3485	193	852	122	1	20
51	Solution - 3485	193	852	122	1	20
52	Solution - 3485	193	852	122	1	20
53	Solution - 3485	193	852	122	1	20
54	Solution - 3485	193	852	122	1	20
55	Solution - 3485	193	852	122	1	20
56	Solution - 3485	193	852	122	1	20
57	Solution - 3485	193	852	122	1	20
58	Solution - 3485	193	852	122	1	20
59	Solution - 3485	193	852	122	1	20
60	Solution - 3348	194	854	115	0	20
61	Solution - 3348	194	854	115	0	20
62	Solution - 3348	194	854	115	0	20
63	Solution - 3348	194	854	115	0	20
64	Solution - 3348	194	854	115	0	20
65	Solution - 3310	191	839	120	0	19
66	Solution - 3310	191	839	120	0	19
67	Solution - 3310	191	839	120	0	19
68	Solution - 3310	191	839	120	0	19
69	Solution - 3310	191	839	120	0	19
70	Solution - 3247	193	840	123	0	18
71	Solution - 3247	193	840	123	0	18
72	Solution - 3247	193	840	123	0	18
73	Solution - 3247	193	840	123	0	18
74	Solution - 3247	193	840	123	0	18
75	Solution - 3247	193	840	123	0	18
76	Solution - 3247	193	840	123	0	18
77	Solution - 3247	193	840	123	0	18
78	Solution - 3247	193	840	123	0	18
79	Solution - 3247	193	840	123	0	18
80	Solution - 3247	193	840	123	0	18
81	Solution - 3247	193	840	123	0	18
82	Solution - 3247	193	840	123	0	18
83	Solution - 3036	190	823	119	0	17
84	Solution - 3036	190	823	119	0	17
85	Solution - 3036	190	823	119	0	17
86	Solution - 3036	190	823	119	0	17
87	Solution - 3036	190	823	119	0	17
88	Solution - 3036	190	823	119	0	17
89	Solution - 3036	190	823	119	0	17
90	Solution - 3036	190	823	119	0	17
91	Solution - 3036	190	823	119	0	17
92	Solution - 3036	190	823	119	0	17
93	Solution - 3036	190	823	119	0	17
94	Solution - 3036	190	823	119	0	17
95	Solution - 3036	190	823	119	0	17
96	Solution - 3036	190	823	119	0	17
97	Solution - 3036	190	823	119	0	17
98	Solution - 2888	186	814	118	0	16
99	Solution - 2888	186	814	118	0	16
