[]
[]
[]
[]
[]
[]
[]
[]
[]
[]
[]
[]
[]
[]
[]
[]
[]
[]
[]
[]
[]
[]
[]
[]
[]
[]
[]
[]
[]
[]
[]
[]
[]
[]
[]
[]
[]
[]
[]
[]
[]
[]
[]
[]
[]
[]
[]
[]
[]
[]
[]
[]
[]
[]
[]
[]
[]
[]
[]
[]
[]
[]
[]
[]
[]
[]
[]
[]
[]
[]
[]
[]
[]
[]
[]
[]
[]
[]
[]
[]
[]
[]
[]
[]
[]
[]
[]
[]
[]
[]
[]
[]
[]
[]
[]
[]
[0, -427, 5, -433, 4, -433, 3, -433, 4, -445, 3, -445, 46, -452, 46, -458, 5, -465, 0, -475, 0, -551, 8, -556, 7, -566, 11, -573, 48, -580, 8, -580, 7, -580, 11, -586, 48, -586, 0, -593, 0, -583, 21, -588, 21, -596, 0, -602, 0, -443, 12, -446, 15, -453, 27, -460, 29, -467, 12, -476, 29, -484, 15, -493, 27, -503, 0, -510, 0, -542, 30, -547, 37, -554, 14, -559, 26, -565, 30, -572, 37, -572, 14, -576, 26, -586, 0, -596, 0, -506, 50, -511, 22, -519, 40, -523, 36, -523, 50, -532, 22, -541, 40, -548, 36, -556, 0, -563, 0, -465, 20, -471, 42, -479, 32, -486, 31, -496, 20, -501, 42, -506, 32, -511, 31, -521, 0, -531, 0, -529, 19, -532, 19, -537, 0, -542, 0, -442, 23, -447, 1, -450, 44, -457, 6, -457, 23, -470, 1, -476, 44, -484, 6, -492, 0, -499, 0, -437, 10, -443, 10, -452, 0, -460, 0, -471, 49, -477, 35, -483, 18, -492, 13, -502, 49, -509, 35, -518, 18, -523, 13, -528, 0, -537, 0, -506, 25, -514, 16, -520, 45, -528, 33, -540, 25, -548, 16, -548, 45, -554, 33, -566, 0, -576, 0, -460, 2, -463, 2, -470, 0, -476, 0, -539, 38, -546, 9, -558, 47, -568, 38, -576, 9, -581, 47, -589, 0, -596, 0, -530, 34, -534, 34, -539, 0, -546, 0, -546, 24, -552, 24, -558, 0, -566, 0, -542, 39, -552, 28, -556, 39, -556, 28, -562, 0, -570, 0, -558, 43, -568, 43, -569, 0, -577, 0, -541, 41, -552, 41, -561, 0, -568, 0, -480, 17, -490, 17, -499, 0, -505]
[0, -427, 5, -433, 4, -433, 3, -433, 4, -445, 3, -445, 46, -452, 46, -458, 5, -465, 0, -475, 0, -551, 8, -556, 7, -566, 11, -573, 48, -580, 8, -580, 7, -580, 11, -586, 48, -586, 0, -593, 0, -583, 21, -588, 21, -596, 0, -602, 0, -443, 12, -446, 15, -453, 27, -460, 29, -467, 12, -476, 29, -484, 15, -493, 27, -503, 0, -510, 0, -542, 30, -547, 37, -554, 14, -559, 26, -565, 30, -572, 37, -572, 14, -576, 26, -586, 0, -596, 0, -506, 50, -511, 22, -519, 40, -523, 36, -523, 50, -532, 22, -541, 40, -548, 36, -556, 0, -563, 0, -465, 20, -471, 42, -479, 32, -486, 31, -496, 20, -501, 42, -506, 32, -511, 31, -521, 0, -531, 0, -529, 19, -532, 19, -537, 0, -542, 0, -442, 23, -447, 1, -450, 44, -457, 6, -457, 23, -470, 1, -476, 44, -484, 6, -492, 0, -499, 0, -437, 10, -443, 10, -452, 0, -460, 0, -471, 49, -477, 35, -483, 18, -492, 13, -502, 49, -509, 35, -518, 18, -523, 13, -528, 0, -537, 0, -506, 25, -514, 16, -520, 45, -528, 33, -540, 25, -548, 16, -548, 45, -554, 33, -566, 0, -576, 0, -460, 2, -463, 2, -470, 0, -476, 0, -539, 38, -546, 9, -558, 47, -568, 38, -576, 9, -581, 47, -589, 0, -596, 0, -530, 34, -534, 34, -539, 0, -546, 0, -546, 24, -552, 24, -558, 0, -566, 0, -542, 39, -552, 28, -556, 39, -556, 28, -562, 0, -570, 0, -558, 43, -568, 43, -569, 0, -577, 0, -541, 41, -552, 41, -561, 0, -568, 0, -480, 17, -490, 17, -499, 0, -505]
[0, -427, 5, -433, 4, -433, 3, -433, 4, -445, 3, -445, 46, -452, 46, -458, 5, -465, 0, -475, 0, -551, 8, -556, 7, -566, 11, -573, 48, -580, 8, -580, 7, -580, 11, -586, 48, -586, 0, -593, 0, -583, 21, -588, 21, -596, 0, -602, 0, -443, 12, -446, 15, -453, 27, -460, 29, -467, 12, -476, 29, -484, 15, -493, 27, -503, 0, -510, 0, -542, 30, -547, 37, -554, 14, -559, 26, -565, 30, -572, 37, -572, 14, -576, 26, -586, 0, -596, 0, -506, 50, -511, 22, -519, 40, -523, 36, -523, 50, -532, 22, -541, 40, -548, 36, -556, 0, -563, 0, -465, 20, -471, 42, -479, 32, -486, 31, -496, 20, -501, 42, -506, 32, -511, 31, -521, 0, -531, 0, -529, 19, -532, 19, -537, 0, -542, 0, -442, 23, -447, 1, -450, 44, -457, 6, -457, 23, -470, 1, -476, 44, -484, 6, -492, 0, -499, 0, -437, 10, -443, 10, -452, 0, -460, 0, -471, 49, -477, 35, -483, 18, -492, 13, -502, 49, -509, 35, -518, 18, -523, 13, -528, 0, -537, 0, -506, 25, -514, 16, -520, 45, -528, 33, -540, 25, -548, 16, -548, 45, -554, 33, -566, 0, -576, 0, -460, 2, -463, 2, -470, 0, -476, 0, -539, 38, -546, 9, -558, 47, -568, 38, -576, 9, -581, 47, -589, 0, -596, 0, -530, 34, -534, 34, -539, 0, -546, 0, -546, 24, -552, 24, -558, 0, -566, 0, -542, 39, -552, 28, -556, 39, -556, 28, -562, 0, -570, 0, -558, 43, -568, 43, -569, 0, -577, 0, -541, 41, -552, 41, -561, 0, -568, 0, -480, 17, -490, 17, -499, 0, -505]
[0, -427, 5, -433, 4, -433, 3, -433, 4, -445, 3, -445, 46, -452, 46, -458, 5, -465, 0, -475, 0, -551, 8, -556, 7, -566, 11, -573, 48, -580, 8, -580, 7, -580, 11, -586, 48, -586, 0, -593, 0, -583, 21, -588, 21, -596, 0, -602, 0, -443, 12, -446, 15, -453, 27, -460, 29, -467, 12, -476, 29, -484, 15, -493, 27, -503, 0, -510, 0, -542, 30, -547, 37, -554, 14, -559, 26, -565, 30, -572, 37, -572, 14, -576, 26, -586, 0, -596, 0, -506, 50, -511, 22, -519, 40, -523, 36, -523, 50, -532, 22, -541, 40, -548, 36, -556, 0, -563, 0, -465, 20, -471, 42, -479, 32, -486, 31, -496, 20, -501, 42, -506, 32, -511, 31, -521, 0, -531, 0, -529, 19, -532, 19, -537, 0, -542, 0, -442, 23, -447, 1, -450, 44, -457, 6, -457, 23, -470, 1, -476, 44, -484, 6, -492, 0, -499, 0, -437, 10, -443, 10, -452, 0, -460, 0, -471, 49, -477, 35, -483, 18, -492, 13, -502, 49, -509, 35, -518, 18, -523, 13, -528, 0, -537, 0, -506, 25, -514, 16, -520, 45, -528, 33, -540, 25, -548, 16, -548, 45, -554, 33, -566, 0, -576, 0, -460, 2, -463, 2, -470, 0, -476, 0, -539, 38, -546, 9, -558, 47, -568, 38, -576, 9, -581, 47, -589, 0, -596, 0, -530, 34, -534, 34, -539, 0, -546, 0, -546, 24, -552, 24, -558, 0, -566, 0, -542, 39, -552, 28, -556, 39, -556, 28, -562, 0, -570, 0, -558, 43, -568, 43, -569, 0, -577, 0, -541, 41, -552, 41, -561, 0, -568, 0, -480, 17, -490, 17, -499, 0, -505]
