0	Solution - 3984	188	836	148	0	20
1	Solution - 3984	188	836	148	0	20
2	Solution - 3984	188	836	148	0	20
3	Solution - 3845	185	820	142	0	20
4	Solution - 3845	185	820	142	0	20
5	Solution - 3649	185	824	132	0	20
6	Solution - 3649	185	824	132	0	20
7	Solution - 3530	188	834	132	0	19
8	Solution - 3530	188	834	132	0	19
9	Solution - 3530	188	834	132	0	19
10	Solution - 3530	188	834	132	0	19
11	Solution - 3530	188	834	132	0	19
12	Solution - 3530	188	834	132	0	19
13	Solution - 3530	188	834	132	0	19
14	Solution - 3359	184	819	124	0	19
15	Solution - 3359	184	819	124	0	19
16	Solution - 3359	184	819	124	0	19
17	Solution - 3359	184	819	124	0	19
18	Solution - 2766	185	817	98	0	18
19	Solution - 2766	185	817	98	0	18
20	Solution - 2766	185	817	98	0	18
21	Solution - 2766	185	817	98	0	18
22	Solution - 2766	185	817	98	0	18
23	Solution - 2766	185	817	98	0	18
24	Solution - 2766	185	817	98	0	18
25	Solution - 2766	185	817	98	0	18
26	Solution - 2766	185	817	98	0	18
27	Solution - 2766	185	817	98	0	18
28	Solution - 2766	185	817	98	0	18
29	Solution - 2766	185	817	98	0	18
30	Solution - 2766	185	817	98	0	18
31	Solution - 2766	185	817	98	0	18
32	Solution - 2766	185	817	98	0	18
33	Solution - 2766	185	817	98	0	18
34	Solution - 2605	184	819	89	0	18
35	Solution - 2605	184	819	89	0	18
36	Solution - 2605	184	819	89	0	18
37	Solution - 2605	184	819	89	0	18
38	Solution - 2605	184	819	89	0	18
39	Solution - 2605	184	819	89	0	18
40	Solution - 2605	184	819	89	0	18
41	Solution - 2605	184	819	89	0	18
42	Solution - 2605	184	819	89	0	18
43	Solution - 2477	184	817	82	0	18
44	Solution - 2477	184	817	82	0	18
45	Solution - 2477	184	817	82	0	18
46	Solution - 2477	184	817	82	0	18
47	Solution - 2477	184	817	82	0	18
48	Solution - 2477	184	817	82	0	18
49	Solution - 2477	184	817	82	0	18
50	Solution - 2477	184	817	82	0	18
51	Solution - 2477	184	817	82	0	18
52	Solution - 2477	184	817	82	0	18
53	Solution - 2477	184	817	82	0	18
54	Solution - 2477	184	817	82	0	18
55	Solution - 2477	184	817	82	0	18
56	Solution - 2362	182	803	81	0	17
57	Solution - 2362	182	803	81	0	17
58	Solution - 2362	182	803	81	0	17
59	Solution - 2362	182	803	81	0	17
60	Solution - 2362	182	803	81	0	17
61	Solution - 2362	182	803	81	0	17
62	Solution - 2271	181	794	81	0	16
63	Solution - 2271	181	794	81	0	16
64	Solution - 2271	181	794	81	0	16
65	Solution - 2271	181	794	81	0	16
66	Solution - 2271	181	794	81	0	16
67	Solution - 2271	181	794	81	0	16
68	Solution - 2072	179	789	69	0	16
69	Solution - 2072	179	789	69	0	16
70	Solution - 2072	179	789	69	0	16
71	Solution - 2072	179	789	69	0	16
72	Solution - 2072	179	789	69	0	16
73	Solution - 2072	179	789	69	0	16
74	Solution - 2072	179	789	69	0	16
75	Solution - 2072	179	789	69	0	16
76	Solution - 2072	179	789	69	0	16
77	Solution - 2072	179	789	69	0	16
78	Solution - 2072	179	789	69	0	16
79	Solution - 2072	179	789	69	0	16
80	Solution - 2072	179	789	69	0	16
81	Solution - 2072	179	789	69	0	16
82	Solution - 2072	179	789	69	0	16
83	Solution - 2072	179	789	69	0	16
84	Solution - 2072	179	789	69	0	16
85	Solution - 2072	179	789	69	0	16
86	Solution - 2072	179	789	69	0	16
87	Solution - 2072	179	789	69	0	16
88	Solution - 2072	179	789	69	0	16
89	Solution - 2072	179	789	69	0	16
90	Solution - 2072	179	789	69	0	16
91	Solution - 2072	179	789	69	0	16
92	Solution - 1991	173	768	70	0	15
93	Solution - 1991	173	768	70	0	15
94	Solution - 1991	173	768	70	0	15
95	Solution - 1991	173	768	70	0	15
96	Solution - 1991	173	768	70	0	15
97	Solution - 1991	173	768	70	0	15
98	Solution - 1991	173	768	70	0	15
99	Solution - 1991	173	768	70	0	15
