3931
3931
3931
3931
3931
3931
3931
3931
3931
3931
3882
3882
3560
3560
3217
3217
3217
2783
2783
2783
2783
2783
2783
2783
2783
2783
2783
2783
2783
2783
2783
2783
2783
2783
2783
2783
2783
2783
2783
2783
2783
2783
2783
2783
2783
2765
2765
2765
2765
2765
2765
2765
2765
2765
2765
2585
2585
2585
2585
2585
2585
2585
2585
2585
2585
2585
2585
2585
2585
2585
2585
2585
2585
2558
2558
2558
2558
2558
2431
2431
2431
2431
2431
2431
2431
2431
2431
2431
2431
2431
2431
2431
2431
2431
2431
2431
2431
2431
2431
2431
