[]
[]
[]
[]
[]
[]
[]
[]
[]
[]
[]
[]
[]
[]
[]
[]
[]
[]
[]
[]
[]
[]
[]
[]
[]
[]
[]
[0, -425, 5, -431, 4, -431, 3, -431, 46, -440, 3, -445, 4, -445, 46, -454, 5, -461, 0, -471, 0, -551, 8, -556, 7, -566, 11, -573, 48, -580, 8, -580, 7, -580, 11, -586, 48, -586, 0, -593, 0, -583, 21, -588, 21, -596, 0, -602, 0, -445, 12, -448, 44, -455, 15, -466, 27, -473, 12, -474, 44, -479, 15, -485, 27, -495, 0, -502, 0, -542, 30, -547, 37, -554, 14, -559, 26, -565, 30, -572, 37, -572, 14, -576, 26, -586, 0, -596, 0, -506, 50, -511, 22, -519, 40, -523, 36, -523, 50, -532, 22, -541, 40, -548, 36, -556, 0, -563, 0, -465, 20, -471, 42, -479, 32, -486, 31, -496, 20, -501, 42, -506, 32, -511, 31, -521, 0, -531, 0, -529, 19, -532, 19, -537, 0, -542, 0, -436, 23, -441, 6, -450, 23, -463, 6, -473, 0, -480, 0, -437, 10, -443, 10, -452, 0, -460, 0, -471, 49, -477, 35, -483, 18, -492, 13, -502, 49, -509, 35, -518, 18, -523, 13, -528, 0, -537, 0, -510, 25, -518, 16, -524, 45, -532, 33, -544, 25, -552, 16, -552, 41, -561, 45, -566, 41, -568, 33, -580, 0, -590, 0, -460, 2, -463, 2, -470, 0, -476, 0, -539, 38, -546, 9, -558, 47, -568, 38, -576, 9, -581, 47, -589, 0, -596, 0, -530, 34, -534, 34, -539, 0, -546, 0, -546, 24, -552, 24, -558, 0, -566, 0, -542, 39, -552, 28, -556, 39, -556, 28, -562, 0, -570, 0, -558, 43, -568, 43, -569, 0, -577, 0, -453, 29, -464, 29, -473, 0, -480, 0, -460, 1, -463, 1, -470, 0, -476, 0, -480, 17, -490, 17, -499, 0, -505]
[0, -425, 5, -431, 4, -431, 3, -431, 46, -440, 3, -445, 4, -445, 46, -454, 5, -461, 0, -471, 0, -551, 8, -556, 7, -566, 11, -573, 48, -580, 8, -580, 7, -580, 11, -586, 48, -586, 0, -593, 0, -583, 21, -588, 21, -596, 0, -602, 0, -445, 12, -448, 44, -455, 15, -466, 27, -473, 12, -474, 44, -479, 15, -485, 27, -495, 0, -502, 0, -542, 30, -547, 37, -554, 14, -559, 26, -565, 30, -572, 37, -572, 14, -576, 26, -586, 0, -596, 0, -506, 50, -511, 22, -519, 40, -523, 36, -523, 50, -532, 22, -541, 40, -548, 36, -556, 0, -563, 0, -465, 20, -471, 42, -479, 32, -486, 31, -496, 20, -501, 42, -506, 32, -511, 31, -521, 0, -531, 0, -529, 19, -532, 19, -537, 0, -542, 0, -436, 23, -441, 6, -450, 23, -463, 6, -473, 0, -480, 0, -437, 10, -443, 10, -452, 0, -460, 0, -471, 49, -477, 35, -483, 18, -492, 13, -502, 49, -509, 35, -518, 18, -523, 13, -528, 0, -537, 0, -510, 25, -518, 16, -524, 45, -532, 33, -544, 25, -552, 16, -552, 41, -561, 45, -566, 41, -568, 33, -580, 0, -590, 0, -460, 2, -463, 2, -470, 0, -476, 0, -539, 38, -546, 9, -558, 47, -568, 38, -576, 9, -581, 47, -589, 0, -596, 0, -530, 34, -534, 34, -539, 0, -546, 0, -546, 24, -552, 24, -558, 0, -566, 0, -542, 39, -552, 28, -556, 39, -556, 28, -562, 0, -570, 0, -558, 43, -568, 43, -569, 0, -577, 0, -453, 29, -464, 29, -473, 0, -480, 0, -460, 1, -463, 1, -470, 0, -476, 0, -480, 17, -490, 17, -499, 0, -505]
[0, -425, 5, -431, 4, -431, 3, -431, 46, -440, 3, -445, 4, -445, 46, -454, 5, -461, 0, -471, 0, -551, 8, -556, 7, -566, 11, -573, 48, -580, 8, -580, 7, -580, 11, -586, 48, -586, 0, -593, 0, -583, 21, -588, 21, -596, 0, -602, 0, -445, 12, -448, 44, -455, 15, -466, 27, -473, 12, -474, 44, -479, 15, -485, 27, -495, 0, -502, 0, -542, 30, -547, 37, -554, 14, -559, 26, -565, 30, -572, 37, -572, 14, -576, 26, -586, 0, -596, 0, -506, 50, -511, 22, -519, 40, -523, 36, -523, 50, -532, 22, -541, 40, -548, 36, -556, 0, -563, 0, -465, 20, -471, 42, -479, 32, -486, 31, -496, 20, -501, 42, -506, 32, -511, 31, -521, 0, -531, 0, -529, 19, -532, 19, -537, 0, -542, 0, -436, 23, -441, 6, -450, 23, -463, 6, -473, 0, -480, 0, -437, 10, -443, 10, -452, 0, -460, 0, -471, 49, -477, 35, -483, 18, -492, 13, -502, 49, -509, 35, -518, 18, -523, 13, -528, 0, -537, 0, -510, 25, -518, 16, -524, 45, -532, 33, -544, 25, -552, 16, -552, 41, -561, 45, -566, 41, -568, 33, -580, 0, -590, 0, -460, 2, -463, 2, -470, 0, -476, 0, -539, 38, -546, 9, -558, 47, -568, 38, -576, 9, -581, 47, -589, 0, -596, 0, -530, 34, -534, 34, -539, 0, -546, 0, -546, 24, -552, 24, -558, 0, -566, 0, -542, 39, -552, 28, -556, 39, -556, 28, -562, 0, -570, 0, -558, 43, -568, 43, -569, 0, -577, 0, -453, 29, -464, 29, -473, 0, -480, 0, -460, 1, -463, 1, -470, 0, -476, 0, -480, 17, -490, 17, -499, 0, -505]
[0, -425, 5, -431, 4, -431, 3, -431, 46, -440, 3, -445, 4, -445, 46, -454, 5, -461, 0, -471, 0, -551, 8, -556, 7, -566, 11, -573, 48, -580, 8, -580, 7, -580, 11, -586, 48, -586, 0, -593, 0, -583, 21, -588, 21, -596, 0, -602, 0, -445, 12, -448, 44, -455, 15, -466, 27, -473, 12, -474, 44, -479, 15, -485, 27, -495, 0, -502, 0, -542, 30, -547, 37, -554, 14, -559, 26, -565, 30, -572, 37, -572, 14, -576, 26, -586, 0, -596, 0, -506, 50, -511, 22, -519, 40, -523, 36, -523, 50, -532, 22, -541, 40, -548, 36, -556, 0, -563, 0, -465, 20, -471, 42, -479, 32, -486, 31, -496, 20, -501, 42, -506, 32, -511, 31, -521, 0, -531, 0, -529, 19, -532, 19, -537, 0, -542, 0, -436, 23, -441, 6, -450, 23, -463, 6, -473, 0, -480, 0, -437, 10, -443, 10, -452, 0, -460, 0, -471, 49, -477, 35, -483, 18, -492, 13, -502, 49, -509, 35, -518, 18, -523, 13, -528, 0, -537, 0, -510, 25, -518, 16, -524, 45, -532, 33, -544, 25, -552, 16, -552, 41, -561, 45, -566, 41, -568, 33, -580, 0, -590, 0, -460, 2, -463, 2, -470, 0, -476, 0, -539, 38, -546, 9, -558, 47, -568, 38, -576, 9, -581, 47, -589, 0, -596, 0, -530, 34, -534, 34, -539, 0, -546, 0, -546, 24, -552, 24, -558, 0, -566, 0, -542, 39, -552, 28, -556, 39, -556, 28, -562, 0, -570, 0, -558, 43, -568, 43, -569, 0, -577, 0, -453, 29, -464, 29, -473, 0, -480, 0, -460, 1, -463, 1, -470, 0, -476, 0, -480, 17, -490, 17, -499, 0, -505]
[0, -425, 5, -431, 4, -431, 3, -431, 46, -440, 3, -445, 4, -445, 46, -454, 5, -461, 0, -471, 0, -551, 8, -556, 7, -566, 11, -573, 48, -580, 8, -580, 7, -580, 11, -586, 48, -586, 0, -593, 0, -583, 21, -588, 21, -596, 0, -602, 0, -445, 12, -448, 44, -455, 15, -466, 27, -473, 12, -474, 44, -479, 15, -485, 27, -495, 0, -502, 0, -542, 30, -547, 37, -554, 14, -559, 26, -565, 30, -572, 37, -572, 14, -576, 26, -586, 0, -596, 0, -506, 50, -511, 22, -519, 40, -523, 36, -523, 50, -532, 22, -541, 40, -548, 36, -556, 0, -563, 0, -465, 20, -471, 42, -479, 32, -486, 31, -496, 20, -501, 42, -506, 32, -511, 31, -521, 0, -531, 0, -529, 19, -532, 19, -537, 0, -542, 0, -436, 23, -441, 6, -450, 23, -463, 6, -473, 0, -480, 0, -437, 10, -443, 10, -452, 0, -460, 0, -471, 49, -477, 35, -483, 18, -492, 13, -502, 49, -509, 35, -518, 18, -523, 13, -528, 0, -537, 0, -510, 25, -518, 16, -524, 45, -532, 33, -544, 25, -552, 16, -552, 41, -561, 45, -566, 41, -568, 33, -580, 0, -590, 0, -460, 2, -463, 2, -470, 0, -476, 0, -539, 38, -546, 9, -558, 47, -568, 38, -576, 9, -581, 47, -589, 0, -596, 0, -530, 34, -534, 34, -539, 0, -546, 0, -546, 24, -552, 24, -558, 0, -566, 0, -542, 39, -552, 28, -556, 39, -556, 28, -562, 0, -570, 0, -558, 43, -568, 43, -569, 0, -577, 0, -453, 29, -464, 29, -473, 0, -480, 0, -460, 1, -463, 1, -470, 0, -476, 0, -480, 17, -490, 17, -499, 0, -505]
[0, -425, 5, -431, 4, -431, 3, -431, 46, -440, 3, -445, 4, -445, 46, -454, 5, -461, 0, -471, 0, -551, 8, -556, 7, -566, 11, -573, 48, -580, 8, -580, 7, -580, 11, -586, 48, -586, 0, -593, 0, -583, 21, -588, 21, -596, 0, -602, 0, -445, 12, -448, 44, -455, 15, -466, 27, -473, 12, -474, 44, -479, 15, -485, 27, -495, 0, -502, 0, -542, 30, -547, 37, -554, 14, -559, 26, -565, 30, -572, 37, -572, 14, -576, 26, -586, 0, -596, 0, -506, 50, -511, 22, -519, 40, -523, 36, -523, 50, -532, 22, -541, 40, -548, 36, -556, 0, -563, 0, -465, 20, -471, 42, -479, 32, -486, 31, -496, 20, -501, 42, -506, 32, -511, 31, -521, 0, -531, 0, -529, 19, -532, 19, -537, 0, -542, 0, -436, 23, -441, 6, -450, 23, -463, 6, -473, 0, -480, 0, -437, 10, -443, 10, -452, 0, -460, 0, -471, 49, -477, 35, -483, 18, -492, 13, -502, 49, -509, 35, -518, 18, -523, 13, -528, 0, -537, 0, -510, 25, -518, 16, -524, 45, -532, 33, -544, 25, -552, 16, -552, 41, -561, 45, -566, 41, -568, 33, -580, 0, -590, 0, -460, 2, -463, 2, -470, 0, -476, 0, -539, 38, -546, 9, -558, 47, -568, 38, -576, 9, -581, 47, -589, 0, -596, 0, -530, 34, -534, 34, -539, 0, -546, 0, -546, 24, -552, 24, -558, 0, -566, 0, -542, 39, -552, 28, -556, 39, -556, 28, -562, 0, -570, 0, -558, 43, -568, 43, -569, 0, -577, 0, -453, 29, -464, 29, -473, 0, -480, 0, -460, 1, -463, 1, -470, 0, -476, 0, -480, 17, -490, 17, -499, 0, -505]
[0, -425, 5, -431, 4, -431, 3, -431, 46, -440, 3, -445, 4, -445, 46, -454, 5, -461, 0, -471, 0, -551, 8, -556, 7, -566, 11, -573, 48, -580, 8, -580, 7, -580, 11, -586, 48, -586, 0, -593, 0, -583, 21, -588, 21, -596, 0, -602, 0, -445, 12, -448, 44, -455, 15, -466, 27, -473, 12, -474, 44, -479, 15, -485, 27, -495, 0, -502, 0, -542, 30, -547, 37, -554, 14, -559, 26, -565, 30, -572, 37, -572, 14, -576, 26, -586, 0, -596, 0, -506, 50, -511, 22, -519, 40, -523, 36, -523, 50, -532, 22, -541, 40, -548, 36, -556, 0, -563, 0, -465, 20, -471, 42, -479, 32, -486, 31, -496, 20, -501, 42, -506, 32, -511, 31, -521, 0, -531, 0, -529, 19, -532, 19, -537, 0, -542, 0, -436, 23, -441, 6, -450, 23, -463, 6, -473, 0, -480, 0, -437, 10, -443, 10, -452, 0, -460, 0, -471, 49, -477, 35, -483, 18, -492, 13, -502, 49, -509, 35, -518, 18, -523, 13, -528, 0, -537, 0, -510, 25, -518, 16, -524, 45, -532, 33, -544, 25, -552, 16, -552, 41, -561, 45, -566, 41, -568, 33, -580, 0, -590, 0, -460, 2, -463, 2, -470, 0, -476, 0, -539, 38, -546, 9, -558, 47, -568, 38, -576, 9, -581, 47, -589, 0, -596, 0, -530, 34, -534, 34, -539, 0, -546, 0, -546, 24, -552, 24, -558, 0, -566, 0, -542, 39, -552, 28, -556, 39, -556, 28, -562, 0, -570, 0, -558, 43, -568, 43, -569, 0, -577, 0, -453, 29, -464, 29, -473, 0, -480, 0, -460, 1, -463, 1, -470, 0, -476, 0, -480, 17, -490, 17, -499, 0, -505]
[0, -425, 5, -431, 4, -431, 3, -431, 46, -440, 3, -445, 4, -445, 46, -454, 5, -461, 0, -471, 0, -551, 8, -556, 7, -566, 11, -573, 48, -580, 8, -580, 7, -580, 11, -586, 48, -586, 0, -593, 0, -583, 21, -588, 21, -596, 0, -602, 0, -445, 12, -448, 44, -455, 15, -466, 27, -473, 12, -474, 44, -479, 15, -485, 27, -495, 0, -502, 0, -542, 30, -547, 37, -554, 14, -559, 26, -565, 30, -572, 37, -572, 14, -576, 26, -586, 0, -596, 0, -506, 50, -511, 22, -519, 40, -523, 36, -523, 50, -532, 22, -541, 40, -548, 36, -556, 0, -563, 0, -465, 20, -471, 42, -479, 32, -486, 31, -496, 20, -501, 42, -506, 32, -511, 31, -521, 0, -531, 0, -529, 19, -532, 19, -537, 0, -542, 0, -436, 23, -441, 6, -450, 23, -463, 6, -473, 0, -480, 0, -437, 10, -443, 10, -452, 0, -460, 0, -471, 49, -477, 35, -483, 18, -492, 13, -502, 49, -509, 35, -518, 18, -523, 13, -528, 0, -537, 0, -510, 25, -518, 16, -524, 45, -532, 33, -544, 25, -552, 16, -552, 41, -561, 45, -566, 41, -568, 33, -580, 0, -590, 0, -460, 2, -463, 2, -470, 0, -476, 0, -539, 38, -546, 9, -558, 47, -568, 38, -576, 9, -581, 47, -589, 0, -596, 0, -530, 34, -534, 34, -539, 0, -546, 0, -546, 24, -552, 24, -558, 0, -566, 0, -542, 39, -552, 28, -556, 39, -556, 28, -562, 0, -570, 0, -558, 43, -568, 43, -569, 0, -577, 0, -453, 29, -464, 29, -473, 0, -480, 0, -460, 1, -463, 1, -470, 0, -476, 0, -480, 17, -490, 17, -499, 0, -505]
[0, -425, 5, -431, 4, -431, 3, -431, 46, -440, 3, -445, 4, -445, 46, -454, 5, -461, 0, -471, 0, -551, 8, -556, 7, -566, 11, -573, 48, -580, 8, -580, 7, -580, 11, -586, 48, -586, 0, -593, 0, -583, 21, -588, 21, -596, 0, -602, 0, -445, 12, -448, 44, -455, 15, -466, 27, -473, 12, -474, 44, -479, 15, -485, 27, -495, 0, -502, 0, -542, 30, -547, 37, -554, 14, -559, 26, -565, 30, -572, 37, -572, 14, -576, 26, -586, 0, -596, 0, -506, 50, -511, 22, -519, 40, -523, 36, -523, 50, -532, 22, -541, 40, -548, 36, -556, 0, -563, 0, -465, 20, -471, 42, -479, 32, -486, 31, -496, 20, -501, 42, -506, 32, -511, 31, -521, 0, -531, 0, -529, 19, -532, 19, -537, 0, -542, 0, -436, 23, -441, 6, -450, 23, -463, 6, -473, 0, -480, 0, -437, 10, -443, 10, -452, 0, -460, 0, -471, 49, -477, 35, -483, 18, -492, 13, -502, 49, -509, 35, -518, 18, -523, 13, -528, 0, -537, 0, -510, 25, -518, 16, -524, 45, -532, 33, -544, 25, -552, 16, -552, 41, -561, 45, -566, 41, -568, 33, -580, 0, -590, 0, -460, 2, -463, 2, -470, 0, -476, 0, -539, 38, -546, 9, -558, 47, -568, 38, -576, 9, -581, 47, -589, 0, -596, 0, -530, 34, -534, 34, -539, 0, -546, 0, -546, 24, -552, 24, -558, 0, -566, 0, -542, 39, -552, 28, -556, 39, -556, 28, -562, 0, -570, 0, -558, 43, -568, 43, -569, 0, -577, 0, -453, 29, -464, 29, -473, 0, -480, 0, -460, 1, -463, 1, -470, 0, -476, 0, -480, 17, -490, 17, -499, 0, -505]
[0, -425, 5, -431, 4, -431, 3, -431, 46, -440, 3, -445, 4, -445, 46, -454, 5, -461, 0, -471, 0, -551, 8, -556, 7, -566, 11, -573, 48, -580, 8, -580, 7, -580, 11, -586, 48, -586, 0, -593, 0, -583, 21, -588, 21, -596, 0, -602, 0, -445, 12, -448, 44, -455, 15, -466, 27, -473, 12, -474, 44, -479, 15, -485, 27, -495, 0, -502, 0, -542, 30, -547, 37, -554, 14, -559, 26, -565, 30, -572, 37, -572, 14, -576, 26, -586, 0, -596, 0, -506, 50, -511, 22, -519, 40, -523, 36, -523, 50, -532, 22, -541, 40, -548, 36, -556, 0, -563, 0, -465, 20, -471, 42, -479, 32, -486, 31, -496, 20, -501, 42, -506, 32, -511, 31, -521, 0, -531, 0, -529, 19, -532, 19, -537, 0, -542, 0, -436, 23, -441, 6, -450, 23, -463, 6, -473, 0, -480, 0, -437, 10, -443, 10, -452, 0, -460, 0, -471, 49, -477, 35, -483, 18, -492, 13, -502, 49, -509, 35, -518, 18, -523, 13, -528, 0, -537, 0, -510, 25, -518, 16, -524, 45, -532, 33, -544, 25, -552, 16, -552, 41, -561, 45, -566, 41, -568, 33, -580, 0, -590, 0, -460, 2, -463, 2, -470, 0, -476, 0, -539, 38, -546, 9, -558, 47, -568, 38, -576, 9, -581, 47, -589, 0, -596, 0, -530, 34, -534, 34, -539, 0, -546, 0, -546, 24, -552, 24, -558, 0, -566, 0, -542, 39, -552, 28, -556, 39, -556, 28, -562, 0, -570, 0, -558, 43, -568, 43, -569, 0, -577, 0, -453, 29, -464, 29, -473, 0, -480, 0, -460, 1, -463, 1, -470, 0, -476, 0, -480, 17, -490, 17, -499, 0, -505]
[0, -425, 5, -431, 4, -431, 3, -431, 46, -440, 3, -445, 4, -445, 46, -454, 5, -461, 0, -471, 0, -551, 8, -556, 7, -566, 11, -573, 48, -580, 8, -580, 7, -580, 11, -586, 48, -586, 0, -593, 0, -583, 21, -588, 21, -596, 0, -602, 0, -445, 12, -448, 44, -455, 15, -466, 27, -473, 12, -474, 44, -479, 15, -485, 27, -495, 0, -502, 0, -542, 30, -547, 37, -554, 14, -559, 26, -565, 30, -572, 37, -572, 14, -576, 26, -586, 0, -596, 0, -506, 50, -511, 22, -519, 40, -523, 36, -523, 50, -532, 22, -541, 40, -548, 36, -556, 0, -563, 0, -465, 20, -471, 42, -479, 32, -486, 31, -496, 20, -501, 42, -506, 32, -511, 31, -521, 0, -531, 0, -529, 19, -532, 19, -537, 0, -542, 0, -436, 23, -441, 6, -450, 23, -463, 6, -473, 0, -480, 0, -437, 10, -443, 10, -452, 0, -460, 0, -471, 49, -477, 35, -483, 18, -492, 13, -502, 49, -509, 35, -518, 18, -523, 13, -528, 0, -537, 0, -510, 25, -518, 16, -524, 45, -532, 33, -544, 25, -552, 16, -552, 41, -561, 45, -566, 41, -568, 33, -580, 0, -590, 0, -460, 2, -463, 2, -470, 0, -476, 0, -539, 38, -546, 9, -558, 47, -568, 38, -576, 9, -581, 47, -589, 0, -596, 0, -530, 34, -534, 34, -539, 0, -546, 0, -546, 24, -552, 24, -558, 0, -566, 0, -542, 39, -552, 28, -556, 39, -556, 28, -562, 0, -570, 0, -558, 43, -568, 43, -569, 0, -577, 0, -453, 29, -464, 29, -473, 0, -480, 0, -460, 1, -463, 1, -470, 0, -476, 0, -480, 17, -490, 17, -499, 0, -505]
[0, -425, 5, -431, 4, -431, 3, -431, 46, -440, 3, -445, 4, -445, 46, -454, 5, -461, 0, -471, 0, -551, 8, -556, 7, -566, 11, -573, 48, -580, 8, -580, 7, -580, 11, -586, 48, -586, 0, -593, 0, -583, 21, -588, 21, -596, 0, -602, 0, -445, 12, -448, 44, -455, 15, -466, 27, -473, 12, -474, 44, -479, 15, -485, 27, -495, 0, -502, 0, -542, 30, -547, 37, -554, 14, -559, 26, -565, 30, -572, 37, -572, 14, -576, 26, -586, 0, -596, 0, -506, 50, -511, 22, -519, 40, -523, 36, -523, 50, -532, 22, -541, 40, -548, 36, -556, 0, -563, 0, -465, 20, -471, 42, -479, 32, -486, 31, -496, 20, -501, 42, -506, 32, -511, 31, -521, 0, -531, 0, -529, 19, -532, 19, -537, 0, -542, 0, -436, 23, -441, 6, -450, 23, -463, 6, -473, 0, -480, 0, -437, 10, -443, 10, -452, 0, -460, 0, -471, 49, -477, 35, -483, 18, -492, 13, -502, 49, -509, 35, -518, 18, -523, 13, -528, 0, -537, 0, -510, 25, -518, 16, -524, 45, -532, 33, -544, 25, -552, 16, -552, 41, -561, 45, -566, 41, -568, 33, -580, 0, -590, 0, -460, 2, -463, 2, -470, 0, -476, 0, -539, 38, -546, 9, -558, 47, -568, 38, -576, 9, -581, 47, -589, 0, -596, 0, -530, 34, -534, 34, -539, 0, -546, 0, -546, 24, -552, 24, -558, 0, -566, 0, -542, 39, -552, 28, -556, 39, -556, 28, -562, 0, -570, 0, -558, 43, -568, 43, -569, 0, -577, 0, -453, 29, -464, 29, -473, 0, -480, 0, -460, 1, -463, 1, -470, 0, -476, 0, -480, 17, -490, 17, -499, 0, -505]
[0, -425, 5, -431, 4, -431, 3, -431, 46, -440, 3, -445, 4, -445, 46, -454, 5, -461, 0, -471, 0, -551, 8, -556, 7, -566, 11, -573, 48, -580, 8, -580, 7, -580, 11, -586, 48, -586, 0, -593, 0, -583, 21, -588, 21, -596, 0, -602, 0, -445, 12, -448, 44, -455, 15, -466, 27, -473, 12, -474, 44, -479, 15, -485, 27, -495, 0, -502, 0, -542, 30, -547, 37, -554, 14, -559, 26, -565, 30, -572, 37, -572, 14, -576, 26, -586, 0, -596, 0, -506, 50, -511, 22, -519, 40, -523, 36, -523, 50, -532, 22, -541, 40, -548, 36, -556, 0, -563, 0, -465, 20, -471, 42, -479, 32, -486, 31, -496, 20, -501, 42, -506, 32, -511, 31, -521, 0, -531, 0, -529, 19, -532, 19, -537, 0, -542, 0, -436, 23, -441, 6, -450, 23, -463, 6, -473, 0, -480, 0, -437, 10, -443, 10, -452, 0, -460, 0, -471, 49, -477, 35, -483, 18, -492, 13, -502, 49, -509, 35, -518, 18, -523, 13, -528, 0, -537, 0, -510, 25, -518, 16, -524, 45, -532, 33, -544, 25, -552, 16, -552, 41, -561, 45, -566, 41, -568, 33, -580, 0, -590, 0, -460, 2, -463, 2, -470, 0, -476, 0, -539, 38, -546, 9, -558, 47, -568, 38, -576, 9, -581, 47, -589, 0, -596, 0, -530, 34, -534, 34, -539, 0, -546, 0, -546, 24, -552, 24, -558, 0, -566, 0, -542, 39, -552, 28, -556, 39, -556, 28, -562, 0, -570, 0, -558, 43, -568, 43, -569, 0, -577, 0, -453, 29, -464, 29, -473, 0, -480, 0, -460, 1, -463, 1, -470, 0, -476, 0, -480, 17, -490, 17, -499, 0, -505]
[0, -425, 5, -431, 4, -431, 3, -431, 46, -440, 3, -445, 4, -445, 46, -454, 5, -461, 0, -471, 0, -551, 8, -556, 7, -566, 11, -573, 48, -580, 8, -580, 7, -580, 11, -586, 48, -586, 0, -593, 0, -583, 21, -588, 21, -596, 0, -602, 0, -445, 12, -448, 44, -455, 15, -466, 27, -473, 12, -474, 44, -479, 15, -485, 27, -495, 0, -502, 0, -542, 30, -547, 37, -554, 14, -559, 26, -565, 30, -572, 37, -572, 14, -576, 26, -586, 0, -596, 0, -506, 50, -511, 22, -519, 40, -523, 36, -523, 50, -532, 22, -541, 40, -548, 36, -556, 0, -563, 0, -465, 20, -471, 42, -479, 32, -486, 31, -496, 20, -501, 42, -506, 32, -511, 31, -521, 0, -531, 0, -529, 19, -532, 19, -537, 0, -542, 0, -436, 23, -441, 6, -450, 23, -463, 6, -473, 0, -480, 0, -437, 10, -443, 10, -452, 0, -460, 0, -471, 49, -477, 35, -483, 18, -492, 13, -502, 49, -509, 35, -518, 18, -523, 13, -528, 0, -537, 0, -510, 25, -518, 16, -524, 45, -532, 33, -544, 25, -552, 16, -552, 41, -561, 45, -566, 41, -568, 33, -580, 0, -590, 0, -460, 2, -463, 2, -470, 0, -476, 0, -539, 38, -546, 9, -558, 47, -568, 38, -576, 9, -581, 47, -589, 0, -596, 0, -530, 34, -534, 34, -539, 0, -546, 0, -546, 24, -552, 24, -558, 0, -566, 0, -542, 39, -552, 28, -556, 39, -556, 28, -562, 0, -570, 0, -558, 43, -568, 43, -569, 0, -577, 0, -453, 29, -464, 29, -473, 0, -480, 0, -460, 1, -463, 1, -470, 0, -476, 0, -480, 17, -490, 17, -499, 0, -505]
[0, -425, 5, -431, 4, -431, 3, -431, 46, -440, 3, -445, 4, -445, 46, -454, 5, -461, 0, -471, 0, -551, 8, -556, 7, -566, 11, -573, 48, -580, 8, -580, 7, -580, 11, -586, 48, -586, 0, -593, 0, -583, 21, -588, 21, -596, 0, -602, 0, -445, 12, -448, 44, -455, 15, -466, 27, -473, 12, -474, 44, -479, 15, -485, 27, -495, 0, -502, 0, -542, 30, -547, 37, -554, 14, -559, 26, -565, 30, -572, 37, -572, 14, -576, 26, -586, 0, -596, 0, -506, 50, -511, 22, -519, 40, -523, 36, -523, 50, -532, 22, -541, 40, -548, 36, -556, 0, -563, 0, -465, 20, -471, 42, -479, 32, -486, 31, -496, 20, -501, 42, -506, 32, -511, 31, -521, 0, -531, 0, -529, 19, -532, 19, -537, 0, -542, 0, -436, 23, -441, 6, -450, 23, -463, 6, -473, 0, -480, 0, -437, 10, -443, 10, -452, 0, -460, 0, -471, 49, -477, 35, -483, 18, -492, 13, -502, 49, -509, 35, -518, 18, -523, 13, -528, 0, -537, 0, -510, 25, -518, 16, -524, 45, -532, 33, -544, 25, -552, 16, -552, 41, -561, 45, -566, 41, -568, 33, -580, 0, -590, 0, -460, 2, -463, 2, -470, 0, -476, 0, -539, 38, -546, 9, -558, 47, -568, 38, -576, 9, -581, 47, -589, 0, -596, 0, -530, 34, -534, 34, -539, 0, -546, 0, -546, 24, -552, 24, -558, 0, -566, 0, -542, 39, -552, 28, -556, 39, -556, 28, -562, 0, -570, 0, -558, 43, -568, 43, -569, 0, -577, 0, -453, 29, -464, 29, -473, 0, -480, 0, -460, 1, -463, 1, -470, 0, -476, 0, -480, 17, -490, 17, -499, 0, -505]
[0, -427, 5, -433, 4, -433, 3, -433, 4, -445, 3, -445, 46, -452, 46, -458, 5, -465, 0, -475, 0, -551, 8, -556, 7, -566, 11, -573, 48, -580, 8, -580, 7, -580, 11, -586, 48, -586, 0, -593, 0, -583, 21, -588, 21, -596, 0, -602, 0, -445, 12, -448, 44, -455, 15, -466, 27, -473, 12, -474, 44, -479, 15, -485, 27, -495, 0, -502, 0, -542, 30, -547, 37, -554, 14, -559, 26, -565, 30, -572, 37, -572, 14, -576, 26, -586, 0, -596, 0, -506, 50, -511, 22, -519, 40, -523, 36, -523, 50, -532, 22, -541, 40, -548, 36, -556, 0, -563, 0, -465, 20, -471, 42, -479, 32, -486, 31, -496, 20, -501, 42, -506, 32, -511, 31, -521, 0, -531, 0, -436, 23, -441, 6, -450, 23, -463, 6, -473, 0, -480, 0, -437, 10, -443, 10, -452, 0, -460, 0, -471, 49, -477, 35, -483, 18, -492, 13, -502, 49, -509, 35, -518, 18, -523, 13, -528, 0, -537, 0, -510, 25, -518, 16, -524, 45, -532, 33, -544, 25, -552, 16, -552, 41, -561, 45, -566, 41, -568, 33, -580, 0, -590, 0, -460, 2, -463, 2, -470, 0, -476, 0, -539, 38, -546, 9, -558, 47, -568, 38, -576, 9, -581, 47, -589, 0, -596, 0, -530, 34, -534, 34, -539, 0, -546, 0, -524, 19, -527, 24, -531, 19, -537, 24, -547, 0, -555, 0, -542, 39, -552, 28, -556, 39, -556, 28, -562, 0, -570, 0, -558, 43, -568, 43, -569, 0, -577, 0, -453, 29, -464, 29, -473, 0, -480, 0, -460, 1, -463, 1, -470, 0, -476, 0, -480, 17, -490, 17, -499, 0, -505]
[0, -418, 46, -423, 4, -433, 3, -433, 4, -445, 3, -445, 5, -453, 46, -464, 5, -471, 0, -481, 0, -551, 8, -556, 7, -566, 11, -573, 48, -580, 8, -580, 7, -580, 11, -586, 48, -586, 0, -593, 0, -583, 21, -588, 21, -596, 0, -602, 0, -445, 12, -448, 44, -455, 15, -466, 27, -473, 12, -474, 44, -479, 15, -485, 27, -495, 0, -502, 0, -542, 30, -547, 37, -554, 14, -559, 26, -565, 30, -572, 37, -572, 14, -576, 26, -586, 0, -596, 0, -506, 50, -511, 22, -519, 40, -523, 36, -523, 50, -532, 22, -541, 40, -548, 36, -556, 0, -563, 0, -465, 20, -471, 42, -479, 32, -486, 31, -496, 20, -501, 42, -506, 32, -511, 31, -521, 0, -531, 0, -436, 23, -441, 6, -450, 23, -463, 6, -473, 0, -480, 0, -437, 10, -443, 10, -452, 0, -460, 0, -471, 49, -477, 35, -483, 18, -492, 13, -502, 49, -509, 35, -518, 18, -523, 13, -528, 0, -537, 0, -510, 25, -518, 16, -524, 45, -532, 33, -544, 25, -552, 16, -552, 41, -561, 45, -566, 41, -568, 33, -580, 0, -590, 0, -460, 2, -463, 2, -470, 0, -476, 0, -539, 38, -546, 9, -558, 47, -568, 38, -576, 9, -581, 47, -589, 0, -596, 0, -521, 34, -525, 19, -532, 19, -537, 34, -544, 0, -551, 0, -546, 24, -552, 24, -558, 0, -566, 0, -542, 39, -552, 28, -556, 39, -556, 28, -562, 0, -570, 0, -558, 43, -568, 43, -569, 0, -577, 0, -453, 29, -464, 29, -473, 0, -480, 0, -460, 1, -463, 1, -470, 0, -476, 0, -480, 17, -490, 17, -499, 0, -505]
[0, -418, 46, -423, 4, -433, 3, -433, 4, -445, 3, -445, 5, -453, 46, -464, 5, -471, 0, -481, 0, -551, 8, -556, 7, -566, 11, -573, 48, -580, 8, -580, 7, -580, 11, -586, 48, -586, 0, -593, 0, -583, 21, -588, 21, -596, 0, -602, 0, -445, 12, -448, 44, -455, 15, -466, 27, -473, 12, -474, 44, -479, 15, -485, 27, -495, 0, -502, 0, -542, 30, -547, 37, -554, 14, -559, 26, -565, 30, -572, 37, -572, 14, -576, 26, -586, 0, -596, 0, -506, 50, -511, 22, -519, 40, -523, 36, -523, 50, -532, 22, -541, 40, -548, 36, -556, 0, -563, 0, -465, 20, -471, 42, -479, 32, -486, 31, -496, 20, -501, 42, -506, 32, -511, 31, -521, 0, -531, 0, -436, 23, -441, 6, -450, 23, -463, 6, -473, 0, -480, 0, -437, 10, -443, 10, -452, 0, -460, 0, -471, 49, -477, 35, -483, 18, -492, 13, -502, 49, -509, 35, -518, 18, -523, 13, -528, 0, -537, 0, -510, 25, -518, 16, -524, 45, -532, 33, -544, 25, -552, 16, -552, 41, -561, 45, -566, 41, -568, 33, -580, 0, -590, 0, -460, 2, -463, 2, -470, 0, -476, 0, -539, 38, -546, 9, -558, 47, -568, 38, -576, 9, -581, 47, -589, 0, -596, 0, -521, 34, -525, 19, -532, 19, -537, 34, -544, 0, -551, 0, -546, 24, -552, 24, -558, 0, -566, 0, -542, 39, -552, 28, -556, 39, -556, 28, -562, 0, -570, 0, -558, 43, -568, 43, -569, 0, -577, 0, -453, 29, -464, 29, -473, 0, -480, 0, -460, 1, -463, 1, -470, 0, -476, 0, -480, 17, -490, 17, -499, 0, -505]
[0, -418, 46, -423, 4, -433, 3, -433, 4, -445, 3, -445, 5, -453, 46, -464, 5, -471, 0, -481, 0, -551, 8, -556, 7, -566, 11, -573, 48, -580, 8, -580, 7, -580, 11, -586, 48, -586, 0, -593, 0, -583, 21, -588, 21, -596, 0, -602, 0, -445, 12, -448, 44, -455, 15, -466, 27, -473, 12, -474, 44, -479, 15, -485, 27, -495, 0, -502, 0, -542, 30, -547, 37, -554, 14, -559, 26, -565, 30, -572, 37, -572, 14, -576, 26, -586, 0, -596, 0, -506, 50, -511, 22, -519, 40, -523, 36, -523, 50, -532, 22, -541, 40, -548, 36, -556, 0, -563, 0, -465, 20, -471, 42, -479, 32, -486, 31, -496, 20, -501, 42, -506, 32, -511, 31, -521, 0, -531, 0, -436, 23, -441, 6, -450, 23, -463, 6, -473, 0, -480, 0, -437, 10, -443, 10, -452, 0, -460, 0, -471, 49, -477, 35, -483, 18, -492, 13, -502, 49, -509, 35, -518, 18, -523, 13, -528, 0, -537, 0, -510, 25, -518, 16, -524, 45, -532, 33, -544, 25, -552, 16, -552, 41, -561, 45, -566, 41, -568, 33, -580, 0, -590, 0, -460, 2, -463, 2, -470, 0, -476, 0, -539, 38, -546, 9, -558, 47, -568, 38, -576, 9, -581, 47, -589, 0, -596, 0, -521, 34, -525, 19, -532, 19, -537, 34, -544, 0, -551, 0, -546, 24, -552, 24, -558, 0, -566, 0, -542, 39, -552, 28, -556, 39, -556, 28, -562, 0, -570, 0, -558, 43, -568, 43, -569, 0, -577, 0, -453, 29, -464, 29, -473, 0, -480, 0, -460, 1, -463, 1, -470, 0, -476, 0, -480, 17, -490, 17, -499, 0, -505]
[0, -418, 46, -423, 4, -433, 3, -433, 4, -445, 3, -445, 5, -453, 46, -464, 5, -471, 0, -481, 0, -551, 8, -556, 7, -566, 11, -573, 48, -580, 8, -580, 7, -580, 11, -586, 48, -586, 0, -593, 0, -583, 21, -588, 21, -596, 0, -602, 0, -445, 12, -448, 44, -455, 15, -466, 27, -473, 12, -474, 44, -479, 15, -485, 27, -495, 0, -502, 0, -542, 30, -547, 37, -554, 14, -559, 26, -565, 30, -572, 37, -572, 14, -576, 26, -586, 0, -596, 0, -506, 50, -511, 22, -519, 40, -523, 36, -523, 50, -532, 22, -541, 40, -548, 36, -556, 0, -563, 0, -465, 20, -471, 42, -479, 32, -486, 31, -496, 20, -501, 42, -506, 32, -511, 31, -521, 0, -531, 0, -436, 23, -441, 6, -450, 23, -463, 6, -473, 0, -480, 0, -437, 10, -443, 10, -452, 0, -460, 0, -471, 49, -477, 35, -483, 18, -492, 13, -502, 49, -509, 35, -518, 18, -523, 13, -528, 0, -537, 0, -510, 25, -518, 16, -524, 45, -532, 33, -544, 25, -552, 16, -552, 41, -561, 45, -566, 41, -568, 33, -580, 0, -590, 0, -460, 2, -463, 2, -470, 0, -476, 0, -539, 38, -546, 9, -558, 47, -568, 38, -576, 9, -581, 47, -589, 0, -596, 0, -521, 34, -525, 19, -532, 19, -537, 34, -544, 0, -551, 0, -546, 24, -552, 24, -558, 0, -566, 0, -542, 39, -552, 28, -556, 39, -556, 28, -562, 0, -570, 0, -558, 43, -568, 43, -569, 0, -577, 0, -453, 29, -464, 29, -473, 0, -480, 0, -460, 1, -463, 1, -470, 0, -476, 0, -480, 17, -490, 17, -499, 0, -505]
[0, -418, 46, -423, 4, -433, 3, -433, 4, -445, 3, -445, 5, -453, 46, -464, 5, -471, 0, -481, 0, -551, 8, -556, 7, -566, 11, -573, 48, -580, 8, -580, 7, -580, 11, -586, 48, -586, 0, -593, 0, -583, 21, -588, 21, -596, 0, -602, 0, -445, 12, -448, 44, -455, 15, -466, 27, -473, 12, -474, 44, -479, 15, -485, 27, -495, 0, -502, 0, -542, 30, -547, 37, -554, 14, -559, 26, -565, 30, -572, 37, -572, 14, -576, 26, -586, 0, -596, 0, -506, 50, -511, 22, -519, 40, -523, 36, -523, 50, -532, 22, -541, 40, -548, 36, -556, 0, -563, 0, -465, 20, -471, 42, -479, 32, -486, 31, -496, 20, -501, 42, -506, 32, -511, 31, -521, 0, -531, 0, -436, 23, -441, 6, -450, 23, -463, 6, -473, 0, -480, 0, -437, 10, -443, 10, -452, 0, -460, 0, -471, 49, -477, 35, -483, 18, -492, 13, -502, 49, -509, 35, -518, 18, -523, 13, -528, 0, -537, 0, -510, 25, -518, 16, -524, 45, -532, 33, -544, 25, -552, 16, -552, 41, -561, 45, -566, 41, -568, 33, -580, 0, -590, 0, -460, 2, -463, 2, -470, 0, -476, 0, -539, 38, -546, 9, -558, 47, -568, 38, -576, 9, -581, 47, -589, 0, -596, 0, -521, 34, -525, 19, -532, 19, -537, 34, -544, 0, -551, 0, -546, 24, -552, 24, -558, 0, -566, 0, -542, 39, -552, 28, -556, 39, -556, 28, -562, 0, -570, 0, -558, 43, -568, 43, -569, 0, -577, 0, -453, 29, -464, 29, -473, 0, -480, 0, -460, 1, -463, 1, -470, 0, -476, 0, -480, 17, -490, 17, -499, 0, -505]
[0, -418, 46, -423, 4, -433, 3, -433, 4, -445, 3, -445, 5, -453, 46, -464, 5, -471, 0, -481, 0, -551, 8, -556, 7, -566, 11, -573, 48, -580, 8, -580, 7, -580, 11, -586, 48, -586, 0, -593, 0, -583, 21, -588, 21, -596, 0, -602, 0, -445, 12, -448, 44, -455, 15, -466, 27, -473, 12, -474, 44, -479, 15, -485, 27, -495, 0, -502, 0, -542, 30, -547, 37, -554, 14, -559, 26, -565, 30, -572, 37, -572, 14, -576, 26, -586, 0, -596, 0, -506, 50, -511, 22, -519, 40, -523, 36, -523, 50, -532, 22, -541, 40, -548, 36, -556, 0, -563, 0, -465, 20, -471, 42, -479, 32, -486, 31, -496, 20, -501, 42, -506, 32, -511, 31, -521, 0, -531, 0, -436, 23, -441, 6, -450, 23, -463, 6, -473, 0, -480, 0, -437, 10, -443, 10, -452, 0, -460, 0, -471, 49, -477, 35, -483, 18, -492, 13, -502, 49, -509, 35, -518, 18, -523, 13, -528, 0, -537, 0, -510, 25, -518, 16, -524, 45, -532, 33, -544, 25, -552, 16, -552, 41, -561, 45, -566, 41, -568, 33, -580, 0, -590, 0, -460, 2, -463, 2, -470, 0, -476, 0, -539, 38, -546, 9, -558, 47, -568, 38, -576, 9, -581, 47, -589, 0, -596, 0, -521, 34, -525, 19, -532, 19, -537, 34, -544, 0, -551, 0, -546, 24, -552, 24, -558, 0, -566, 0, -542, 39, -552, 28, -556, 39, -556, 28, -562, 0, -570, 0, -558, 43, -568, 43, -569, 0, -577, 0, -453, 29, -464, 29, -473, 0, -480, 0, -460, 1, -463, 1, -470, 0, -476, 0, -480, 17, -490, 17, -499, 0, -505]
[0, -425, 3, -431, 4, -431, 46, -440, 4, -445, 3, -445, 5, -453, 46, -464, 5, -471, 0, -481, 0, -549, 8, -554, 7, -564, 48, -572, 48, -578, 8, -586, 7, -586, 11, -587, 11, -595, 0, -602, 0, -583, 21, -588, 21, -596, 0, -602, 0, -445, 12, -448, 44, -455, 15, -466, 27, -473, 12, -474, 44, -479, 15, -485, 27, -495, 0, -502, 0, -542, 30, -547, 37, -554, 14, -559, 26, -565, 30, -572, 37, -572, 14, -576, 26, -586, 0, -596, 0, -506, 50, -511, 22, -519, 40, -523, 36, -523, 50, -532, 22, -541, 40, -548, 36, -556, 0, -563, 0, -465, 20, -471, 42, -479, 32, -486, 31, -496, 20, -501, 42, -506, 32, -511, 31, -521, 0, -531, 0, -436, 23, -441, 6, -450, 23, -463, 6, -473, 0, -480, 0, -437, 10, -443, 10, -452, 0, -460, 0, -471, 49, -477, 35, -483, 18, -492, 13, -502, 49, -509, 35, -518, 18, -523, 13, -528, 0, -537, 0, -510, 25, -518, 16, -524, 45, -532, 33, -544, 25, -552, 16, -552, 41, -561, 45, -566, 41, -568, 33, -580, 0, -590, 0, -460, 2, -463, 1, -463, 1, -470, 2, -470, 0, -476, 0, -539, 38, -546, 9, -558, 47, -568, 38, -576, 9, -581, 47, -589, 0, -596, 0, -521, 34, -525, 19, -532, 19, -537, 34, -544, 0, -551, 0, -546, 24, -552, 24, -558, 0, -566, 0, -542, 39, -552, 28, -556, 39, -556, 28, -562, 0, -570, 0, -558, 43, -568, 43, -569, 0, -577, 0, -453, 29, -464, 29, -473, 0, -480, 0, -480, 17, -490, 17, -499, 0, -505]
[0, -425, 3, -431, 4, -431, 46, -440, 4, -445, 3, -445, 5, -453, 46, -464, 5, -471, 0, -481, 0, -549, 8, -554, 7, -564, 48, -572, 48, -578, 8, -586, 7, -586, 11, -587, 11, -595, 0, -602, 0, -583, 21, -588, 21, -596, 0, -602, 0, -445, 12, -448, 44, -455, 15, -466, 27, -473, 12, -474, 44, -479, 15, -485, 27, -495, 0, -502, 0, -542, 30, -547, 37, -554, 14, -559, 26, -565, 30, -572, 37, -572, 14, -576, 26, -586, 0, -596, 0, -506, 50, -511, 22, -519, 40, -523, 36, -523, 50, -532, 22, -541, 40, -548, 36, -556, 0, -563, 0, -465, 20, -471, 42, -479, 32, -486, 31, -496, 20, -501, 42, -506, 32, -511, 31, -521, 0, -531, 0, -436, 23, -441, 6, -450, 23, -463, 6, -473, 0, -480, 0, -437, 10, -443, 10, -452, 0, -460, 0, -471, 49, -477, 35, -483, 18, -492, 13, -502, 49, -509, 35, -518, 18, -523, 13, -528, 0, -537, 0, -510, 25, -518, 16, -524, 45, -532, 33, -544, 25, -552, 16, -552, 41, -561, 45, -566, 41, -568, 33, -580, 0, -590, 0, -460, 2, -463, 1, -463, 1, -470, 2, -470, 0, -476, 0, -539, 38, -546, 9, -558, 47, -568, 38, -576, 9, -581, 47, -589, 0, -596, 0, -521, 34, -525, 19, -532, 19, -537, 34, -544, 0, -551, 0, -546, 24, -552, 24, -558, 0, -566, 0, -542, 39, -552, 28, -556, 39, -556, 28, -562, 0, -570, 0, -558, 43, -568, 43, -569, 0, -577, 0, -453, 29, -464, 29, -473, 0, -480, 0, -480, 17, -490, 17, -499, 0, -505]
[0, -425, 3, -431, 4, -431, 46, -440, 4, -445, 3, -445, 5, -453, 46, -464, 5, -471, 0, -481, 0, -549, 8, -554, 7, -564, 48, -572, 48, -578, 8, -586, 7, -586, 11, -587, 11, -595, 0, -602, 0, -583, 21, -588, 21, -596, 0, -602, 0, -445, 12, -448, 44, -455, 15, -466, 27, -473, 12, -474, 44, -479, 15, -485, 27, -495, 0, -502, 0, -542, 30, -547, 37, -554, 14, -559, 26, -565, 30, -572, 37, -572, 14, -576, 26, -586, 0, -596, 0, -506, 50, -511, 22, -519, 40, -523, 36, -523, 50, -532, 22, -541, 40, -548, 36, -556, 0, -563, 0, -465, 20, -471, 42, -479, 32, -486, 31, -496, 20, -501, 42, -506, 32, -511, 31, -521, 0, -531, 0, -436, 23, -441, 6, -450, 23, -463, 6, -473, 0, -480, 0, -437, 10, -443, 10, -452, 0, -460, 0, -471, 49, -477, 35, -483, 18, -492, 13, -502, 49, -509, 35, -518, 18, -523, 13, -528, 0, -537, 0, -510, 25, -518, 16, -524, 45, -532, 33, -544, 25, -552, 16, -552, 41, -561, 45, -566, 41, -568, 33, -580, 0, -590, 0, -460, 2, -463, 1, -463, 1, -470, 2, -470, 0, -476, 0, -539, 38, -546, 9, -558, 47, -568, 38, -576, 9, -581, 47, -589, 0, -596, 0, -521, 34, -525, 19, -532, 19, -537, 34, -544, 0, -551, 0, -546, 24, -552, 24, -558, 0, -566, 0, -542, 39, -552, 28, -556, 39, -556, 28, -562, 0, -570, 0, -558, 43, -568, 43, -569, 0, -577, 0, -453, 29, -464, 29, -473, 0, -480, 0, -480, 17, -490, 17, -499, 0, -505]
[0, -425, 3, -431, 4, -431, 46, -440, 4, -445, 3, -445, 5, -453, 46, -464, 5, -471, 0, -481, 0, -549, 8, -554, 7, -564, 48, -572, 48, -578, 8, -586, 7, -586, 11, -587, 11, -595, 0, -602, 0, -583, 21, -588, 21, -596, 0, -602, 0, -445, 12, -448, 44, -455, 15, -466, 27, -473, 12, -474, 44, -479, 15, -485, 27, -495, 0, -502, 0, -542, 30, -547, 37, -554, 14, -559, 26, -565, 30, -572, 37, -572, 14, -576, 26, -586, 0, -596, 0, -506, 50, -511, 22, -519, 40, -523, 36, -523, 50, -532, 22, -541, 40, -548, 36, -556, 0, -563, 0, -465, 20, -471, 42, -479, 32, -486, 31, -496, 20, -501, 42, -506, 32, -511, 31, -521, 0, -531, 0, -436, 23, -441, 6, -450, 23, -463, 6, -473, 0, -480, 0, -437, 10, -443, 10, -452, 0, -460, 0, -471, 49, -477, 35, -483, 18, -492, 13, -502, 49, -509, 35, -518, 18, -523, 13, -528, 0, -537, 0, -510, 25, -518, 16, -524, 45, -532, 33, -544, 25, -552, 16, -552, 41, -561, 45, -566, 41, -568, 33, -580, 0, -590, 0, -460, 2, -463, 1, -463, 1, -470, 2, -470, 0, -476, 0, -539, 38, -546, 9, -558, 47, -568, 38, -576, 9, -581, 47, -589, 0, -596, 0, -521, 34, -525, 19, -532, 19, -537, 34, -544, 0, -551, 0, -546, 24, -552, 24, -558, 0, -566, 0, -542, 39, -552, 28, -556, 39, -556, 28, -562, 0, -570, 0, -558, 43, -568, 43, -569, 0, -577, 0, -453, 29, -464, 29, -473, 0, -480, 0, -480, 17, -490, 17, -499, 0, -505]
[0, -425, 3, -431, 4, -431, 46, -440, 4, -445, 3, -445, 5, -453, 46, -464, 5, -471, 0, -481, 0, -549, 8, -554, 7, -564, 48, -572, 48, -578, 8, -586, 7, -586, 11, -587, 11, -595, 0, -602, 0, -583, 21, -588, 21, -596, 0, -602, 0, -445, 12, -448, 44, -455, 15, -466, 27, -473, 12, -474, 44, -479, 15, -485, 27, -495, 0, -502, 0, -542, 30, -547, 37, -554, 14, -559, 26, -565, 30, -572, 37, -572, 14, -576, 26, -586, 0, -596, 0, -506, 50, -511, 22, -519, 40, -523, 36, -523, 50, -532, 22, -541, 40, -548, 36, -556, 0, -563, 0, -465, 20, -471, 42, -479, 32, -486, 31, -496, 20, -501, 42, -506, 32, -511, 31, -521, 0, -531, 0, -436, 23, -441, 6, -450, 23, -463, 6, -473, 0, -480, 0, -437, 10, -443, 10, -452, 0, -460, 0, -471, 49, -477, 35, -483, 18, -492, 13, -502, 49, -509, 35, -518, 18, -523, 13, -528, 0, -537, 0, -510, 25, -518, 16, -524, 45, -532, 33, -544, 25, -552, 16, -552, 41, -561, 45, -566, 41, -568, 33, -580, 0, -590, 0, -460, 2, -463, 1, -463, 1, -470, 2, -470, 0, -476, 0, -539, 38, -546, 9, -558, 47, -568, 38, -576, 9, -581, 47, -589, 0, -596, 0, -521, 34, -525, 19, -532, 19, -537, 34, -544, 0, -551, 0, -546, 24, -552, 24, -558, 0, -566, 0, -542, 39, -552, 28, -556, 39, -556, 28, -562, 0, -570, 0, -558, 43, -568, 43, -569, 0, -577, 0, -453, 29, -464, 29, -473, 0, -480, 0, -480, 17, -490, 17, -499, 0, -505]
[0, -425, 3, -431, 4, -431, 46, -440, 4, -445, 3, -445, 5, -453, 46, -464, 5, -471, 0, -481, 0, -549, 8, -554, 7, -564, 48, -572, 48, -578, 8, -586, 7, -586, 11, -587, 11, -595, 0, -602, 0, -583, 21, -588, 21, -596, 0, -602, 0, -445, 12, -448, 44, -455, 15, -466, 27, -473, 12, -474, 44, -479, 15, -485, 27, -495, 0, -502, 0, -542, 30, -547, 37, -554, 14, -559, 26, -565, 30, -572, 37, -572, 14, -576, 26, -586, 0, -596, 0, -506, 50, -511, 22, -519, 40, -523, 36, -523, 50, -532, 22, -541, 40, -548, 36, -556, 0, -563, 0, -465, 20, -471, 42, -479, 32, -486, 31, -496, 20, -501, 42, -506, 32, -511, 31, -521, 0, -531, 0, -436, 23, -441, 6, -450, 23, -463, 6, -473, 0, -480, 0, -437, 10, -443, 10, -452, 0, -460, 0, -471, 49, -477, 35, -483, 18, -492, 13, -502, 49, -509, 35, -518, 18, -523, 13, -528, 0, -537, 0, -510, 25, -518, 16, -524, 45, -532, 33, -544, 25, -552, 16, -552, 41, -561, 45, -566, 41, -568, 33, -580, 0, -590, 0, -460, 2, -463, 1, -463, 1, -470, 2, -470, 0, -476, 0, -539, 38, -546, 9, -558, 47, -568, 38, -576, 9, -581, 47, -589, 0, -596, 0, -521, 34, -525, 19, -532, 19, -537, 34, -544, 0, -551, 0, -546, 24, -552, 24, -558, 0, -566, 0, -542, 39, -552, 28, -556, 39, -556, 28, -562, 0, -570, 0, -558, 43, -568, 43, -569, 0, -577, 0, -453, 29, -464, 29, -473, 0, -480, 0, -480, 17, -490, 17, -499, 0, -505]
[0, -425, 3, -431, 4, -431, 46, -440, 4, -445, 3, -445, 5, -453, 46, -464, 5, -471, 0, -481, 0, -549, 8, -554, 7, -564, 48, -572, 48, -578, 8, -586, 7, -586, 11, -587, 11, -595, 0, -602, 0, -583, 21, -588, 21, -596, 0, -602, 0, -445, 12, -448, 44, -455, 15, -466, 27, -473, 12, -474, 44, -479, 15, -485, 27, -495, 0, -502, 0, -542, 30, -547, 37, -554, 14, -559, 26, -565, 30, -572, 37, -572, 14, -576, 26, -586, 0, -596, 0, -506, 50, -511, 22, -519, 40, -523, 36, -523, 50, -532, 22, -541, 40, -548, 36, -556, 0, -563, 0, -465, 20, -471, 42, -479, 32, -486, 31, -496, 20, -501, 42, -506, 32, -511, 31, -521, 0, -531, 0, -436, 23, -441, 6, -450, 23, -463, 6, -473, 0, -480, 0, -437, 10, -443, 10, -452, 0, -460, 0, -471, 49, -477, 35, -483, 18, -492, 13, -502, 49, -509, 35, -518, 18, -523, 13, -528, 0, -537, 0, -510, 25, -518, 16, -524, 45, -532, 33, -544, 25, -552, 16, -552, 41, -561, 45, -566, 41, -568, 33, -580, 0, -590, 0, -460, 2, -463, 1, -463, 1, -470, 2, -470, 0, -476, 0, -539, 38, -546, 9, -558, 47, -568, 38, -576, 9, -581, 47, -589, 0, -596, 0, -521, 34, -525, 19, -532, 19, -537, 34, -544, 0, -551, 0, -546, 24, -552, 24, -558, 0, -566, 0, -542, 39, -552, 28, -556, 39, -556, 28, -562, 0, -570, 0, -558, 43, -568, 43, -569, 0, -577, 0, -453, 29, -464, 29, -473, 0, -480, 0, -480, 17, -490, 17, -499, 0, -505]
[0, -425, 3, -431, 4, -431, 46, -440, 4, -445, 3, -445, 5, -453, 46, -464, 5, -471, 0, -481, 0, -549, 8, -554, 7, -564, 48, -572, 48, -578, 8, -586, 7, -586, 11, -587, 11, -595, 0, -602, 0, -583, 21, -588, 21, -596, 0, -602, 0, -445, 12, -448, 44, -455, 15, -466, 27, -473, 12, -474, 44, -479, 15, -485, 27, -495, 0, -502, 0, -542, 30, -547, 37, -554, 14, -559, 26, -565, 30, -572, 37, -572, 14, -576, 26, -586, 0, -596, 0, -506, 50, -511, 22, -519, 40, -523, 36, -523, 50, -532, 22, -541, 40, -548, 36, -556, 0, -563, 0, -465, 20, -471, 42, -479, 32, -486, 31, -496, 20, -501, 42, -506, 32, -511, 31, -521, 0, -531, 0, -436, 23, -441, 6, -450, 23, -463, 6, -473, 0, -480, 0, -437, 10, -443, 10, -452, 0, -460, 0, -471, 49, -477, 35, -483, 18, -492, 13, -502, 49, -509, 35, -518, 18, -523, 13, -528, 0, -537, 0, -510, 25, -518, 16, -524, 45, -532, 33, -544, 25, -552, 16, -552, 41, -561, 45, -566, 41, -568, 33, -580, 0, -590, 0, -460, 2, -463, 1, -463, 1, -470, 2, -470, 0, -476, 0, -539, 38, -546, 9, -558, 47, -568, 38, -576, 9, -581, 47, -589, 0, -596, 0, -521, 34, -525, 19, -532, 19, -537, 34, -544, 0, -551, 0, -546, 24, -552, 24, -558, 0, -566, 0, -542, 39, -552, 28, -556, 39, -556, 28, -562, 0, -570, 0, -558, 43, -568, 43, -569, 0, -577, 0, -453, 29, -464, 29, -473, 0, -480, 0, -480, 17, -490, 17, -499, 0, -505]
[0, -425, 3, -431, 4, -431, 46, -440, 4, -445, 3, -445, 5, -453, 46, -464, 5, -471, 0, -481, 0, -549, 8, -554, 7, -564, 48, -572, 48, -578, 8, -586, 7, -586, 11, -587, 11, -595, 0, -602, 0, -583, 21, -588, 21, -596, 0, -602, 0, -445, 12, -448, 44, -455, 15, -466, 27, -473, 12, -474, 44, -479, 15, -485, 27, -495, 0, -502, 0, -542, 30, -547, 37, -554, 14, -559, 26, -565, 30, -572, 37, -572, 14, -576, 26, -586, 0, -596, 0, -506, 50, -511, 22, -519, 40, -523, 36, -523, 50, -532, 22, -541, 40, -548, 36, -556, 0, -563, 0, -465, 20, -471, 42, -479, 32, -486, 31, -496, 20, -501, 42, -506, 32, -511, 31, -521, 0, -531, 0, -436, 23, -441, 6, -450, 23, -463, 6, -473, 0, -480, 0, -437, 10, -443, 10, -452, 0, -460, 0, -471, 49, -477, 35, -483, 18, -492, 13, -502, 49, -509, 35, -518, 18, -523, 13, -528, 0, -537, 0, -510, 25, -518, 16, -524, 45, -532, 33, -544, 25, -552, 16, -552, 41, -561, 45, -566, 41, -568, 33, -580, 0, -590, 0, -460, 2, -463, 1, -463, 1, -470, 2, -470, 0, -476, 0, -539, 38, -546, 9, -558, 47, -568, 38, -576, 9, -581, 47, -589, 0, -596, 0, -521, 34, -525, 19, -532, 19, -537, 34, -544, 0, -551, 0, -546, 24, -552, 24, -558, 0, -566, 0, -542, 39, -552, 28, -556, 39, -556, 28, -562, 0, -570, 0, -558, 43, -568, 43, -569, 0, -577, 0, -453, 29, -464, 29, -473, 0, -480, 0, -480, 17, -490, 17, -499, 0, -505]
[0, -425, 3, -431, 4, -431, 46, -440, 4, -445, 3, -445, 5, -453, 46, -464, 5, -471, 0, -481, 0, -549, 8, -554, 7, -564, 48, -572, 48, -578, 8, -586, 7, -586, 11, -587, 11, -595, 0, -602, 0, -583, 21, -588, 21, -596, 0, -602, 0, -445, 12, -448, 44, -455, 15, -466, 27, -473, 12, -474, 44, -479, 15, -485, 27, -495, 0, -502, 0, -542, 30, -547, 37, -554, 14, -559, 26, -565, 30, -572, 37, -572, 14, -576, 26, -586, 0, -596, 0, -506, 50, -511, 22, -519, 40, -523, 36, -523, 50, -532, 22, -541, 40, -548, 36, -556, 0, -563, 0, -465, 20, -471, 42, -479, 32, -486, 31, -496, 20, -501, 42, -506, 32, -511, 31, -521, 0, -531, 0, -436, 23, -441, 6, -450, 23, -463, 6, -473, 0, -480, 0, -437, 10, -443, 10, -452, 0, -460, 0, -471, 49, -477, 35, -483, 18, -492, 13, -502, 49, -509, 35, -518, 18, -523, 13, -528, 0, -537, 0, -510, 25, -518, 16, -524, 45, -532, 33, -544, 25, -552, 16, -552, 41, -561, 45, -566, 41, -568, 33, -580, 0, -590, 0, -460, 2, -463, 1, -463, 1, -470, 2, -470, 0, -476, 0, -539, 38, -546, 9, -558, 47, -568, 38, -576, 9, -581, 47, -589, 0, -596, 0, -521, 34, -525, 19, -532, 19, -537, 34, -544, 0, -551, 0, -546, 24, -552, 24, -558, 0, -566, 0, -542, 39, -552, 28, -556, 39, -556, 28, -562, 0, -570, 0, -558, 43, -568, 43, -569, 0, -577, 0, -453, 29, -464, 29, -473, 0, -480, 0, -480, 17, -490, 17, -499, 0, -505]
[0, -425, 3, -431, 4, -431, 46, -440, 4, -445, 3, -445, 5, -453, 46, -464, 5, -471, 0, -481, 0, -549, 8, -554, 7, -564, 48, -572, 48, -578, 8, -586, 7, -586, 11, -587, 11, -595, 0, -602, 0, -583, 21, -588, 21, -596, 0, -602, 0, -445, 12, -448, 44, -455, 15, -466, 27, -473, 12, -474, 44, -479, 15, -485, 27, -495, 0, -502, 0, -542, 30, -547, 37, -554, 14, -559, 26, -565, 30, -572, 37, -572, 14, -576, 26, -586, 0, -596, 0, -506, 50, -511, 22, -519, 40, -523, 36, -523, 50, -532, 22, -541, 40, -548, 36, -556, 0, -563, 0, -465, 20, -471, 42, -479, 32, -486, 31, -496, 20, -501, 42, -506, 32, -511, 31, -521, 0, -531, 0, -436, 23, -441, 6, -450, 23, -463, 6, -473, 0, -480, 0, -437, 10, -443, 10, -452, 0, -460, 0, -471, 49, -477, 35, -483, 18, -492, 13, -502, 49, -509, 35, -518, 18, -523, 13, -528, 0, -537, 0, -510, 25, -518, 16, -524, 45, -532, 33, -544, 25, -552, 16, -552, 41, -561, 45, -566, 41, -568, 33, -580, 0, -590, 0, -460, 2, -463, 1, -463, 1, -470, 2, -470, 0, -476, 0, -539, 38, -546, 9, -558, 47, -568, 38, -576, 9, -581, 47, -589, 0, -596, 0, -521, 34, -525, 19, -532, 19, -537, 34, -544, 0, -551, 0, -546, 24, -552, 24, -558, 0, -566, 0, -542, 39, -552, 28, -556, 39, -556, 28, -562, 0, -570, 0, -558, 43, -568, 43, -569, 0, -577, 0, -453, 29, -464, 29, -473, 0, -480, 0, -480, 17, -490, 17, -499, 0, -505]
[0, -425, 3, -431, 4, -431, 46, -440, 4, -445, 3, -445, 5, -453, 46, -464, 5, -471, 0, -481, 0, -549, 8, -554, 7, -564, 48, -572, 48, -578, 8, -586, 7, -586, 11, -587, 11, -595, 0, -602, 0, -583, 21, -588, 21, -596, 0, -602, 0, -445, 12, -448, 44, -455, 15, -466, 27, -473, 12, -474, 44, -479, 15, -485, 27, -495, 0, -502, 0, -542, 30, -547, 37, -554, 14, -559, 26, -565, 30, -572, 37, -572, 14, -576, 26, -586, 0, -596, 0, -506, 50, -511, 22, -519, 40, -523, 36, -523, 50, -532, 22, -541, 40, -548, 36, -556, 0, -563, 0, -465, 20, -471, 42, -479, 32, -486, 31, -496, 20, -501, 42, -506, 32, -511, 31, -521, 0, -531, 0, -436, 23, -441, 6, -450, 23, -463, 6, -473, 0, -480, 0, -437, 10, -443, 10, -452, 0, -460, 0, -471, 49, -477, 35, -483, 18, -492, 13, -502, 49, -509, 35, -518, 18, -523, 13, -528, 0, -537, 0, -510, 25, -518, 16, -524, 45, -532, 33, -544, 25, -552, 16, -552, 41, -561, 45, -566, 41, -568, 33, -580, 0, -590, 0, -460, 2, -463, 1, -463, 1, -470, 2, -470, 0, -476, 0, -539, 38, -546, 9, -558, 47, -568, 38, -576, 9, -581, 47, -589, 0, -596, 0, -521, 34, -525, 19, -532, 19, -537, 34, -544, 0, -551, 0, -546, 24, -552, 24, -558, 0, -566, 0, -542, 39, -552, 28, -556, 39, -556, 28, -562, 0, -570, 0, -558, 43, -568, 43, -569, 0, -577, 0, -453, 29, -464, 29, -473, 0, -480, 0, -480, 17, -490, 17, -499, 0, -505]
[0, -425, 3, -431, 4, -431, 46, -440, 4, -445, 3, -445, 5, -453, 46, -464, 5, -471, 0, -481, 0, -549, 8, -554, 7, -564, 48, -572, 48, -578, 8, -586, 7, -586, 11, -587, 11, -595, 0, -602, 0, -583, 21, -588, 21, -596, 0, -602, 0, -445, 12, -448, 44, -455, 15, -466, 27, -473, 12, -474, 44, -479, 15, -485, 27, -495, 0, -502, 0, -542, 30, -547, 37, -554, 14, -559, 26, -565, 30, -572, 37, -572, 14, -576, 26, -586, 0, -596, 0, -506, 50, -511, 22, -519, 40, -523, 36, -523, 50, -532, 22, -541, 40, -548, 36, -556, 0, -563, 0, -465, 20, -471, 42, -479, 32, -486, 31, -496, 20, -501, 42, -506, 32, -511, 31, -521, 0, -531, 0, -436, 23, -441, 6, -450, 23, -463, 6, -473, 0, -480, 0, -437, 10, -443, 10, -452, 0, -460, 0, -471, 49, -477, 35, -483, 18, -492, 13, -502, 49, -509, 35, -518, 18, -523, 13, -528, 0, -537, 0, -510, 25, -518, 16, -524, 45, -532, 33, -544, 25, -552, 16, -552, 41, -561, 45, -566, 41, -568, 33, -580, 0, -590, 0, -460, 2, -463, 1, -463, 1, -470, 2, -470, 0, -476, 0, -539, 38, -546, 9, -558, 47, -568, 38, -576, 9, -581, 47, -589, 0, -596, 0, -521, 34, -525, 19, -532, 19, -537, 34, -544, 0, -551, 0, -546, 24, -552, 24, -558, 0, -566, 0, -542, 39, -552, 28, -556, 39, -556, 28, -562, 0, -570, 0, -558, 43, -568, 43, -569, 0, -577, 0, -453, 29, -464, 29, -473, 0, -480, 0, -480, 17, -490, 17, -499, 0, -505]
[0, -425, 3, -431, 4, -431, 46, -440, 4, -445, 3, -445, 5, -453, 46, -464, 5, -471, 0, -481, 0, -549, 8, -554, 7, -564, 48, -572, 48, -578, 8, -586, 7, -586, 11, -587, 11, -595, 0, -602, 0, -583, 21, -588, 21, -596, 0, -602, 0, -445, 12, -448, 44, -455, 15, -466, 27, -473, 12, -474, 44, -479, 15, -485, 27, -495, 0, -502, 0, -542, 30, -547, 37, -554, 14, -559, 26, -565, 30, -572, 37, -572, 14, -576, 26, -586, 0, -596, 0, -506, 50, -511, 22, -519, 40, -523, 36, -523, 50, -532, 22, -541, 40, -548, 36, -556, 0, -563, 0, -465, 20, -471, 42, -479, 32, -486, 31, -496, 20, -501, 42, -506, 32, -511, 31, -521, 0, -531, 0, -436, 23, -441, 6, -450, 23, -463, 6, -473, 0, -480, 0, -437, 10, -443, 10, -452, 0, -460, 0, -471, 49, -477, 35, -483, 18, -492, 13, -502, 49, -509, 35, -518, 18, -523, 13, -528, 0, -537, 0, -510, 25, -518, 16, -524, 45, -532, 33, -544, 25, -552, 16, -552, 41, -561, 45, -566, 41, -568, 33, -580, 0, -590, 0, -460, 2, -463, 1, -463, 1, -470, 2, -470, 0, -476, 0, -539, 38, -546, 9, -558, 47, -568, 38, -576, 9, -581, 47, -589, 0, -596, 0, -521, 34, -525, 19, -532, 19, -537, 34, -544, 0, -551, 0, -546, 24, -552, 24, -558, 0, -566, 0, -542, 39, -552, 28, -556, 39, -556, 28, -562, 0, -570, 0, -558, 43, -568, 43, -569, 0, -577, 0, -453, 29, -464, 29, -473, 0, -480, 0, -480, 17, -490, 17, -499, 0, -505]
[0, -425, 3, -431, 4, -431, 46, -440, 4, -445, 3, -445, 5, -453, 46, -464, 5, -471, 0, -481, 0, -552, 11, -556, 7, -564, 48, -572, 48, -578, 8, -587, 7, -587, 8, -587, 11, -593, 0, -600, 0, -583, 21, -588, 21, -596, 0, -602, 0, -445, 12, -448, 44, -455, 15, -466, 27, -473, 12, -474, 44, -479, 15, -485, 27, -495, 0, -502, 0, -542, 30, -547, 37, -554, 14, -559, 26, -565, 30, -572, 37, -572, 14, -576, 26, -586, 0, -596, 0, -506, 50, -511, 22, -519, 40, -523, 36, -523, 50, -532, 22, -541, 40, -548, 36, -556, 0, -563, 0, -465, 20, -471, 42, -479, 32, -486, 31, -496, 20, -501, 42, -506, 32, -511, 31, -521, 0, -531, 0, -436, 23, -441, 6, -450, 23, -463, 6, -473, 0, -480, 0, -437, 10, -443, 10, -452, 0, -460, 0, -471, 49, -477, 35, -483, 18, -492, 13, -502, 49, -509, 35, -518, 18, -523, 13, -528, 0, -537, 0, -510, 25, -518, 16, -524, 45, -532, 33, -544, 25, -552, 16, -552, 41, -561, 45, -566, 41, -568, 33, -580, 0, -590, 0, -460, 2, -463, 1, -463, 1, -470, 2, -470, 0, -476, 0, -539, 38, -546, 9, -558, 47, -568, 38, -576, 9, -581, 47, -589, 0, -596, 0, -521, 34, -525, 19, -532, 19, -537, 34, -544, 0, -551, 0, -542, 39, -552, 39, -556, 24, -556, 24, -562, 0, -570, 0, -560, 28, -566, 28, -572, 0, -580, 0, -558, 43, -568, 43, -569, 0, -577, 0, -453, 29, -464, 29, -473, 0, -480, 0, -480, 17, -490, 17, -499, 0, -505]
[0, -425, 3, -431, 4, -431, 46, -440, 4, -445, 3, -445, 5, -453, 46, -464, 5, -471, 0, -481, 0, -552, 11, -556, 7, -564, 48, -572, 48, -578, 8, -587, 7, -587, 8, -587, 11, -593, 0, -600, 0, -583, 21, -588, 21, -596, 0, -602, 0, -445, 12, -448, 44, -455, 15, -466, 27, -473, 12, -474, 44, -479, 15, -485, 27, -495, 0, -502, 0, -542, 30, -547, 37, -554, 14, -559, 26, -565, 30, -572, 37, -572, 14, -576, 26, -586, 0, -596, 0, -506, 50, -511, 22, -519, 40, -523, 36, -523, 50, -532, 22, -541, 40, -548, 36, -556, 0, -563, 0, -465, 20, -471, 42, -479, 32, -486, 31, -496, 20, -501, 42, -506, 32, -511, 31, -521, 0, -531, 0, -436, 23, -441, 6, -450, 23, -463, 6, -473, 0, -480, 0, -437, 10, -443, 10, -452, 0, -460, 0, -471, 49, -477, 35, -483, 18, -492, 13, -502, 49, -509, 35, -518, 18, -523, 13, -528, 0, -537, 0, -510, 25, -518, 16, -524, 45, -532, 33, -544, 25, -552, 16, -552, 41, -561, 45, -566, 41, -568, 33, -580, 0, -590, 0, -460, 2, -463, 1, -463, 1, -470, 2, -470, 0, -476, 0, -539, 38, -546, 9, -558, 47, -568, 38, -576, 9, -581, 47, -589, 0, -596, 0, -521, 34, -525, 19, -532, 19, -537, 34, -544, 0, -551, 0, -542, 39, -552, 39, -556, 24, -556, 24, -562, 0, -570, 0, -560, 28, -566, 28, -572, 0, -580, 0, -558, 43, -568, 43, -569, 0, -577, 0, -453, 29, -464, 29, -473, 0, -480, 0, -480, 17, -490, 17, -499, 0, -505]
[0, -425, 3, -431, 4, -431, 46, -440, 4, -445, 3, -445, 5, -453, 46, -464, 5, -471, 0, -481, 0, -552, 11, -556, 7, -564, 48, -572, 48, -578, 8, -587, 7, -587, 8, -587, 11, -593, 0, -600, 0, -583, 21, -588, 21, -596, 0, -602, 0, -445, 12, -448, 44, -455, 15, -466, 27, -473, 12, -474, 44, -479, 15, -485, 27, -495, 0, -502, 0, -542, 30, -547, 37, -554, 14, -559, 26, -565, 30, -572, 37, -572, 14, -576, 26, -586, 0, -596, 0, -506, 50, -511, 22, -519, 40, -523, 36, -523, 50, -532, 22, -541, 40, -548, 36, -556, 0, -563, 0, -465, 20, -471, 42, -479, 32, -486, 31, -496, 20, -501, 42, -506, 32, -511, 31, -521, 0, -531, 0, -436, 23, -441, 6, -450, 23, -463, 6, -473, 0, -480, 0, -437, 10, -443, 10, -452, 0, -460, 0, -471, 49, -477, 35, -483, 18, -492, 13, -502, 49, -509, 35, -518, 18, -523, 13, -528, 0, -537, 0, -510, 25, -518, 16, -524, 45, -532, 33, -544, 25, -552, 16, -552, 41, -561, 45, -566, 41, -568, 33, -580, 0, -590, 0, -460, 2, -463, 1, -463, 1, -470, 2, -470, 0, -476, 0, -539, 38, -546, 9, -558, 47, -568, 38, -576, 9, -581, 47, -589, 0, -596, 0, -521, 34, -525, 19, -532, 19, -537, 34, -544, 0, -551, 0, -542, 39, -552, 39, -556, 24, -556, 24, -562, 0, -570, 0, -560, 28, -566, 28, -572, 0, -580, 0, -558, 43, -568, 43, -569, 0, -577, 0, -453, 29, -464, 29, -473, 0, -480, 0, -480, 17, -490, 17, -499, 0, -505]
[0, -425, 3, -431, 4, -431, 46, -440, 4, -445, 3, -445, 5, -453, 46, -464, 5, -471, 0, -481, 0, -552, 11, -556, 7, -564, 48, -572, 48, -578, 8, -587, 7, -587, 8, -587, 11, -593, 0, -600, 0, -583, 21, -588, 21, -596, 0, -602, 0, -445, 12, -448, 44, -455, 15, -466, 27, -473, 12, -474, 44, -479, 15, -485, 27, -495, 0, -502, 0, -542, 30, -547, 37, -554, 14, -559, 26, -565, 30, -572, 37, -572, 14, -576, 26, -586, 0, -596, 0, -506, 50, -511, 22, -519, 40, -523, 36, -523, 50, -532, 22, -541, 40, -548, 36, -556, 0, -563, 0, -465, 20, -471, 42, -479, 32, -486, 31, -496, 20, -501, 42, -506, 32, -511, 31, -521, 0, -531, 0, -436, 23, -441, 6, -450, 23, -463, 6, -473, 0, -480, 0, -437, 10, -443, 10, -452, 0, -460, 0, -471, 49, -477, 35, -483, 18, -492, 13, -502, 49, -509, 35, -518, 18, -523, 13, -528, 0, -537, 0, -510, 25, -518, 16, -524, 45, -532, 33, -544, 25, -552, 16, -552, 41, -561, 45, -566, 41, -568, 33, -580, 0, -590, 0, -460, 2, -463, 1, -463, 1, -470, 2, -470, 0, -476, 0, -539, 38, -546, 9, -558, 47, -568, 38, -576, 9, -581, 47, -589, 0, -596, 0, -521, 34, -525, 19, -532, 19, -537, 34, -544, 0, -551, 0, -542, 39, -552, 39, -556, 24, -556, 24, -562, 0, -570, 0, -560, 28, -566, 28, -572, 0, -580, 0, -558, 43, -568, 43, -569, 0, -577, 0, -453, 29, -464, 29, -473, 0, -480, 0, -480, 17, -490, 17, -499, 0, -505]
[0, -425, 3, -431, 4, -431, 46, -440, 4, -445, 3, -445, 5, -453, 46, -464, 5, -471, 0, -481, 0, -552, 11, -556, 7, -564, 48, -572, 48, -578, 8, -587, 7, -587, 8, -587, 11, -593, 0, -600, 0, -583, 21, -588, 21, -596, 0, -602, 0, -445, 12, -448, 44, -455, 15, -466, 27, -473, 12, -474, 44, -479, 15, -485, 27, -495, 0, -502, 0, -542, 30, -547, 37, -554, 14, -559, 26, -565, 30, -572, 37, -572, 14, -576, 26, -586, 0, -596, 0, -506, 50, -511, 22, -519, 40, -523, 36, -523, 50, -532, 22, -541, 40, -548, 36, -556, 0, -563, 0, -465, 20, -471, 42, -479, 32, -486, 31, -496, 20, -501, 42, -506, 32, -511, 31, -521, 0, -531, 0, -436, 23, -441, 6, -450, 23, -463, 6, -473, 0, -480, 0, -437, 10, -443, 10, -452, 0, -460, 0, -471, 49, -477, 35, -483, 18, -492, 13, -502, 49, -509, 35, -518, 18, -523, 13, -528, 0, -537, 0, -510, 25, -518, 16, -524, 45, -532, 33, -544, 25, -552, 16, -552, 41, -561, 45, -566, 41, -568, 33, -580, 0, -590, 0, -460, 2, -463, 1, -463, 1, -470, 2, -470, 0, -476, 0, -539, 38, -546, 9, -558, 47, -568, 38, -576, 9, -581, 47, -589, 0, -596, 0, -521, 34, -525, 19, -532, 19, -537, 34, -544, 0, -551, 0, -542, 39, -552, 39, -556, 24, -556, 24, -562, 0, -570, 0, -560, 28, -566, 28, -572, 0, -580, 0, -558, 43, -568, 43, -569, 0, -577, 0, -453, 29, -464, 29, -473, 0, -480, 0, -480, 17, -490, 17, -499, 0, -505]
[0, -425, 3, -431, 4, -431, 46, -440, 4, -445, 3, -445, 5, -453, 46, -464, 5, -471, 0, -481, 0, -552, 11, -556, 7, -564, 48, -572, 48, -578, 8, -587, 7, -587, 8, -587, 11, -593, 0, -600, 0, -583, 21, -588, 21, -596, 0, -602, 0, -445, 12, -448, 44, -455, 15, -466, 27, -473, 12, -474, 44, -479, 15, -485, 27, -495, 0, -502, 0, -542, 30, -547, 37, -554, 14, -559, 26, -565, 30, -572, 37, -572, 14, -576, 26, -586, 0, -596, 0, -506, 50, -511, 22, -519, 40, -523, 36, -523, 50, -532, 22, -541, 40, -548, 36, -556, 0, -563, 0, -465, 20, -471, 42, -479, 32, -486, 31, -496, 20, -501, 42, -506, 32, -511, 31, -521, 0, -531, 0, -436, 23, -441, 6, -450, 23, -463, 6, -473, 0, -480, 0, -437, 10, -443, 10, -452, 0, -460, 0, -471, 49, -477, 35, -483, 18, -492, 13, -502, 49, -509, 35, -518, 18, -523, 13, -528, 0, -537, 0, -510, 25, -518, 16, -524, 45, -532, 33, -544, 25, -552, 16, -552, 41, -561, 45, -566, 41, -568, 33, -580, 0, -590, 0, -460, 2, -463, 1, -463, 1, -470, 2, -470, 0, -476, 0, -539, 38, -546, 9, -558, 47, -568, 38, -576, 9, -581, 47, -589, 0, -596, 0, -521, 34, -525, 19, -532, 19, -537, 34, -544, 0, -551, 0, -542, 39, -552, 39, -556, 24, -556, 24, -562, 0, -570, 0, -560, 28, -566, 28, -572, 0, -580, 0, -558, 43, -568, 43, -569, 0, -577, 0, -453, 29, -464, 29, -473, 0, -480, 0, -480, 17, -490, 17, -499, 0, -505]
[0, -425, 3, -431, 4, -431, 46, -440, 4, -445, 3, -445, 5, -453, 46, -464, 5, -471, 0, -481, 0, -552, 11, -556, 7, -564, 48, -572, 48, -578, 8, -587, 7, -587, 8, -587, 11, -593, 0, -600, 0, -583, 21, -588, 21, -596, 0, -602, 0, -445, 12, -448, 44, -455, 15, -466, 27, -473, 12, -474, 44, -479, 15, -485, 27, -495, 0, -502, 0, -542, 30, -547, 37, -554, 14, -559, 26, -565, 30, -572, 37, -572, 14, -576, 26, -586, 0, -596, 0, -506, 50, -511, 22, -519, 40, -523, 36, -523, 50, -532, 22, -541, 40, -548, 36, -556, 0, -563, 0, -465, 20, -471, 42, -479, 32, -486, 31, -496, 20, -501, 42, -506, 32, -511, 31, -521, 0, -531, 0, -436, 23, -441, 6, -450, 23, -463, 6, -473, 0, -480, 0, -437, 10, -443, 10, -452, 0, -460, 0, -471, 49, -477, 35, -483, 18, -492, 13, -502, 49, -509, 35, -518, 18, -523, 13, -528, 0, -537, 0, -510, 25, -518, 16, -524, 45, -532, 33, -544, 25, -552, 16, -552, 41, -561, 45, -566, 41, -568, 33, -580, 0, -590, 0, -460, 2, -463, 1, -463, 1, -470, 2, -470, 0, -476, 0, -539, 38, -546, 9, -558, 47, -568, 38, -576, 9, -581, 47, -589, 0, -596, 0, -521, 34, -525, 19, -532, 19, -537, 34, -544, 0, -551, 0, -542, 39, -552, 39, -556, 24, -556, 24, -562, 0, -570, 0, -560, 28, -566, 28, -572, 0, -580, 0, -558, 43, -568, 43, -569, 0, -577, 0, -453, 29, -464, 29, -473, 0, -480, 0, -480, 17, -490, 17, -499, 0, -505]
[0, -425, 3, -431, 4, -431, 46, -440, 4, -445, 3, -445, 5, -453, 46, -464, 5, -471, 0, -481, 0, -552, 11, -556, 7, -564, 48, -572, 48, -578, 8, -587, 7, -587, 8, -587, 11, -593, 0, -600, 0, -583, 21, -588, 21, -596, 0, -602, 0, -445, 12, -448, 44, -455, 15, -466, 27, -473, 12, -474, 44, -479, 15, -485, 27, -495, 0, -502, 0, -542, 30, -547, 37, -554, 14, -559, 26, -565, 30, -572, 37, -572, 14, -576, 26, -586, 0, -596, 0, -506, 50, -511, 22, -519, 40, -523, 36, -523, 50, -532, 22, -541, 40, -548, 36, -556, 0, -563, 0, -465, 20, -471, 42, -479, 32, -486, 31, -496, 20, -501, 42, -506, 32, -511, 31, -521, 0, -531, 0, -436, 23, -441, 6, -450, 23, -463, 6, -473, 0, -480, 0, -437, 10, -443, 10, -452, 0, -460, 0, -471, 49, -477, 35, -483, 18, -492, 13, -502, 49, -509, 35, -518, 18, -523, 13, -528, 0, -537, 0, -510, 25, -518, 16, -524, 45, -532, 33, -544, 25, -552, 16, -552, 41, -561, 45, -566, 41, -568, 33, -580, 0, -590, 0, -460, 2, -463, 1, -463, 1, -470, 2, -470, 0, -476, 0, -539, 38, -546, 9, -558, 47, -568, 38, -576, 9, -581, 47, -589, 0, -596, 0, -521, 34, -525, 19, -532, 19, -537, 34, -544, 0, -551, 0, -542, 39, -552, 39, -556, 24, -556, 24, -562, 0, -570, 0, -560, 28, -566, 28, -572, 0, -580, 0, -558, 43, -568, 43, -569, 0, -577, 0, -453, 29, -464, 29, -473, 0, -480, 0, -480, 17, -490, 17, -499, 0, -505]
[0, -425, 3, -431, 4, -431, 46, -440, 4, -445, 3, -445, 5, -453, 46, -464, 5, -471, 0, -481, 0, -552, 11, -556, 7, -564, 48, -572, 48, -578, 8, -587, 7, -587, 8, -587, 11, -593, 0, -600, 0, -583, 21, -588, 21, -596, 0, -602, 0, -445, 12, -448, 44, -455, 15, -466, 27, -473, 12, -474, 44, -479, 15, -485, 27, -495, 0, -502, 0, -542, 30, -547, 37, -554, 14, -559, 26, -565, 30, -572, 37, -572, 14, -576, 26, -586, 0, -596, 0, -506, 50, -511, 22, -519, 40, -523, 36, -523, 50, -532, 22, -541, 40, -548, 36, -556, 0, -563, 0, -465, 20, -471, 42, -479, 32, -486, 31, -496, 20, -501, 42, -506, 32, -511, 31, -521, 0, -531, 0, -436, 23, -441, 6, -450, 23, -463, 6, -473, 0, -480, 0, -437, 10, -443, 10, -452, 0, -460, 0, -471, 49, -477, 35, -483, 18, -492, 13, -502, 49, -509, 35, -518, 18, -523, 13, -528, 0, -537, 0, -510, 25, -518, 16, -524, 45, -532, 33, -544, 25, -552, 16, -552, 41, -561, 45, -566, 41, -568, 33, -580, 0, -590, 0, -460, 2, -463, 1, -463, 1, -470, 2, -470, 0, -476, 0, -539, 38, -546, 9, -558, 47, -568, 38, -576, 9, -581, 47, -589, 0, -596, 0, -521, 34, -525, 19, -532, 19, -537, 34, -544, 0, -551, 0, -542, 39, -552, 39, -556, 24, -556, 24, -562, 0, -570, 0, -560, 28, -566, 28, -572, 0, -580, 0, -558, 43, -568, 43, -569, 0, -577, 0, -453, 29, -464, 29, -473, 0, -480, 0, -480, 17, -490, 17, -499, 0, -505]
[0, -425, 3, -431, 4, -431, 46, -440, 4, -445, 3, -445, 5, -453, 46, -464, 5, -471, 0, -481, 0, -552, 11, -556, 7, -564, 48, -572, 48, -578, 8, -587, 7, -587, 8, -587, 11, -593, 0, -600, 0, -583, 21, -588, 21, -596, 0, -602, 0, -445, 12, -448, 44, -455, 15, -466, 27, -473, 12, -474, 44, -479, 15, -485, 27, -495, 0, -502, 0, -542, 30, -547, 37, -554, 14, -559, 26, -565, 30, -572, 37, -572, 14, -576, 26, -586, 0, -596, 0, -506, 50, -511, 22, -519, 40, -523, 36, -523, 50, -532, 22, -541, 40, -548, 36, -556, 0, -563, 0, -465, 20, -471, 42, -479, 32, -486, 31, -496, 20, -501, 42, -506, 32, -511, 31, -521, 0, -531, 0, -436, 23, -441, 6, -450, 23, -463, 6, -473, 0, -480, 0, -437, 10, -443, 10, -452, 0, -460, 0, -471, 49, -477, 35, -483, 18, -492, 13, -502, 49, -509, 35, -518, 18, -523, 13, -528, 0, -537, 0, -510, 25, -518, 16, -524, 45, -532, 33, -544, 25, -552, 16, -552, 41, -561, 45, -566, 41, -568, 33, -580, 0, -590, 0, -460, 2, -463, 1, -463, 1, -470, 2, -470, 0, -476, 0, -539, 38, -546, 9, -558, 47, -568, 38, -576, 9, -581, 47, -589, 0, -596, 0, -521, 34, -525, 19, -532, 19, -537, 34, -544, 0, -551, 0, -542, 39, -552, 39, -556, 24, -556, 24, -562, 0, -570, 0, -560, 28, -566, 28, -572, 0, -580, 0, -558, 43, -568, 43, -569, 0, -577, 0, -453, 29, -464, 29, -473, 0, -480, 0, -480, 17, -490, 17, -499, 0, -505]
[0, -425, 3, -431, 4, -431, 46, -440, 4, -445, 3, -445, 5, -453, 46, -464, 5, -471, 0, -481, 0, -552, 11, -556, 7, -564, 48, -572, 48, -578, 8, -587, 7, -587, 8, -587, 11, -593, 0, -600, 0, -583, 21, -588, 21, -596, 0, -602, 0, -445, 12, -448, 44, -455, 15, -466, 27, -473, 12, -474, 44, -479, 15, -485, 27, -495, 0, -502, 0, -542, 30, -547, 37, -554, 14, -559, 26, -565, 30, -572, 37, -572, 14, -576, 26, -586, 0, -596, 0, -506, 50, -511, 22, -519, 40, -523, 36, -523, 50, -532, 22, -541, 40, -548, 36, -556, 0, -563, 0, -465, 20, -471, 42, -479, 32, -486, 31, -496, 20, -501, 42, -506, 32, -511, 31, -521, 0, -531, 0, -436, 23, -441, 6, -450, 23, -463, 6, -473, 0, -480, 0, -437, 10, -443, 10, -452, 0, -460, 0, -471, 49, -477, 35, -483, 18, -492, 13, -502, 49, -509, 35, -518, 18, -523, 13, -528, 0, -537, 0, -510, 25, -518, 16, -524, 45, -532, 33, -544, 25, -552, 16, -552, 41, -561, 45, -566, 41, -568, 33, -580, 0, -590, 0, -460, 2, -463, 1, -463, 1, -470, 2, -470, 0, -476, 0, -539, 38, -546, 9, -558, 47, -568, 38, -576, 9, -581, 47, -589, 0, -596, 0, -521, 34, -525, 19, -532, 19, -537, 34, -544, 0, -551, 0, -542, 39, -552, 39, -556, 24, -556, 24, -562, 0, -570, 0, -560, 28, -566, 28, -572, 0, -580, 0, -558, 43, -568, 43, -569, 0, -577, 0, -453, 29, -464, 29, -473, 0, -480, 0, -480, 17, -490, 17, -499, 0, -505]
[0, -425, 3, -431, 4, -431, 46, -440, 4, -445, 3, -445, 5, -453, 46, -464, 5, -471, 0, -481, 0, -552, 11, -556, 7, -564, 48, -572, 48, -578, 8, -587, 7, -587, 8, -587, 11, -593, 0, -600, 0, -583, 21, -588, 21, -596, 0, -602, 0, -445, 12, -448, 44, -455, 15, -466, 27, -473, 12, -474, 44, -479, 15, -485, 27, -495, 0, -502, 0, -542, 30, -547, 37, -554, 14, -559, 26, -565, 30, -572, 37, -572, 14, -576, 26, -586, 0, -596, 0, -506, 50, -511, 22, -519, 40, -523, 36, -523, 50, -532, 22, -541, 40, -548, 36, -556, 0, -563, 0, -465, 20, -471, 42, -479, 32, -486, 31, -496, 20, -501, 42, -506, 32, -511, 31, -521, 0, -531, 0, -436, 23, -441, 6, -450, 23, -463, 6, -473, 0, -480, 0, -437, 10, -443, 10, -452, 0, -460, 0, -471, 49, -477, 35, -483, 18, -492, 13, -502, 49, -509, 35, -518, 18, -523, 13, -528, 0, -537, 0, -510, 25, -518, 16, -524, 45, -532, 33, -544, 25, -552, 16, -552, 41, -561, 45, -566, 41, -568, 33, -580, 0, -590, 0, -460, 2, -463, 1, -463, 1, -470, 2, -470, 0, -476, 0, -539, 38, -546, 9, -558, 47, -568, 38, -576, 9, -581, 47, -589, 0, -596, 0, -521, 34, -525, 19, -532, 19, -537, 34, -544, 0, -551, 0, -542, 39, -552, 39, -556, 24, -556, 24, -562, 0, -570, 0, -560, 28, -566, 28, -572, 0, -580, 0, -558, 43, -568, 43, -569, 0, -577, 0, -453, 29, -464, 29, -473, 0, -480, 0, -480, 17, -490, 17, -499, 0, -505]
[0, -425, 3, -431, 4, -431, 46, -440, 4, -445, 3, -445, 5, -453, 46, -464, 5, -471, 0, -481, 0, -552, 11, -556, 7, -564, 48, -572, 48, -578, 8, -587, 7, -587, 8, -587, 11, -593, 0, -600, 0, -583, 21, -588, 21, -596, 0, -602, 0, -445, 12, -448, 44, -455, 15, -466, 27, -473, 12, -474, 44, -479, 15, -485, 27, -495, 0, -502, 0, -542, 30, -547, 37, -554, 14, -559, 26, -565, 30, -572, 37, -572, 14, -576, 26, -586, 0, -596, 0, -506, 50, -511, 22, -519, 40, -523, 36, -523, 50, -532, 22, -541, 40, -548, 36, -556, 0, -563, 0, -465, 20, -471, 42, -479, 32, -486, 31, -496, 20, -501, 42, -506, 32, -511, 31, -521, 0, -531, 0, -436, 23, -441, 6, -450, 23, -463, 6, -473, 0, -480, 0, -437, 10, -443, 10, -452, 0, -460, 0, -471, 49, -477, 35, -483, 18, -492, 13, -502, 49, -509, 35, -518, 18, -523, 13, -528, 0, -537, 0, -510, 25, -518, 16, -524, 45, -532, 33, -544, 25, -552, 16, -552, 41, -561, 45, -566, 41, -568, 33, -580, 0, -590, 0, -460, 2, -463, 1, -463, 1, -470, 2, -470, 0, -476, 0, -539, 38, -546, 9, -558, 47, -568, 38, -576, 9, -581, 47, -589, 0, -596, 0, -521, 34, -525, 19, -532, 19, -537, 34, -544, 0, -551, 0, -542, 39, -552, 39, -556, 24, -556, 24, -562, 0, -570, 0, -560, 28, -566, 28, -572, 0, -580, 0, -558, 43, -568, 43, -569, 0, -577, 0, -453, 29, -464, 29, -473, 0, -480, 0, -480, 17, -490, 17, -499, 0, -505]
[0, -425, 3, -431, 4, -431, 46, -440, 4, -445, 3, -445, 5, -453, 46, -464, 5, -471, 0, -481, 0, -552, 11, -556, 7, -564, 48, -572, 48, -578, 8, -587, 7, -587, 8, -587, 11, -593, 0, -600, 0, -583, 21, -588, 21, -596, 0, -602, 0, -445, 12, -448, 44, -455, 15, -466, 27, -473, 12, -474, 44, -479, 15, -485, 27, -495, 0, -502, 0, -542, 30, -547, 37, -554, 14, -559, 26, -565, 30, -572, 37, -572, 14, -576, 26, -586, 0, -596, 0, -506, 50, -511, 22, -519, 40, -523, 36, -523, 50, -532, 22, -541, 40, -548, 36, -556, 0, -563, 0, -465, 20, -471, 42, -479, 32, -486, 31, -496, 20, -501, 42, -506, 32, -511, 31, -521, 0, -531, 0, -436, 23, -441, 6, -450, 23, -463, 6, -473, 0, -480, 0, -437, 10, -443, 10, -452, 0, -460, 0, -471, 49, -477, 35, -483, 18, -492, 13, -502, 49, -509, 35, -518, 18, -523, 13, -528, 0, -537, 0, -510, 25, -518, 16, -524, 45, -532, 33, -544, 25, -552, 16, -552, 41, -561, 45, -566, 41, -568, 33, -580, 0, -590, 0, -460, 2, -463, 1, -463, 1, -470, 2, -470, 0, -476, 0, -539, 38, -546, 9, -558, 47, -568, 38, -576, 9, -581, 47, -589, 0, -596, 0, -521, 34, -525, 19, -532, 19, -537, 34, -544, 0, -551, 0, -542, 39, -552, 39, -556, 24, -556, 24, -562, 0, -570, 0, -560, 28, -566, 28, -572, 0, -580, 0, -558, 43, -568, 43, -569, 0, -577, 0, -453, 29, -464, 29, -473, 0, -480, 0, -480, 17, -490, 17, -499, 0, -505]
[0, -425, 3, -431, 4, -431, 46, -440, 4, -445, 3, -445, 5, -453, 46, -464, 5, -471, 0, -481, 0, -552, 11, -556, 7, -564, 48, -572, 48, -578, 8, -587, 7, -587, 8, -587, 11, -593, 0, -600, 0, -583, 21, -588, 21, -596, 0, -602, 0, -445, 12, -448, 44, -455, 15, -466, 27, -473, 12, -474, 44, -479, 15, -485, 27, -495, 0, -502, 0, -542, 30, -547, 37, -554, 14, -559, 26, -565, 30, -572, 37, -572, 14, -576, 26, -586, 0, -596, 0, -506, 50, -511, 22, -519, 40, -523, 36, -523, 50, -532, 22, -541, 40, -548, 36, -556, 0, -563, 0, -465, 20, -471, 42, -479, 32, -486, 31, -496, 20, -501, 42, -506, 32, -511, 31, -521, 0, -531, 0, -436, 23, -441, 6, -450, 23, -463, 6, -473, 0, -480, 0, -437, 10, -443, 10, -452, 0, -460, 0, -471, 49, -477, 35, -483, 18, -492, 13, -502, 49, -509, 35, -518, 18, -523, 13, -528, 0, -537, 0, -510, 25, -518, 16, -524, 45, -532, 33, -544, 25, -552, 16, -552, 41, -561, 45, -566, 41, -568, 33, -580, 0, -590, 0, -460, 2, -463, 1, -463, 1, -470, 2, -470, 0, -476, 0, -539, 38, -546, 9, -558, 47, -568, 38, -576, 9, -581, 47, -589, 0, -596, 0, -521, 34, -525, 19, -532, 19, -537, 34, -544, 0, -551, 0, -542, 39, -552, 39, -556, 24, -556, 24, -562, 0, -570, 0, -560, 28, -566, 28, -572, 0, -580, 0, -558, 43, -568, 43, -569, 0, -577, 0, -453, 29, -464, 29, -473, 0, -480, 0, -480, 17, -490, 17, -499, 0, -505]
[0, -425, 3, -431, 4, -431, 46, -440, 4, -445, 3, -445, 5, -453, 46, -464, 5, -471, 0, -481, 0, -552, 7, -558, 11, -565, 48, -572, 48, -578, 8, -587, 7, -587, 8, -587, 11, -593, 0, -600, 0, -583, 21, -588, 21, -596, 0, -602, 0, -451, 44, -462, 15, -473, 27, -480, 44, -484, 15, -490, 27, -500, 0, -507, 0, -542, 30, -547, 37, -554, 14, -559, 26, -565, 30, -572, 37, -572, 14, -576, 26, -586, 0, -596, 0, -506, 50, -511, 22, -519, 40, -523, 36, -523, 50, -532, 22, -541, 40, -548, 36, -556, 0, -563, 0, -465, 20, -471, 42, -479, 32, -486, 31, -496, 20, -501, 42, -506, 32, -511, 31, -521, 0, -531, 0, -436, 23, -441, 6, -450, 23, -463, 6, -473, 0, -480, 0, -437, 10, -443, 10, -452, 0, -460, 0, -471, 49, -477, 35, -483, 18, -492, 13, -502, 49, -509, 35, -518, 18, -523, 13, -528, 0, -537, 0, -510, 25, -518, 16, -524, 45, -532, 33, -544, 25, -552, 16, -552, 41, -561, 45, -566, 41, -568, 33, -580, 0, -590, 0, -460, 2, -463, 1, -463, 1, -470, 2, -470, 0, -476, 0, -539, 38, -546, 9, -558, 47, -568, 38, -576, 9, -581, 47, -589, 0, -596, 0, -521, 34, -525, 19, -532, 19, -537, 34, -544, 0, -551, 0, -542, 39, -552, 39, -556, 24, -556, 24, -562, 0, -570, 0, -560, 28, -566, 28, -572, 0, -580, 0, -558, 43, -568, 43, -569, 0, -577, 0, -452, 29, -463, 12, -473, 12, -474, 29, -482, 0, -489, 0, -480, 17, -490, 17, -499, 0, -505]
[0, -425, 3, -431, 4, -431, 46, -440, 4, -445, 3, -445, 5, -453, 46, -464, 5, -471, 0, -481, 0, -552, 7, -558, 11, -565, 48, -572, 48, -578, 8, -587, 7, -587, 8, -587, 11, -593, 0, -600, 0, -583, 21, -588, 21, -596, 0, -602, 0, -451, 44, -462, 15, -473, 27, -480, 44, -484, 15, -490, 27, -500, 0, -507, 0, -542, 30, -547, 37, -554, 14, -559, 26, -565, 30, -572, 37, -572, 14, -576, 26, -586, 0, -596, 0, -506, 50, -511, 22, -519, 40, -523, 36, -523, 50, -532, 22, -541, 40, -548, 36, -556, 0, -563, 0, -465, 20, -471, 42, -479, 32, -486, 31, -496, 20, -501, 42, -506, 32, -511, 31, -521, 0, -531, 0, -436, 23, -441, 6, -450, 23, -463, 6, -473, 0, -480, 0, -437, 10, -443, 10, -452, 0, -460, 0, -471, 49, -477, 35, -483, 18, -492, 13, -502, 49, -509, 35, -518, 18, -523, 13, -528, 0, -537, 0, -510, 25, -518, 16, -524, 45, -532, 33, -544, 25, -552, 16, -552, 41, -561, 45, -566, 41, -568, 33, -580, 0, -590, 0, -460, 2, -463, 1, -463, 1, -470, 2, -470, 0, -476, 0, -539, 38, -546, 9, -558, 47, -568, 38, -576, 9, -581, 47, -589, 0, -596, 0, -521, 34, -525, 19, -532, 19, -537, 34, -544, 0, -551, 0, -542, 39, -552, 39, -556, 24, -556, 24, -562, 0, -570, 0, -560, 28, -566, 28, -572, 0, -580, 0, -558, 43, -568, 43, -569, 0, -577, 0, -452, 29, -463, 12, -473, 12, -474, 29, -482, 0, -489, 0, -480, 17, -490, 17, -499, 0, -505]
[0, -425, 3, -431, 4, -431, 46, -440, 4, -445, 3, -445, 5, -453, 46, -464, 5, -471, 0, -481, 0, -566, 48, -569, 11, -570, 7, -578, 48, -578, 8, -587, 7, -587, 8, -587, 11, -593, 0, -600, 0, -583, 21, -588, 21, -596, 0, -602, 0, -451, 44, -462, 15, -473, 27, -480, 44, -484, 15, -490, 27, -500, 0, -507, 0, -542, 30, -547, 37, -554, 14, -559, 26, -565, 30, -572, 37, -572, 14, -576, 26, -586, 0, -596, 0, -506, 50, -511, 22, -519, 40, -523, 36, -523, 50, -532, 22, -541, 40, -548, 36, -556, 0, -563, 0, -465, 20, -471, 42, -479, 32, -486, 31, -496, 20, -501, 42, -506, 32, -511, 31, -521, 0, -531, 0, -436, 23, -441, 6, -450, 23, -463, 6, -473, 0, -480, 0, -437, 10, -443, 10, -452, 0, -460, 0, -484, 49, -490, 35, -496, 13, -502, 49, -509, 35, -518, 13, -521, 0, -530, 0, -510, 25, -518, 16, -524, 45, -532, 33, -544, 25, -552, 16, -552, 41, -561, 45, -566, 41, -568, 33, -580, 0, -590, 0, -460, 2, -463, 1, -463, 1, -470, 2, -470, 0, -476, 0, -539, 38, -546, 9, -558, 47, -568, 38, -576, 9, -581, 47, -589, 0, -596, 0, -510, 34, -514, 18, -517, 19, -526, 18, -530, 19, -536, 34, -543, 0, -550, 0, -542, 39, -552, 39, -556, 24, -556, 24, -562, 0, -570, 0, -560, 28, -566, 28, -572, 0, -580, 0, -558, 43, -568, 43, -569, 0, -577, 0, -452, 29, -463, 12, -473, 12, -474, 29, -482, 0, -489, 0, -480, 17, -490, 17, -499, 0, -505]
[0, -425, 3, -431, 4, -431, 46, -440, 4, -445, 3, -445, 5, -453, 46, -464, 5, -471, 0, -481, 0, -566, 48, -569, 11, -570, 7, -578, 48, -578, 8, -587, 7, -587, 8, -587, 11, -593, 0, -600, 0, -583, 21, -588, 21, -596, 0, -602, 0, -451, 44, -462, 15, -473, 27, -480, 44, -484, 15, -490, 27, -500, 0, -507, 0, -542, 30, -547, 37, -554, 14, -559, 26, -565, 30, -572, 37, -572, 14, -576, 26, -586, 0, -596, 0, -506, 50, -511, 22, -519, 40, -523, 36, -523, 50, -532, 22, -541, 40, -548, 36, -556, 0, -563, 0, -465, 20, -471, 42, -479, 32, -486, 31, -496, 20, -501, 42, -506, 32, -511, 31, -521, 0, -531, 0, -436, 23, -441, 6, -450, 23, -463, 6, -473, 0, -480, 0, -437, 10, -443, 10, -452, 0, -460, 0, -484, 49, -490, 35, -496, 13, -502, 49, -509, 35, -518, 13, -521, 0, -530, 0, -510, 25, -518, 16, -524, 45, -532, 33, -544, 25, -552, 16, -552, 41, -561, 45, -566, 41, -568, 33, -580, 0, -590, 0, -460, 2, -463, 1, -463, 1, -470, 2, -470, 0, -476, 0, -539, 38, -546, 9, -558, 47, -568, 38, -576, 9, -581, 47, -589, 0, -596, 0, -510, 34, -514, 18, -517, 19, -526, 18, -530, 19, -536, 34, -543, 0, -550, 0, -542, 39, -552, 39, -556, 24, -556, 24, -562, 0, -570, 0, -560, 28, -566, 28, -572, 0, -580, 0, -558, 43, -568, 43, -569, 0, -577, 0, -452, 29, -463, 12, -473, 12, -474, 29, -482, 0, -489, 0, -480, 17, -490, 17, -499, 0, -505]
[0, -425, 3, -431, 4, -431, 46, -440, 4, -445, 3, -445, 5, -453, 46, -464, 5, -471, 0, -481, 0, -569, 48, -572, 48, -578, 7, -578, 11, -579, 8, -588, 7, -588, 8, -588, 11, -594, 0, -601, 0, -583, 21, -588, 21, -596, 0, -602, 0, -451, 44, -462, 15, -473, 27, -480, 44, -484, 15, -490, 27, -500, 0, -507, 0, -542, 30, -547, 37, -554, 14, -559, 26, -565, 30, -572, 37, -572, 14, -576, 26, -586, 0, -596, 0, -506, 50, -511, 22, -519, 40, -523, 36, -523, 50, -532, 22, -541, 40, -548, 36, -556, 0, -563, 0, -465, 20, -471, 42, -479, 32, -486, 31, -496, 20, -501, 42, -506, 32, -511, 31, -521, 0, -531, 0, -436, 23, -441, 6, -450, 23, -463, 6, -473, 0, -480, 0, -437, 10, -443, 10, -452, 0, -460, 0, -484, 49, -490, 35, -496, 13, -502, 49, -509, 35, -518, 13, -521, 0, -530, 0, -510, 25, -518, 16, -524, 45, -532, 33, -544, 25, -552, 16, -552, 41, -561, 45, -566, 41, -568, 33, -580, 0, -590, 0, -460, 2, -463, 1, -463, 1, -470, 2, -470, 0, -476, 0, -539, 38, -546, 9, -558, 47, -568, 38, -576, 9, -581, 47, -589, 0, -596, 0, -510, 34, -514, 18, -517, 19, -526, 18, -530, 19, -536, 34, -543, 0, -550, 0, -542, 39, -552, 39, -556, 24, -556, 24, -562, 0, -570, 0, -558, 43, -568, 43, -569, 28, -572, 28, -578, 0, -586, 0, -452, 29, -463, 12, -473, 12, -474, 29, -482, 0, -489, 0, -480, 17, -490, 17, -499, 0, -505]
[0, -425, 3, -431, 4, -431, 46, -440, 4, -445, 3, -445, 5, -453, 46, -464, 5, -471, 0, -481, 0, -569, 48, -572, 48, -578, 7, -578, 11, -579, 8, -588, 7, -588, 8, -588, 11, -594, 0, -601, 0, -583, 21, -588, 21, -596, 0, -602, 0, -451, 44, -462, 15, -473, 27, -480, 44, -484, 15, -490, 27, -500, 0, -507, 0, -542, 30, -547, 37, -554, 14, -559, 26, -565, 30, -572, 37, -572, 14, -576, 26, -586, 0, -596, 0, -506, 50, -511, 22, -519, 40, -523, 36, -523, 50, -532, 22, -541, 40, -548, 36, -556, 0, -563, 0, -465, 20, -471, 42, -479, 32, -486, 31, -496, 20, -501, 42, -506, 32, -511, 31, -521, 0, -531, 0, -436, 23, -441, 6, -450, 23, -463, 6, -473, 0, -480, 0, -437, 10, -443, 10, -452, 0, -460, 0, -484, 49, -490, 35, -496, 13, -502, 49, -509, 35, -518, 13, -521, 0, -530, 0, -510, 25, -518, 16, -524, 45, -532, 33, -544, 25, -552, 16, -552, 41, -561, 45, -566, 41, -568, 33, -580, 0, -590, 0, -460, 2, -463, 1, -463, 1, -470, 2, -470, 0, -476, 0, -539, 38, -546, 9, -558, 47, -568, 38, -576, 9, -581, 47, -589, 0, -596, 0, -510, 34, -514, 18, -517, 19, -526, 18, -530, 19, -536, 34, -543, 0, -550, 0, -542, 39, -552, 39, -556, 24, -556, 24, -562, 0, -570, 0, -558, 43, -568, 43, -569, 28, -572, 28, -578, 0, -586, 0, -452, 29, -463, 12, -473, 12, -474, 29, -482, 0, -489, 0, -480, 17, -490, 17, -499, 0, -505]
[0, -425, 3, -431, 4, -431, 46, -440, 4, -445, 3, -445, 5, -453, 46, -464, 5, -471, 0, -481, 0, -569, 48, -572, 48, -578, 7, -578, 11, -579, 8, -588, 7, -588, 8, -588, 11, -594, 0, -601, 0, -583, 21, -588, 21, -596, 0, -602, 0, -456, 15, -463, 44, -470, 27, -480, 44, -484, 15, -490, 27, -500, 0, -507, 0, -542, 30, -547, 37, -554, 14, -559, 26, -565, 30, -572, 37, -572, 14, -576, 26, -586, 0, -596, 0, -506, 50, -511, 22, -519, 40, -523, 36, -523, 50, -532, 22, -541, 40, -548, 36, -556, 0, -563, 0, -465, 20, -471, 42, -479, 32, -486, 31, -496, 20, -501, 42, -506, 32, -511, 31, -521, 0, -531, 0, -433, 12, -436, 23, -441, 6, -450, 23, -463, 12, -470, 6, -478, 0, -485, 0, -437, 10, -443, 10, -452, 0, -460, 0, -484, 49, -490, 35, -496, 13, -502, 49, -509, 35, -518, 13, -521, 0, -530, 0, -510, 25, -518, 16, -524, 45, -532, 33, -544, 25, -552, 16, -552, 41, -561, 45, -566, 41, -568, 33, -580, 0, -590, 0, -460, 2, -463, 1, -463, 1, -470, 2, -470, 0, -476, 0, -539, 38, -546, 9, -558, 47, -568, 38, -576, 9, -581, 47, -589, 0, -596, 0, -510, 34, -514, 18, -517, 19, -526, 18, -530, 19, -536, 34, -543, 0, -550, 0, -542, 39, -552, 39, -556, 24, -556, 24, -562, 0, -570, 0, -558, 43, -568, 43, -569, 28, -572, 28, -578, 0, -586, 0, -453, 29, -464, 29, -473, 0, -480, 0, -480, 17, -490, 17, -499, 0, -505]
[0, -425, 3, -431, 4, -431, 46, -440, 4, -445, 3, -445, 5, -453, 46, -464, 5, -471, 0, -481, 0, -569, 48, -572, 48, -578, 7, -578, 11, -579, 8, -588, 7, -588, 8, -588, 11, -594, 0, -601, 0, -583, 21, -588, 21, -596, 0, -602, 0, -456, 15, -463, 44, -470, 27, -480, 44, -484, 15, -490, 27, -500, 0, -507, 0, -542, 30, -547, 37, -554, 14, -559, 26, -565, 30, -572, 37, -572, 14, -576, 26, -586, 0, -596, 0, -506, 50, -511, 22, -519, 40, -523, 36, -523, 50, -532, 22, -541, 40, -548, 36, -556, 0, -563, 0, -465, 20, -471, 42, -479, 32, -486, 31, -496, 20, -501, 42, -506, 32, -511, 31, -521, 0, -531, 0, -433, 12, -436, 23, -441, 6, -450, 23, -463, 12, -470, 6, -478, 0, -485, 0, -437, 10, -443, 10, -452, 0, -460, 0, -484, 49, -490, 35, -496, 13, -502, 49, -509, 35, -518, 13, -521, 0, -530, 0, -510, 25, -518, 16, -524, 45, -532, 33, -544, 25, -552, 16, -552, 41, -561, 45, -566, 41, -568, 33, -580, 0, -590, 0, -460, 2, -463, 1, -463, 1, -470, 2, -470, 0, -476, 0, -539, 38, -546, 9, -558, 47, -568, 38, -576, 9, -581, 47, -589, 0, -596, 0, -510, 34, -514, 18, -517, 19, -526, 18, -530, 19, -536, 34, -543, 0, -550, 0, -542, 39, -552, 39, -556, 24, -556, 24, -562, 0, -570, 0, -558, 43, -568, 43, -569, 28, -572, 28, -578, 0, -586, 0, -453, 29, -464, 29, -473, 0, -480, 0, -480, 17, -490, 17, -499, 0, -505]
[0, -425, 3, -431, 4, -431, 46, -440, 4, -445, 3, -445, 5, -453, 46, -464, 5, -471, 0, -481, 0, -569, 48, -572, 48, -578, 7, -578, 11, -579, 8, -588, 7, -588, 8, -588, 11, -594, 0, -601, 0, -583, 21, -588, 21, -596, 0, -602, 0, -456, 15, -463, 44, -470, 27, -480, 44, -484, 15, -490, 27, -500, 0, -507, 0, -542, 30, -547, 37, -554, 14, -559, 26, -565, 30, -572, 37, -572, 14, -576, 26, -586, 0, -596, 0, -506, 50, -511, 22, -519, 40, -523, 36, -523, 50, -532, 22, -541, 40, -548, 36, -556, 0, -563, 0, -465, 20, -471, 42, -479, 32, -486, 31, -496, 20, -501, 42, -506, 32, -511, 31, -521, 0, -531, 0, -433, 12, -436, 23, -441, 6, -450, 23, -463, 12, -470, 6, -478, 0, -485, 0, -437, 10, -443, 10, -452, 0, -460, 0, -484, 49, -490, 35, -496, 13, -502, 49, -509, 35, -518, 13, -521, 0, -530, 0, -510, 25, -518, 16, -524, 45, -532, 33, -544, 25, -552, 16, -552, 41, -561, 45, -566, 41, -568, 33, -580, 0, -590, 0, -460, 2, -463, 1, -463, 1, -470, 2, -470, 0, -476, 0, -539, 38, -546, 9, -558, 47, -568, 38, -576, 9, -581, 47, -589, 0, -596, 0, -510, 34, -514, 18, -517, 19, -526, 18, -530, 19, -536, 34, -543, 0, -550, 0, -542, 39, -552, 39, -556, 24, -556, 24, -562, 0, -570, 0, -558, 43, -568, 43, -569, 28, -572, 28, -578, 0, -586, 0, -453, 29, -464, 29, -473, 0, -480, 0, -480, 17, -490, 17, -499, 0, -505]
[0, -425, 3, -431, 4, -431, 46, -440, 4, -445, 3, -445, 5, -453, 46, -464, 5, -471, 0, -481, 0, -569, 48, -572, 48, -578, 7, -578, 11, -579, 8, -588, 7, -588, 8, -588, 11, -594, 0, -601, 0, -583, 21, -588, 21, -596, 0, -602, 0, -456, 15, -463, 44, -470, 27, -480, 44, -484, 15, -490, 27, -500, 0, -507, 0, -542, 30, -547, 37, -554, 14, -559, 26, -565, 30, -572, 37, -572, 14, -576, 26, -586, 0, -596, 0, -506, 50, -511, 22, -519, 40, -523, 36, -523, 50, -532, 22, -541, 40, -548, 36, -556, 0, -563, 0, -465, 20, -471, 42, -479, 32, -486, 31, -496, 20, -501, 42, -506, 32, -511, 31, -521, 0, -531, 0, -433, 12, -436, 23, -441, 6, -450, 23, -463, 12, -470, 6, -478, 0, -485, 0, -437, 10, -443, 10, -452, 0, -460, 0, -484, 49, -490, 35, -496, 13, -502, 49, -509, 35, -518, 13, -521, 0, -530, 0, -510, 25, -518, 16, -524, 45, -532, 33, -544, 25, -552, 16, -552, 41, -561, 45, -566, 41, -568, 33, -580, 0, -590, 0, -460, 2, -463, 1, -463, 1, -470, 2, -470, 0, -476, 0, -539, 38, -546, 9, -558, 47, -568, 38, -576, 9, -581, 47, -589, 0, -596, 0, -510, 34, -514, 18, -517, 19, -526, 18, -530, 19, -536, 34, -543, 0, -550, 0, -542, 39, -552, 39, -556, 24, -556, 24, -562, 0, -570, 0, -558, 43, -568, 43, -569, 28, -572, 28, -578, 0, -586, 0, -453, 29, -464, 29, -473, 0, -480, 0, -480, 17, -490, 17, -499, 0, -505]
[0, -425, 3, -431, 4, -431, 46, -440, 4, -445, 3, -445, 5, -453, 46, -464, 5, -471, 0, -481, 0, -569, 48, -572, 48, -578, 7, -578, 11, -579, 8, -588, 7, -588, 8, -588, 11, -594, 0, -601, 0, -583, 21, -588, 21, -596, 0, -602, 0, -456, 15, -463, 44, -470, 27, -480, 44, -484, 15, -490, 27, -500, 0, -507, 0, -542, 30, -547, 37, -554, 14, -559, 26, -565, 30, -572, 37, -572, 14, -576, 26, -586, 0, -596, 0, -506, 50, -511, 22, -519, 40, -523, 36, -523, 50, -532, 22, -541, 40, -548, 36, -556, 0, -563, 0, -465, 20, -471, 42, -479, 32, -486, 31, -496, 20, -501, 42, -506, 32, -511, 31, -521, 0, -531, 0, -433, 12, -436, 23, -441, 6, -450, 23, -463, 12, -470, 6, -478, 0, -485, 0, -437, 10, -443, 10, -452, 0, -460, 0, -484, 49, -490, 35, -496, 13, -502, 49, -509, 35, -518, 13, -521, 0, -530, 0, -510, 25, -518, 16, -524, 45, -532, 33, -544, 25, -552, 16, -552, 41, -561, 45, -566, 41, -568, 33, -580, 0, -590, 0, -460, 2, -463, 1, -463, 1, -470, 2, -470, 0, -476, 0, -539, 38, -546, 9, -558, 47, -568, 38, -576, 9, -581, 47, -589, 0, -596, 0, -510, 34, -514, 18, -517, 19, -526, 18, -530, 19, -536, 34, -543, 0, -550, 0, -542, 39, -552, 39, -556, 24, -556, 24, -562, 0, -570, 0, -558, 43, -568, 43, -569, 28, -572, 28, -578, 0, -586, 0, -453, 29, -464, 29, -473, 0, -480, 0, -480, 17, -490, 17, -499, 0, -505]
[0, -425, 3, -431, 4, -431, 46, -440, 4, -445, 3, -445, 5, -453, 46, -464, 5, -471, 0, -481, 0, -569, 48, -572, 48, -578, 7, -578, 11, -579, 8, -588, 7, -588, 8, -588, 11, -594, 0, -601, 0, -583, 21, -588, 21, -596, 0, -602, 0, -456, 15, -463, 44, -470, 27, -480, 44, -484, 15, -490, 27, -500, 0, -507, 0, -542, 30, -547, 37, -554, 14, -559, 26, -565, 30, -572, 37, -572, 14, -576, 26, -586, 0, -596, 0, -506, 50, -511, 22, -519, 40, -523, 36, -523, 50, -532, 22, -541, 40, -548, 36, -556, 0, -563, 0, -465, 20, -471, 42, -479, 32, -486, 31, -496, 20, -501, 42, -506, 32, -511, 31, -521, 0, -531, 0, -433, 12, -436, 23, -441, 6, -450, 23, -463, 12, -470, 6, -478, 0, -485, 0, -437, 10, -443, 10, -452, 0, -460, 0, -484, 49, -490, 35, -496, 13, -502, 49, -509, 35, -518, 13, -521, 0, -530, 0, -510, 25, -518, 16, -524, 45, -532, 33, -544, 25, -552, 16, -552, 41, -561, 45, -566, 41, -568, 33, -580, 0, -590, 0, -460, 2, -463, 1, -463, 1, -470, 2, -470, 0, -476, 0, -539, 38, -546, 9, -558, 47, -568, 38, -576, 9, -581, 47, -589, 0, -596, 0, -510, 34, -514, 18, -517, 19, -526, 18, -530, 19, -536, 34, -543, 0, -550, 0, -542, 39, -552, 39, -556, 24, -556, 24, -562, 0, -570, 0, -558, 43, -568, 43, -569, 28, -572, 28, -578, 0, -586, 0, -453, 29, -464, 29, -473, 0, -480, 0, -480, 17, -490, 17, -499, 0, -505]
[0, -425, 3, -431, 4, -431, 46, -440, 4, -445, 3, -445, 5, -453, 46, -464, 5, -471, 0, -481, 0, -569, 48, -572, 48, -578, 7, -578, 11, -579, 8, -588, 7, -588, 8, -588, 11, -594, 0, -601, 0, -583, 21, -588, 21, -596, 0, -602, 0, -456, 15, -463, 44, -470, 27, -480, 44, -484, 15, -490, 27, -500, 0, -507, 0, -542, 30, -547, 37, -554, 14, -559, 26, -565, 30, -572, 37, -572, 14, -576, 26, -586, 0, -596, 0, -506, 50, -511, 22, -519, 40, -523, 36, -523, 50, -532, 22, -541, 40, -548, 36, -556, 0, -563, 0, -465, 20, -471, 42, -479, 32, -486, 31, -496, 20, -501, 42, -506, 32, -511, 31, -521, 0, -531, 0, -433, 12, -436, 23, -441, 6, -450, 23, -463, 12, -470, 6, -478, 0, -485, 0, -437, 10, -443, 10, -452, 0, -460, 0, -484, 49, -490, 35, -496, 13, -502, 49, -509, 35, -518, 13, -521, 0, -530, 0, -510, 25, -518, 16, -524, 45, -532, 33, -544, 25, -552, 16, -552, 41, -561, 45, -566, 41, -568, 33, -580, 0, -590, 0, -460, 2, -463, 1, -463, 1, -470, 2, -470, 0, -476, 0, -539, 38, -546, 9, -558, 47, -568, 38, -576, 9, -581, 47, -589, 0, -596, 0, -510, 34, -514, 18, -517, 19, -526, 18, -530, 19, -536, 34, -543, 0, -550, 0, -542, 39, -552, 39, -556, 24, -556, 24, -562, 0, -570, 0, -558, 43, -568, 43, -569, 28, -572, 28, -578, 0, -586, 0, -453, 29, -464, 29, -473, 0, -480, 0, -480, 17, -490, 17, -499, 0, -505]
[0, -425, 3, -431, 4, -431, 46, -440, 4, -445, 3, -445, 5, -453, 46, -464, 5, -471, 0, -481, 0, -569, 48, -572, 48, -578, 7, -578, 11, -579, 8, -588, 7, -588, 8, -588, 11, -594, 0, -601, 0, -583, 21, -588, 21, -596, 0, -602, 0, -456, 15, -463, 44, -470, 27, -480, 44, -484, 15, -490, 27, -500, 0, -507, 0, -542, 30, -547, 37, -554, 14, -559, 26, -565, 30, -572, 37, -572, 14, -576, 26, -586, 0, -596, 0, -506, 50, -511, 22, -519, 40, -523, 36, -523, 50, -532, 22, -541, 40, -548, 36, -556, 0, -563, 0, -465, 20, -471, 42, -479, 32, -486, 31, -496, 20, -501, 42, -506, 32, -511, 31, -521, 0, -531, 0, -433, 12, -436, 23, -441, 6, -450, 23, -463, 12, -470, 6, -478, 0, -485, 0, -437, 10, -443, 10, -452, 0, -460, 0, -484, 49, -490, 35, -496, 13, -502, 49, -509, 35, -518, 13, -521, 0, -530, 0, -510, 25, -518, 16, -524, 45, -532, 33, -544, 25, -552, 16, -552, 41, -561, 45, -566, 41, -568, 33, -580, 0, -590, 0, -460, 2, -463, 1, -463, 1, -470, 2, -470, 0, -476, 0, -539, 38, -546, 9, -558, 47, -568, 38, -576, 9, -581, 47, -589, 0, -596, 0, -510, 34, -514, 18, -517, 19, -526, 18, -530, 19, -536, 34, -543, 0, -550, 0, -542, 39, -552, 39, -556, 24, -556, 24, -562, 0, -570, 0, -558, 43, -568, 43, -569, 28, -572, 28, -578, 0, -586, 0, -453, 29, -464, 29, -473, 0, -480, 0, -480, 17, -490, 17, -499, 0, -505]
[0, -425, 3, -431, 4, -431, 46, -440, 4, -445, 3, -445, 5, -453, 46, -464, 5, -471, 0, -481, 0, -569, 48, -572, 48, -578, 7, -578, 11, -579, 8, -588, 7, -588, 8, -588, 11, -594, 0, -601, 0, -583, 21, -588, 21, -596, 0, -602, 0, -456, 15, -463, 44, -470, 27, -480, 44, -484, 15, -490, 27, -500, 0, -507, 0, -542, 30, -547, 37, -554, 14, -559, 26, -565, 30, -572, 37, -572, 14, -576, 26, -586, 0, -596, 0, -506, 50, -511, 22, -519, 40, -523, 36, -523, 50, -532, 22, -541, 40, -548, 36, -556, 0, -563, 0, -465, 20, -471, 42, -479, 32, -486, 31, -496, 20, -501, 42, -506, 32, -511, 31, -521, 0, -531, 0, -433, 12, -436, 23, -441, 6, -450, 23, -463, 12, -470, 6, -478, 0, -485, 0, -437, 10, -443, 10, -452, 0, -460, 0, -484, 49, -490, 35, -496, 13, -502, 49, -509, 35, -518, 13, -521, 0, -530, 0, -510, 25, -518, 16, -524, 45, -532, 33, -544, 25, -552, 16, -552, 41, -561, 45, -566, 41, -568, 33, -580, 0, -590, 0, -460, 2, -463, 1, -463, 1, -470, 2, -470, 0, -476, 0, -539, 38, -546, 9, -558, 47, -568, 38, -576, 9, -581, 47, -589, 0, -596, 0, -510, 34, -514, 18, -517, 19, -526, 18, -530, 19, -536, 34, -543, 0, -550, 0, -542, 39, -552, 39, -556, 24, -556, 24, -562, 0, -570, 0, -558, 43, -568, 43, -569, 28, -572, 28, -578, 0, -586, 0, -453, 29, -464, 29, -473, 0, -480, 0, -480, 17, -490, 17, -499, 0, -505]
[0, -425, 3, -431, 4, -431, 46, -440, 4, -445, 3, -445, 5, -453, 46, -464, 5, -471, 0, -481, 0, -569, 48, -572, 48, -578, 7, -578, 11, -579, 8, -588, 7, -588, 8, -588, 11, -594, 0, -601, 0, -583, 21, -588, 21, -596, 0, -602, 0, -456, 15, -463, 44, -470, 27, -480, 44, -484, 15, -490, 27, -500, 0, -507, 0, -542, 30, -547, 37, -554, 14, -559, 26, -565, 30, -572, 37, -572, 14, -576, 26, -586, 0, -596, 0, -506, 50, -511, 22, -519, 40, -523, 36, -523, 50, -532, 22, -541, 40, -548, 36, -556, 0, -563, 0, -465, 20, -471, 42, -479, 32, -486, 31, -496, 20, -501, 42, -506, 32, -511, 31, -521, 0, -531, 0, -433, 12, -436, 23, -441, 6, -450, 23, -463, 12, -470, 6, -478, 0, -485, 0, -437, 10, -443, 10, -452, 0, -460, 0, -484, 49, -490, 35, -496, 13, -502, 49, -509, 35, -518, 13, -521, 0, -530, 0, -510, 25, -518, 16, -524, 45, -532, 33, -544, 25, -552, 16, -552, 41, -561, 45, -566, 41, -568, 33, -580, 0, -590, 0, -460, 2, -463, 1, -463, 1, -470, 2, -470, 0, -476, 0, -539, 38, -546, 9, -558, 47, -568, 38, -576, 9, -581, 47, -589, 0, -596, 0, -510, 34, -514, 18, -517, 19, -526, 18, -530, 19, -536, 34, -543, 0, -550, 0, -542, 39, -552, 39, -556, 24, -556, 24, -562, 0, -570, 0, -558, 43, -568, 43, -569, 28, -572, 28, -578, 0, -586, 0, -453, 29, -464, 29, -473, 0, -480, 0, -480, 17, -490, 17, -499, 0, -505]
[0, -425, 3, -431, 4, -431, 46, -440, 4, -445, 3, -445, 5, -453, 46, -464, 5, -471, 0, -481, 0, -569, 48, -572, 48, -578, 7, -578, 11, -579, 8, -588, 7, -588, 8, -588, 11, -594, 0, -601, 0, -583, 21, -588, 21, -596, 0, -602, 0, -456, 15, -463, 44, -470, 27, -480, 44, -484, 15, -490, 27, -500, 0, -507, 0, -542, 30, -547, 37, -554, 14, -559, 26, -565, 30, -572, 37, -572, 14, -576, 26, -586, 0, -596, 0, -506, 50, -511, 22, -519, 40, -523, 36, -523, 50, -532, 22, -541, 40, -548, 36, -556, 0, -563, 0, -465, 20, -471, 42, -479, 32, -486, 31, -496, 20, -501, 42, -506, 32, -511, 31, -521, 0, -531, 0, -433, 12, -436, 23, -441, 6, -450, 23, -463, 12, -470, 6, -478, 0, -485, 0, -437, 10, -443, 10, -452, 0, -460, 0, -484, 49, -490, 35, -496, 13, -502, 49, -509, 35, -518, 13, -521, 0, -530, 0, -510, 25, -518, 16, -524, 45, -532, 33, -544, 25, -552, 16, -552, 41, -561, 45, -566, 41, -568, 33, -580, 0, -590, 0, -460, 2, -463, 1, -463, 1, -470, 2, -470, 0, -476, 0, -539, 38, -546, 9, -558, 47, -568, 38, -576, 9, -581, 47, -589, 0, -596, 0, -510, 34, -514, 18, -517, 19, -526, 18, -530, 19, -536, 34, -543, 0, -550, 0, -542, 39, -552, 39, -556, 24, -556, 24, -562, 0, -570, 0, -558, 43, -568, 43, -569, 28, -572, 28, -578, 0, -586, 0, -453, 29, -464, 29, -473, 0, -480, 0, -480, 17, -490, 17, -499, 0, -505]
[0, -425, 3, -431, 4, -431, 46, -440, 4, -445, 3, -445, 5, -453, 46, -464, 5, -471, 0, -481, 0, -569, 48, -572, 48, -578, 7, -578, 11, -579, 8, -588, 7, -588, 8, -588, 11, -594, 0, -601, 0, -583, 21, -588, 21, -596, 0, -602, 0, -456, 15, -463, 44, -470, 27, -480, 44, -484, 15, -490, 27, -500, 0, -507, 0, -542, 30, -547, 37, -554, 14, -559, 26, -565, 30, -572, 37, -572, 14, -576, 26, -586, 0, -596, 0, -506, 50, -511, 22, -519, 40, -523, 36, -523, 50, -532, 22, -541, 40, -548, 36, -556, 0, -563, 0, -465, 20, -471, 42, -479, 32, -486, 31, -496, 20, -501, 42, -506, 32, -511, 31, -521, 0, -531, 0, -433, 12, -436, 23, -441, 6, -450, 23, -463, 12, -470, 6, -478, 0, -485, 0, -437, 10, -443, 10, -452, 0, -460, 0, -484, 49, -490, 35, -496, 13, -502, 49, -509, 35, -518, 13, -521, 0, -530, 0, -510, 25, -518, 16, -524, 45, -532, 33, -544, 25, -552, 16, -552, 41, -561, 45, -566, 41, -568, 33, -580, 0, -590, 0, -460, 2, -463, 1, -463, 1, -470, 2, -470, 0, -476, 0, -539, 38, -546, 9, -558, 47, -568, 38, -576, 9, -581, 47, -589, 0, -596, 0, -510, 34, -514, 18, -517, 19, -526, 18, -530, 19, -536, 34, -543, 0, -550, 0, -542, 39, -552, 39, -556, 24, -556, 24, -562, 0, -570, 0, -558, 43, -568, 43, -569, 28, -572, 28, -578, 0, -586, 0, -453, 29, -464, 29, -473, 0, -480, 0, -480, 17, -490, 17, -499, 0, -505]
[0, -425, 3, -431, 4, -431, 46, -440, 4, -445, 3, -445, 5, -453, 46, -464, 5, -471, 0, -481, 0, -569, 48, -572, 48, -578, 7, -578, 11, -579, 8, -588, 7, -588, 8, -588, 11, -594, 0, -601, 0, -583, 21, -588, 21, -596, 0, -602, 0, -456, 15, -463, 44, -470, 27, -480, 44, -484, 15, -490, 27, -500, 0, -507, 0, -542, 30, -547, 37, -554, 14, -559, 26, -565, 30, -572, 37, -572, 14, -576, 26, -586, 0, -596, 0, -506, 50, -511, 22, -519, 40, -523, 36, -523, 50, -532, 22, -541, 40, -548, 36, -556, 0, -563, 0, -465, 20, -471, 42, -479, 32, -486, 31, -496, 20, -501, 42, -506, 32, -511, 31, -521, 0, -531, 0, -433, 12, -436, 23, -441, 6, -450, 23, -463, 12, -470, 6, -478, 0, -485, 0, -437, 10, -443, 10, -452, 0, -460, 0, -484, 49, -490, 35, -496, 13, -502, 49, -509, 35, -518, 13, -521, 0, -530, 0, -510, 25, -518, 16, -524, 45, -532, 33, -544, 25, -552, 16, -552, 41, -561, 45, -566, 41, -568, 33, -580, 0, -590, 0, -460, 2, -463, 1, -463, 1, -470, 2, -470, 0, -476, 0, -539, 38, -546, 9, -558, 47, -568, 38, -576, 9, -581, 47, -589, 0, -596, 0, -510, 34, -514, 18, -517, 19, -526, 18, -530, 19, -536, 34, -543, 0, -550, 0, -542, 39, -552, 39, -556, 24, -556, 24, -562, 0, -570, 0, -558, 43, -568, 43, -569, 28, -572, 28, -578, 0, -586, 0, -453, 29, -464, 29, -473, 0, -480, 0, -480, 17, -490, 17, -499, 0, -505]
[0, -425, 3, -431, 4, -431, 46, -440, 4, -445, 3, -445, 5, -453, 46, -464, 5, -471, 0, -481, 0, -569, 48, -572, 48, -578, 7, -578, 11, -579, 8, -588, 7, -588, 8, -588, 11, -594, 0, -601, 0, -583, 21, -588, 21, -596, 0, -602, 0, -456, 15, -463, 44, -470, 27, -480, 44, -484, 15, -490, 27, -500, 0, -507, 0, -542, 30, -547, 37, -554, 14, -559, 26, -565, 30, -572, 37, -572, 14, -576, 26, -586, 0, -596, 0, -506, 50, -511, 22, -519, 40, -523, 36, -523, 50, -532, 22, -541, 40, -548, 36, -556, 0, -563, 0, -465, 20, -471, 42, -479, 32, -486, 31, -496, 20, -501, 42, -506, 32, -511, 31, -521, 0, -531, 0, -433, 12, -436, 23, -441, 6, -450, 23, -463, 12, -470, 6, -478, 0, -485, 0, -437, 10, -443, 10, -452, 0, -460, 0, -484, 49, -490, 35, -496, 13, -502, 49, -509, 35, -518, 13, -521, 0, -530, 0, -510, 25, -518, 16, -524, 45, -532, 33, -544, 25, -552, 16, -552, 41, -561, 45, -566, 41, -568, 33, -580, 0, -590, 0, -460, 2, -463, 1, -463, 1, -470, 2, -470, 0, -476, 0, -539, 38, -546, 9, -558, 47, -568, 38, -576, 9, -581, 47, -589, 0, -596, 0, -510, 34, -514, 18, -517, 19, -526, 18, -530, 19, -536, 34, -543, 0, -550, 0, -542, 39, -552, 39, -556, 24, -556, 24, -562, 0, -570, 0, -558, 43, -568, 43, -569, 28, -572, 28, -578, 0, -586, 0, -453, 29, -464, 29, -473, 0, -480, 0, -480, 17, -490, 17, -499, 0, -505]
[0, -425, 3, -431, 4, -431, 46, -440, 4, -445, 3, -445, 5, -453, 46, -464, 5, -471, 0, -481, 0, -569, 48, -572, 48, -578, 7, -578, 11, -579, 8, -588, 7, -588, 8, -588, 11, -594, 0, -601, 0, -583, 21, -588, 21, -596, 0, -602, 0, -456, 15, -463, 44, -470, 27, -480, 44, -484, 15, -490, 27, -500, 0, -507, 0, -542, 30, -547, 37, -554, 14, -559, 26, -565, 30, -572, 37, -572, 14, -576, 26, -586, 0, -596, 0, -506, 50, -511, 22, -519, 40, -523, 36, -523, 50, -532, 22, -541, 40, -548, 36, -556, 0, -563, 0, -465, 20, -471, 42, -479, 32, -486, 31, -496, 20, -501, 42, -506, 32, -511, 31, -521, 0, -531, 0, -433, 12, -436, 23, -441, 6, -450, 23, -463, 12, -470, 6, -478, 0, -485, 0, -437, 10, -443, 10, -452, 0, -460, 0, -484, 49, -490, 35, -496, 13, -502, 49, -509, 35, -518, 13, -521, 0, -530, 0, -510, 25, -518, 16, -524, 45, -532, 33, -544, 25, -552, 16, -552, 41, -561, 45, -566, 41, -568, 33, -580, 0, -590, 0, -460, 2, -463, 1, -463, 1, -470, 2, -470, 0, -476, 0, -539, 38, -546, 9, -558, 47, -568, 38, -576, 9, -581, 47, -589, 0, -596, 0, -510, 34, -514, 18, -517, 19, -526, 18, -530, 19, -536, 34, -543, 0, -550, 0, -542, 39, -552, 39, -556, 24, -556, 24, -562, 0, -570, 0, -558, 43, -568, 43, -569, 28, -572, 28, -578, 0, -586, 0, -453, 29, -464, 29, -473, 0, -480, 0, -480, 17, -490, 17, -499, 0, -505]
[0, -425, 3, -431, 4, -431, 46, -440, 4, -445, 3, -445, 5, -453, 46, -464, 5, -471, 0, -481, 0, -569, 48, -572, 48, -578, 7, -578, 11, -579, 8, -588, 7, -588, 8, -588, 11, -594, 0, -601, 0, -583, 21, -588, 21, -596, 0, -602, 0, -456, 15, -463, 44, -470, 27, -480, 44, -484, 15, -490, 27, -500, 0, -507, 0, -542, 30, -547, 37, -554, 14, -559, 26, -565, 30, -572, 37, -572, 14, -576, 26, -586, 0, -596, 0, -506, 50, -511, 22, -519, 40, -523, 36, -523, 50, -532, 22, -541, 40, -548, 36, -556, 0, -563, 0, -465, 20, -471, 42, -479, 32, -486, 31, -496, 20, -501, 42, -506, 32, -511, 31, -521, 0, -531, 0, -433, 12, -436, 23, -441, 6, -450, 23, -463, 12, -470, 6, -478, 0, -485, 0, -437, 10, -443, 10, -452, 0, -460, 0, -484, 49, -490, 35, -496, 13, -502, 49, -509, 35, -518, 13, -521, 0, -530, 0, -510, 25, -518, 16, -524, 45, -532, 33, -544, 25, -552, 16, -552, 41, -561, 45, -566, 41, -568, 33, -580, 0, -590, 0, -460, 2, -463, 1, -463, 1, -470, 2, -470, 0, -476, 0, -539, 38, -546, 9, -558, 47, -568, 38, -576, 9, -581, 47, -589, 0, -596, 0, -510, 34, -514, 18, -517, 19, -526, 18, -530, 19, -536, 34, -543, 0, -550, 0, -542, 39, -552, 39, -556, 24, -556, 24, -562, 0, -570, 0, -558, 43, -568, 43, -569, 28, -572, 28, -578, 0, -586, 0, -453, 29, -464, 29, -473, 0, -480, 0, -480, 17, -490, 17, -499, 0, -505]
