[]
[]
[]
[]
[]
[]
[]
[]
[]
[]
[]
[]
[]
[]
[]
[]
[]
[]
[]
[]
[]
[]
[]
[]
[]
[]
[]
[]
[]
[]
[]
[]
[]
[]
[]
[]
[]
[]
[]
[]
[0, -425, 5, -431, 4, -431, 3, -431, 46, -440, 3, -445, 4, -445, 46, -454, 5, -461, 0, -471, 0, -551, 8, -556, 7, -566, 11, -573, 48, -580, 8, -580, 7, -580, 11, -586, 48, -586, 0, -593, 0, -546, 24, -552, 24, -558, 21, -563, 21, -571, 0, -577, 0, -445, 12, -448, 44, -455, 15, -466, 27, -473, 12, -474, 44, -479, 15, -485, 27, -495, 0, -502, 0, -542, 30, -547, 37, -554, 14, -559, 26, -565, 30, -572, 37, -572, 14, -576, 26, -586, 0, -596, 0, -506, 50, -511, 22, -519, 40, -523, 36, -523, 50, -532, 22, -541, 40, -548, 36, -556, 0, -563, 0, -465, 20, -471, 42, -479, 32, -486, 31, -496, 20, -501, 42, -506, 32, -511, 31, -521, 0, -531, 0, -529, 19, -532, 19, -537, 0, -542, 0, -435, 23, -440, 1, -443, 6, -450, 23, -463, 1, -469, 6, -471, 0, -478, 0, -437, 10, -443, 10, -452, 0, -460, 0, -471, 49, -477, 35, -483, 18, -492, 13, -502, 49, -509, 35, -518, 18, -523, 13, -528, 0, -537, 0, -506, 25, -514, 16, -520, 45, -528, 33, -540, 25, -548, 16, -548, 45, -554, 33, -566, 0, -576, 0, -460, 2, -463, 2, -470, 0, -476, 0, -539, 38, -546, 9, -558, 47, -568, 38, -576, 9, -581, 47, -589, 0, -596, 0, -530, 34, -534, 34, -539, 0, -546, 0, -533, 39, -543, 28, -547, 41, -556, 39, -566, 41, -574, 28, -583, 0, -591, 0, -558, 43, -568, 43, -569, 0, -577, 0, -453, 29, -464, 29, -473, 0, -480, 0, -480, 17, -490, 17, -499, 0, -505]
[0, -425, 5, -431, 4, -431, 3, -431, 46, -440, 3, -445, 4, -445, 46, -454, 5, -461, 0, -471, 0, -551, 8, -556, 7, -566, 11, -573, 48, -580, 8, -580, 7, -580, 11, -586, 48, -586, 0, -593, 0, -546, 24, -552, 24, -558, 21, -563, 21, -571, 0, -577, 0, -445, 12, -448, 44, -455, 15, -466, 27, -473, 12, -474, 44, -479, 15, -485, 27, -495, 0, -502, 0, -542, 30, -547, 37, -554, 14, -559, 26, -565, 30, -572, 37, -572, 14, -576, 26, -586, 0, -596, 0, -506, 50, -511, 22, -519, 40, -523, 36, -523, 50, -532, 22, -541, 40, -548, 36, -556, 0, -563, 0, -465, 20, -471, 42, -479, 32, -486, 31, -496, 20, -501, 42, -506, 32, -511, 31, -521, 0, -531, 0, -529, 19, -532, 19, -537, 0, -542, 0, -435, 23, -440, 1, -443, 6, -450, 23, -463, 1, -469, 6, -471, 0, -478, 0, -437, 10, -443, 10, -452, 0, -460, 0, -471, 49, -477, 35, -483, 18, -492, 13, -502, 49, -509, 35, -518, 18, -523, 13, -528, 0, -537, 0, -506, 25, -514, 16, -520, 45, -528, 33, -540, 25, -548, 16, -548, 45, -554, 33, -566, 0, -576, 0, -460, 2, -463, 2, -470, 0, -476, 0, -539, 38, -546, 9, -558, 47, -568, 38, -576, 9, -581, 47, -589, 0, -596, 0, -530, 34, -534, 34, -539, 0, -546, 0, -533, 39, -543, 28, -547, 41, -556, 39, -566, 41, -574, 28, -583, 0, -591, 0, -558, 43, -568, 43, -569, 0, -577, 0, -453, 29, -464, 29, -473, 0, -480, 0, -480, 17, -490, 17, -499, 0, -505]
[0, -425, 5, -431, 4, -431, 3, -431, 46, -440, 3, -445, 4, -445, 46, -454, 5, -461, 0, -471, 0, -551, 8, -556, 7, -566, 11, -573, 48, -580, 8, -580, 7, -580, 11, -586, 48, -586, 0, -593, 0, -546, 24, -552, 24, -558, 21, -563, 21, -571, 0, -577, 0, -445, 12, -448, 44, -455, 15, -466, 27, -473, 12, -474, 44, -479, 15, -485, 27, -495, 0, -502, 0, -542, 30, -547, 37, -554, 14, -559, 26, -565, 30, -572, 37, -572, 14, -576, 26, -586, 0, -596, 0, -506, 50, -511, 22, -519, 40, -523, 36, -523, 50, -532, 22, -541, 40, -548, 36, -556, 0, -563, 0, -465, 20, -471, 42, -479, 32, -486, 31, -496, 20, -501, 42, -506, 32, -511, 31, -521, 0, -531, 0, -529, 19, -532, 19, -537, 0, -542, 0, -435, 23, -440, 1, -443, 6, -450, 23, -463, 1, -469, 6, -471, 0, -478, 0, -437, 10, -443, 10, -452, 0, -460, 0, -471, 49, -477, 35, -483, 18, -492, 13, -502, 49, -509, 35, -518, 18, -523, 13, -528, 0, -537, 0, -506, 25, -514, 16, -520, 45, -528, 33, -540, 25, -548, 16, -548, 45, -554, 33, -566, 0, -576, 0, -460, 2, -463, 2, -470, 0, -476, 0, -539, 38, -546, 9, -558, 47, -568, 38, -576, 9, -581, 47, -589, 0, -596, 0, -530, 34, -534, 34, -539, 0, -546, 0, -533, 39, -543, 28, -547, 41, -556, 39, -566, 41, -574, 28, -583, 0, -591, 0, -558, 43, -568, 43, -569, 0, -577, 0, -453, 29, -464, 29, -473, 0, -480, 0, -480, 17, -490, 17, -499, 0, -505]
[0, -425, 5, -431, 4, -431, 3, -431, 46, -440, 3, -445, 4, -445, 46, -454, 5, -461, 0, -471, 0, -551, 8, -556, 7, -566, 11, -573, 48, -580, 8, -580, 7, -580, 11, -586, 48, -586, 0, -593, 0, -546, 24, -552, 24, -558, 21, -563, 21, -571, 0, -577, 0, -445, 12, -448, 44, -455, 15, -466, 27, -473, 12, -474, 44, -479, 15, -485, 27, -495, 0, -502, 0, -542, 30, -547, 37, -554, 14, -559, 26, -565, 30, -572, 37, -572, 14, -576, 26, -586, 0, -596, 0, -506, 50, -511, 22, -519, 40, -523, 36, -523, 50, -532, 22, -541, 40, -548, 36, -556, 0, -563, 0, -465, 20, -471, 42, -479, 32, -486, 31, -496, 20, -501, 42, -506, 32, -511, 31, -521, 0, -531, 0, -529, 19, -532, 19, -537, 0, -542, 0, -435, 23, -440, 1, -443, 6, -450, 23, -463, 1, -469, 6, -471, 0, -478, 0, -437, 10, -443, 10, -452, 0, -460, 0, -471, 49, -477, 35, -483, 18, -492, 13, -502, 49, -509, 35, -518, 18, -523, 13, -528, 0, -537, 0, -506, 25, -514, 16, -520, 45, -528, 33, -540, 25, -548, 16, -548, 45, -554, 33, -566, 0, -576, 0, -460, 2, -463, 2, -470, 0, -476, 0, -539, 38, -546, 9, -558, 47, -568, 38, -576, 9, -581, 47, -589, 0, -596, 0, -530, 34, -534, 34, -539, 0, -546, 0, -533, 39, -543, 28, -547, 41, -556, 39, -566, 41, -574, 28, -583, 0, -591, 0, -558, 43, -568, 43, -569, 0, -577, 0, -453, 29, -464, 29, -473, 0, -480, 0, -480, 17, -490, 17, -499, 0, -505]
[0, -425, 5, -431, 4, -431, 3, -431, 46, -440, 3, -445, 4, -445, 46, -454, 5, -461, 0, -471, 0, -551, 8, -556, 7, -566, 11, -573, 48, -580, 8, -580, 7, -580, 11, -586, 48, -586, 0, -593, 0, -546, 24, -552, 24, -558, 21, -563, 21, -571, 0, -577, 0, -445, 12, -448, 44, -455, 15, -466, 27, -473, 12, -474, 44, -479, 15, -485, 27, -495, 0, -502, 0, -542, 30, -547, 37, -554, 14, -559, 26, -565, 30, -572, 37, -572, 14, -576, 26, -586, 0, -596, 0, -506, 50, -511, 22, -519, 40, -523, 36, -523, 50, -532, 22, -541, 40, -548, 36, -556, 0, -563, 0, -465, 20, -471, 42, -479, 32, -486, 31, -496, 20, -501, 42, -506, 32, -511, 31, -521, 0, -531, 0, -529, 19, -532, 19, -537, 0, -542, 0, -435, 23, -440, 1, -443, 6, -450, 23, -463, 1, -469, 6, -471, 0, -478, 0, -437, 10, -443, 10, -452, 0, -460, 0, -471, 49, -477, 35, -483, 18, -492, 13, -502, 49, -509, 35, -518, 18, -523, 13, -528, 0, -537, 0, -506, 25, -514, 16, -520, 45, -528, 33, -540, 25, -548, 16, -548, 45, -554, 33, -566, 0, -576, 0, -460, 2, -463, 2, -470, 0, -476, 0, -539, 38, -546, 9, -558, 47, -568, 38, -576, 9, -581, 47, -589, 0, -596, 0, -530, 34, -534, 34, -539, 0, -546, 0, -533, 39, -543, 28, -547, 41, -556, 39, -566, 41, -574, 28, -583, 0, -591, 0, -558, 43, -568, 43, -569, 0, -577, 0, -453, 29, -464, 29, -473, 0, -480, 0, -480, 17, -490, 17, -499, 0, -505]
[0, -425, 5, -431, 4, -431, 3, -431, 46, -440, 3, -445, 4, -445, 46, -454, 5, -461, 0, -471, 0, -551, 8, -556, 7, -566, 11, -573, 48, -580, 8, -580, 7, -580, 11, -586, 48, -586, 0, -593, 0, -546, 24, -552, 24, -558, 21, -563, 21, -571, 0, -577, 0, -445, 12, -448, 44, -455, 15, -466, 27, -473, 12, -474, 44, -479, 15, -485, 27, -495, 0, -502, 0, -542, 30, -547, 37, -554, 14, -559, 26, -565, 30, -572, 37, -572, 14, -576, 26, -586, 0, -596, 0, -506, 50, -511, 22, -519, 40, -523, 36, -523, 50, -532, 22, -541, 40, -548, 36, -556, 0, -563, 0, -465, 20, -471, 42, -479, 32, -486, 31, -496, 20, -501, 42, -506, 32, -511, 31, -521, 0, -531, 0, -529, 19, -532, 19, -537, 0, -542, 0, -435, 23, -440, 1, -443, 6, -450, 23, -463, 1, -469, 6, -471, 0, -478, 0, -437, 10, -443, 10, -452, 0, -460, 0, -471, 49, -477, 35, -483, 18, -492, 13, -502, 49, -509, 35, -518, 18, -523, 13, -528, 0, -537, 0, -506, 25, -514, 16, -520, 45, -528, 33, -540, 25, -548, 16, -548, 45, -554, 33, -566, 0, -576, 0, -460, 2, -463, 2, -470, 0, -476, 0, -539, 38, -546, 9, -558, 47, -568, 38, -576, 9, -581, 47, -589, 0, -596, 0, -530, 34, -534, 34, -539, 0, -546, 0, -533, 39, -543, 28, -547, 41, -556, 39, -566, 41, -574, 28, -583, 0, -591, 0, -558, 43, -568, 43, -569, 0, -577, 0, -453, 29, -464, 29, -473, 0, -480, 0, -480, 17, -490, 17, -499, 0, -505]
[0, -427, 5, -433, 4, -433, 3, -433, 4, -445, 3, -445, 46, -452, 46, -458, 5, -465, 0, -475, 0, -551, 8, -556, 7, -566, 11, -573, 48, -580, 8, -580, 7, -580, 11, -586, 48, -586, 0, -593, 0, -546, 24, -552, 24, -558, 21, -563, 21, -571, 0, -577, 0, -445, 12, -448, 44, -455, 15, -466, 27, -473, 12, -474, 44, -479, 15, -485, 27, -495, 0, -502, 0, -542, 30, -547, 37, -554, 14, -559, 26, -565, 30, -572, 37, -572, 14, -576, 26, -586, 0, -596, 0, -506, 50, -511, 22, -519, 40, -523, 36, -523, 50, -532, 22, -541, 40, -548, 36, -556, 0, -563, 0, -465, 20, -471, 42, -479, 32, -486, 31, -496, 20, -501, 42, -506, 32, -511, 31, -521, 0, -531, 0, -435, 23, -440, 1, -443, 6, -450, 23, -463, 1, -469, 6, -471, 0, -478, 0, -437, 10, -443, 10, -452, 0, -460, 0, -471, 49, -477, 35, -483, 18, -492, 13, -502, 49, -509, 35, -518, 18, -523, 13, -528, 0, -537, 0, -506, 25, -514, 16, -520, 45, -528, 33, -540, 25, -548, 16, -548, 45, -554, 33, -566, 0, -576, 0, -460, 2, -463, 2, -470, 0, -476, 0, -539, 38, -546, 9, -558, 47, -568, 38, -576, 9, -581, 47, -589, 0, -596, 0, -521, 34, -525, 19, -532, 19, -537, 34, -544, 0, -551, 0, -533, 39, -543, 28, -547, 41, -556, 39, -566, 41, -574, 28, -583, 0, -591, 0, -558, 43, -568, 43, -569, 0, -577, 0, -453, 29, -464, 29, -473, 0, -480, 0, -480, 17, -490, 17, -499, 0, -505]
[0, -425, 3, -431, 4, -431, 46, -440, 4, -445, 3, -445, 5, -453, 46, -464, 5, -471, 0, -481, 0, -551, 8, -556, 7, -566, 11, -573, 48, -580, 8, -580, 7, -580, 11, -586, 48, -586, 0, -593, 0, -546, 24, -552, 24, -558, 21, -563, 21, -571, 0, -577, 0, -445, 12, -448, 44, -455, 15, -466, 27, -473, 12, -474, 44, -479, 15, -485, 27, -495, 0, -502, 0, -548, 30, -553, 14, -559, 26, -565, 30, -572, 14, -576, 26, -586, 0, -596, 0, -506, 50, -511, 22, -519, 40, -523, 36, -523, 50, -532, 22, -541, 40, -548, 36, -556, 0, -563, 0, -465, 20, -471, 42, -479, 32, -486, 31, -496, 20, -501, 42, -506, 32, -511, 31, -521, 0, -531, 0, -435, 23, -440, 1, -443, 6, -450, 23, -463, 1, -469, 6, -471, 0, -478, 0, -437, 10, -443, 10, -452, 0, -460, 0, -471, 49, -477, 35, -483, 18, -492, 13, -502, 49, -509, 35, -518, 18, -523, 13, -528, 0, -537, 0, -506, 25, -514, 16, -520, 45, -528, 33, -540, 25, -548, 16, -548, 45, -554, 33, -566, 0, -576, 0, -539, 38, -546, 9, -558, 47, -568, 38, -576, 9, -581, 47, -589, 0, -596, 0, -521, 34, -525, 19, -532, 19, -537, 34, -544, 0, -551, 0, -519, 37, -523, 39, -533, 28, -537, 41, -546, 39, -556, 41, -564, 37, -571, 28, -577, 0, -585, 0, -558, 43, -568, 43, -569, 0, -577, 0, -453, 29, -464, 29, -473, 0, -480, 0, -460, 2, -463, 2, -470, 17, -482, 17, -491, 0, -497]
[0, -425, 3, -431, 4, -431, 46, -440, 4, -445, 3, -445, 5, -453, 46, -464, 5, -471, 0, -481, 0, -551, 8, -556, 7, -566, 11, -573, 48, -580, 8, -580, 7, -580, 11, -586, 48, -586, 0, -593, 0, -546, 24, -552, 24, -558, 21, -563, 21, -571, 0, -577, 0, -445, 12, -448, 44, -455, 15, -466, 27, -473, 12, -474, 44, -479, 15, -485, 27, -495, 0, -502, 0, -548, 30, -553, 14, -559, 26, -565, 30, -572, 14, -576, 26, -586, 0, -596, 0, -506, 50, -511, 22, -519, 40, -523, 36, -523, 50, -532, 22, -541, 40, -548, 36, -556, 0, -563, 0, -465, 20, -471, 42, -479, 32, -486, 31, -496, 20, -501, 42, -506, 32, -511, 31, -521, 0, -531, 0, -435, 23, -440, 1, -443, 6, -450, 23, -463, 1, -469, 6, -471, 0, -478, 0, -437, 10, -443, 10, -452, 0, -460, 0, -471, 49, -477, 35, -483, 18, -492, 13, -502, 49, -509, 35, -518, 18, -523, 13, -528, 0, -537, 0, -506, 25, -514, 16, -520, 45, -528, 33, -540, 25, -548, 16, -548, 45, -554, 33, -566, 0, -576, 0, -539, 38, -546, 9, -558, 47, -568, 38, -576, 9, -581, 47, -589, 0, -596, 0, -521, 34, -525, 19, -532, 19, -537, 34, -544, 0, -551, 0, -519, 37, -523, 39, -533, 28, -537, 41, -546, 39, -556, 41, -564, 37, -571, 28, -577, 0, -585, 0, -558, 43, -568, 43, -569, 0, -577, 0, -453, 29, -464, 29, -473, 0, -480, 0, -460, 2, -463, 2, -470, 17, -482, 17, -491, 0, -497]
[0, -425, 3, -431, 4, -431, 46, -440, 4, -445, 3, -445, 5, -453, 46, -464, 5, -471, 0, -481, 0, -551, 8, -556, 7, -566, 11, -573, 48, -580, 8, -580, 7, -580, 11, -586, 48, -586, 0, -593, 0, -546, 24, -552, 24, -558, 21, -563, 21, -571, 0, -577, 0, -445, 12, -448, 44, -455, 15, -466, 27, -473, 12, -474, 44, -479, 15, -485, 27, -495, 0, -502, 0, -548, 30, -553, 14, -559, 26, -565, 30, -572, 14, -576, 26, -586, 0, -596, 0, -506, 50, -511, 22, -519, 40, -523, 36, -523, 50, -532, 22, -541, 40, -548, 36, -556, 0, -563, 0, -465, 20, -471, 42, -479, 32, -486, 31, -496, 20, -501, 42, -506, 32, -511, 31, -521, 0, -531, 0, -435, 23, -440, 1, -443, 6, -450, 23, -463, 1, -469, 6, -471, 0, -478, 0, -437, 10, -443, 10, -452, 0, -460, 0, -471, 49, -477, 35, -483, 18, -492, 13, -502, 49, -509, 35, -518, 18, -523, 13, -528, 0, -537, 0, -506, 25, -514, 16, -520, 45, -528, 33, -540, 25, -548, 16, -548, 45, -554, 33, -566, 0, -576, 0, -539, 38, -546, 9, -558, 47, -568, 38, -576, 9, -581, 47, -589, 0, -596, 0, -521, 34, -525, 19, -532, 19, -537, 34, -544, 0, -551, 0, -519, 37, -523, 39, -533, 28, -537, 41, -546, 39, -556, 41, -564, 37, -571, 28, -577, 0, -585, 0, -558, 43, -568, 43, -569, 0, -577, 0, -453, 29, -464, 29, -473, 0, -480, 0, -460, 2, -463, 2, -470, 17, -482, 17, -491, 0, -497]
[0, -425, 3, -431, 4, -431, 46, -440, 4, -445, 3, -445, 5, -453, 46, -464, 5, -471, 0, -481, 0, -551, 8, -556, 7, -566, 11, -573, 48, -580, 8, -580, 7, -580, 11, -586, 48, -586, 0, -593, 0, -546, 24, -552, 24, -558, 21, -563, 21, -571, 0, -577, 0, -445, 12, -448, 44, -455, 15, -466, 27, -473, 12, -474, 44, -479, 15, -485, 27, -495, 0, -502, 0, -548, 30, -553, 14, -559, 26, -565, 30, -572, 14, -576, 26, -586, 0, -596, 0, -506, 50, -511, 22, -519, 40, -523, 36, -523, 50, -532, 22, -541, 40, -548, 36, -556, 0, -563, 0, -465, 20, -471, 42, -479, 32, -486, 31, -496, 20, -501, 42, -506, 32, -511, 31, -521, 0, -531, 0, -435, 23, -440, 1, -443, 6, -450, 23, -463, 1, -469, 6, -471, 0, -478, 0, -437, 10, -443, 10, -452, 0, -460, 0, -471, 49, -477, 35, -483, 18, -492, 13, -502, 49, -509, 35, -518, 18, -523, 13, -528, 0, -537, 0, -506, 25, -514, 16, -520, 45, -528, 33, -540, 25, -548, 16, -548, 45, -554, 33, -566, 0, -576, 0, -539, 38, -546, 9, -558, 47, -568, 38, -576, 9, -581, 47, -589, 0, -596, 0, -521, 34, -525, 19, -532, 19, -537, 34, -544, 0, -551, 0, -519, 37, -523, 39, -533, 28, -537, 41, -546, 39, -556, 41, -564, 37, -571, 28, -577, 0, -585, 0, -558, 43, -568, 43, -569, 0, -577, 0, -453, 29, -464, 29, -473, 0, -480, 0, -460, 2, -463, 2, -470, 17, -482, 17, -491, 0, -497]
[0, -425, 3, -431, 4, -431, 46, -440, 4, -445, 3, -445, 5, -453, 46, -464, 5, -471, 0, -481, 0, -551, 8, -556, 7, -566, 11, -573, 48, -580, 8, -580, 7, -580, 11, -586, 48, -586, 0, -593, 0, -546, 24, -552, 24, -558, 21, -563, 21, -571, 0, -577, 0, -445, 12, -448, 44, -455, 15, -466, 27, -473, 12, -474, 44, -479, 15, -485, 27, -495, 0, -502, 0, -548, 30, -553, 14, -559, 26, -565, 30, -572, 14, -576, 26, -586, 0, -596, 0, -506, 50, -511, 22, -519, 40, -523, 36, -523, 50, -532, 22, -541, 40, -548, 36, -556, 0, -563, 0, -465, 20, -471, 42, -479, 32, -486, 31, -496, 20, -501, 42, -506, 32, -511, 31, -521, 0, -531, 0, -435, 23, -440, 1, -443, 6, -450, 23, -463, 1, -469, 6, -471, 0, -478, 0, -437, 10, -443, 10, -452, 0, -460, 0, -471, 49, -477, 35, -483, 18, -492, 13, -502, 49, -509, 35, -518, 18, -523, 13, -528, 0, -537, 0, -506, 25, -514, 16, -520, 45, -528, 33, -540, 25, -548, 16, -548, 45, -554, 33, -566, 0, -576, 0, -539, 38, -546, 9, -558, 47, -568, 38, -576, 9, -581, 47, -589, 0, -596, 0, -521, 34, -525, 19, -532, 19, -537, 34, -544, 0, -551, 0, -519, 37, -523, 39, -533, 28, -537, 41, -546, 39, -556, 41, -564, 37, -571, 28, -577, 0, -585, 0, -558, 43, -568, 43, -569, 0, -577, 0, -453, 29, -464, 29, -473, 0, -480, 0, -460, 2, -463, 2, -470, 17, -482, 17, -491, 0, -497]
[0, -425, 3, -431, 4, -431, 46, -440, 4, -445, 3, -445, 5, -453, 46, -464, 5, -471, 0, -481, 0, -551, 8, -556, 7, -566, 11, -573, 48, -580, 8, -580, 7, -580, 11, -586, 48, -586, 0, -593, 0, -546, 24, -552, 24, -558, 21, -563, 21, -571, 0, -577, 0, -445, 12, -448, 44, -455, 15, -466, 27, -473, 12, -474, 44, -479, 15, -485, 27, -495, 0, -502, 0, -548, 30, -553, 14, -559, 26, -565, 30, -572, 14, -576, 26, -586, 0, -596, 0, -506, 50, -511, 22, -519, 40, -523, 36, -523, 50, -532, 22, -541, 40, -548, 36, -556, 0, -563, 0, -465, 20, -471, 42, -479, 32, -486, 31, -496, 20, -501, 42, -506, 32, -511, 31, -521, 0, -531, 0, -435, 23, -440, 1, -443, 6, -450, 23, -463, 1, -469, 6, -471, 0, -478, 0, -437, 10, -443, 10, -452, 0, -460, 0, -471, 49, -477, 35, -483, 18, -492, 13, -502, 49, -509, 35, -518, 18, -523, 13, -528, 0, -537, 0, -506, 25, -514, 16, -520, 45, -528, 33, -540, 25, -548, 16, -548, 45, -554, 33, -566, 0, -576, 0, -539, 38, -546, 9, -558, 47, -568, 38, -576, 9, -581, 47, -589, 0, -596, 0, -521, 34, -525, 19, -532, 19, -537, 34, -544, 0, -551, 0, -519, 37, -523, 39, -533, 28, -537, 41, -546, 39, -556, 41, -564, 37, -571, 28, -577, 0, -585, 0, -558, 43, -568, 43, -569, 0, -577, 0, -453, 29, -464, 29, -473, 0, -480, 0, -460, 2, -463, 2, -470, 17, -482, 17, -491, 0, -497]
[0, -425, 3, -431, 4, -431, 46, -440, 4, -445, 3, -445, 5, -453, 46, -464, 5, -471, 0, -481, 0, -551, 8, -556, 7, -566, 11, -573, 48, -580, 8, -580, 7, -580, 11, -586, 48, -586, 0, -593, 0, -546, 24, -552, 24, -558, 21, -563, 21, -571, 0, -577, 0, -445, 12, -448, 44, -455, 15, -466, 27, -473, 12, -474, 44, -479, 15, -485, 27, -495, 0, -502, 0, -548, 30, -553, 14, -559, 26, -565, 30, -572, 14, -576, 26, -586, 0, -596, 0, -506, 50, -511, 22, -519, 40, -523, 36, -523, 50, -532, 22, -541, 40, -548, 36, -556, 0, -563, 0, -465, 20, -471, 42, -479, 32, -486, 31, -496, 20, -501, 42, -506, 32, -511, 31, -521, 0, -531, 0, -435, 23, -440, 1, -443, 6, -450, 23, -463, 1, -469, 6, -471, 0, -478, 0, -437, 10, -443, 10, -452, 0, -460, 0, -471, 49, -477, 35, -483, 18, -492, 13, -502, 49, -509, 35, -518, 18, -523, 13, -528, 0, -537, 0, -506, 25, -514, 16, -520, 45, -528, 33, -540, 25, -548, 16, -548, 45, -554, 33, -566, 0, -576, 0, -539, 38, -546, 9, -558, 47, -568, 38, -576, 9, -581, 47, -589, 0, -596, 0, -521, 34, -525, 19, -532, 19, -537, 34, -544, 0, -551, 0, -519, 37, -523, 39, -533, 28, -537, 41, -546, 39, -556, 41, -564, 37, -571, 28, -577, 0, -585, 0, -558, 43, -568, 43, -569, 0, -577, 0, -453, 29, -464, 29, -473, 0, -480, 0, -460, 2, -463, 2, -470, 17, -482, 17, -491, 0, -497]
[0, -425, 3, -431, 4, -431, 46, -440, 4, -445, 3, -445, 5, -453, 46, -464, 5, -471, 0, -481, 0, -551, 8, -556, 7, -566, 11, -573, 48, -580, 8, -580, 7, -580, 11, -586, 48, -586, 0, -593, 0, -546, 24, -552, 24, -558, 21, -563, 21, -571, 0, -577, 0, -445, 12, -448, 44, -455, 15, -466, 27, -473, 12, -474, 44, -479, 15, -485, 27, -495, 0, -502, 0, -548, 30, -553, 14, -559, 26, -565, 30, -572, 14, -576, 26, -586, 0, -596, 0, -506, 50, -511, 22, -519, 40, -523, 36, -523, 50, -532, 22, -541, 40, -548, 36, -556, 0, -563, 0, -465, 20, -471, 42, -479, 32, -486, 31, -496, 20, -501, 42, -506, 32, -511, 31, -521, 0, -531, 0, -435, 23, -440, 1, -443, 6, -450, 23, -463, 1, -469, 6, -471, 0, -478, 0, -437, 10, -443, 10, -452, 0, -460, 0, -471, 49, -477, 35, -483, 18, -492, 13, -502, 49, -509, 35, -518, 18, -523, 13, -528, 0, -537, 0, -506, 25, -514, 16, -520, 45, -528, 33, -540, 25, -548, 16, -548, 45, -554, 33, -566, 0, -576, 0, -539, 38, -546, 9, -558, 47, -568, 38, -576, 9, -581, 47, -589, 0, -596, 0, -521, 34, -525, 19, -532, 19, -537, 34, -544, 0, -551, 0, -519, 37, -523, 39, -533, 28, -537, 41, -546, 39, -556, 41, -564, 37, -571, 28, -577, 0, -585, 0, -558, 43, -568, 43, -569, 0, -577, 0, -453, 29, -464, 29, -473, 0, -480, 0, -460, 2, -463, 2, -470, 17, -482, 17, -491, 0, -497]
[0, -425, 3, -431, 4, -431, 46, -440, 4, -445, 3, -445, 5, -453, 46, -464, 5, -471, 0, -481, 0, -551, 8, -556, 7, -566, 11, -573, 48, -580, 8, -580, 7, -580, 11, -586, 48, -586, 0, -593, 0, -546, 24, -552, 24, -558, 21, -563, 21, -571, 0, -577, 0, -445, 12, -448, 44, -455, 15, -466, 27, -473, 12, -474, 44, -479, 15, -485, 27, -495, 0, -502, 0, -548, 30, -553, 14, -559, 26, -565, 30, -572, 14, -576, 26, -586, 0, -596, 0, -506, 50, -511, 22, -519, 40, -523, 36, -523, 50, -532, 22, -541, 40, -548, 36, -556, 0, -563, 0, -465, 20, -471, 42, -479, 32, -486, 31, -496, 20, -501, 42, -506, 32, -511, 31, -521, 0, -531, 0, -435, 23, -440, 1, -443, 6, -450, 23, -463, 1, -469, 6, -471, 0, -478, 0, -437, 10, -443, 10, -452, 0, -460, 0, -471, 49, -477, 35, -483, 18, -492, 13, -502, 49, -509, 35, -518, 18, -523, 13, -528, 0, -537, 0, -506, 25, -514, 16, -520, 45, -528, 33, -540, 25, -548, 16, -548, 45, -554, 33, -566, 0, -576, 0, -539, 38, -546, 9, -558, 47, -568, 38, -576, 9, -581, 47, -589, 0, -596, 0, -521, 34, -525, 19, -532, 19, -537, 34, -544, 0, -551, 0, -519, 37, -523, 39, -533, 28, -537, 41, -546, 39, -556, 41, -564, 37, -571, 28, -577, 0, -585, 0, -558, 43, -568, 43, -569, 0, -577, 0, -453, 29, -464, 29, -473, 0, -480, 0, -460, 2, -463, 2, -470, 17, -482, 17, -491, 0, -497]
[0, -425, 3, -431, 4, -431, 46, -440, 4, -445, 3, -445, 5, -453, 46, -464, 5, -471, 0, -481, 0, -551, 8, -556, 7, -566, 11, -573, 48, -580, 8, -580, 7, -580, 11, -586, 48, -586, 0, -593, 0, -546, 24, -552, 24, -558, 21, -563, 21, -571, 0, -577, 0, -445, 12, -448, 44, -455, 15, -466, 27, -473, 12, -474, 44, -479, 15, -485, 27, -495, 0, -502, 0, -548, 30, -553, 14, -559, 26, -565, 30, -572, 14, -576, 26, -586, 0, -596, 0, -506, 50, -511, 22, -519, 40, -523, 36, -523, 50, -532, 22, -541, 40, -548, 36, -556, 0, -563, 0, -465, 20, -471, 42, -479, 32, -486, 31, -496, 20, -501, 42, -506, 32, -511, 31, -521, 0, -531, 0, -435, 23, -440, 1, -443, 6, -450, 23, -463, 1, -469, 6, -471, 0, -478, 0, -437, 10, -443, 10, -452, 0, -460, 0, -471, 49, -477, 35, -483, 18, -492, 13, -502, 49, -509, 35, -518, 18, -523, 13, -528, 0, -537, 0, -506, 25, -514, 16, -520, 45, -528, 33, -540, 25, -548, 16, -548, 45, -554, 33, -566, 0, -576, 0, -539, 38, -546, 9, -558, 47, -568, 38, -576, 9, -581, 47, -589, 0, -596, 0, -521, 34, -525, 19, -532, 19, -537, 34, -544, 0, -551, 0, -519, 37, -523, 39, -533, 28, -537, 41, -546, 39, -556, 41, -564, 37, -571, 28, -577, 0, -585, 0, -558, 43, -568, 43, -569, 0, -577, 0, -453, 29, -464, 29, -473, 0, -480, 0, -460, 2, -463, 2, -470, 17, -482, 17, -491, 0, -497]
[0, -425, 3, -431, 4, -431, 46, -440, 4, -445, 3, -445, 5, -453, 46, -464, 5, -471, 0, -481, 0, -551, 8, -556, 7, -566, 11, -573, 48, -580, 8, -580, 7, -580, 11, -586, 48, -586, 0, -593, 0, -546, 24, -552, 24, -558, 21, -563, 21, -571, 0, -577, 0, -445, 12, -448, 44, -455, 15, -466, 27, -473, 12, -474, 44, -479, 15, -485, 27, -495, 0, -502, 0, -548, 30, -553, 14, -559, 26, -565, 30, -572, 14, -576, 26, -586, 0, -596, 0, -506, 50, -511, 22, -519, 40, -523, 36, -523, 50, -532, 22, -541, 40, -548, 36, -556, 0, -563, 0, -465, 20, -471, 42, -479, 32, -486, 31, -496, 20, -501, 42, -506, 32, -511, 31, -521, 0, -531, 0, -435, 23, -440, 1, -443, 6, -450, 23, -463, 1, -469, 6, -471, 0, -478, 0, -437, 10, -443, 10, -452, 0, -460, 0, -471, 49, -477, 35, -483, 18, -492, 13, -502, 49, -509, 35, -518, 18, -523, 13, -528, 0, -537, 0, -506, 25, -514, 16, -520, 45, -528, 33, -540, 25, -548, 16, -548, 45, -554, 33, -566, 0, -576, 0, -539, 38, -546, 9, -558, 47, -568, 38, -576, 9, -581, 47, -589, 0, -596, 0, -521, 34, -525, 19, -532, 19, -537, 34, -544, 0, -551, 0, -519, 37, -523, 39, -533, 28, -537, 41, -546, 39, -556, 41, -564, 37, -571, 28, -577, 0, -585, 0, -558, 43, -568, 43, -569, 0, -577, 0, -453, 29, -464, 29, -473, 0, -480, 0, -460, 2, -463, 2, -470, 17, -482, 17, -491, 0, -497]
[0, -425, 3, -431, 4, -431, 46, -440, 4, -445, 3, -445, 5, -453, 46, -464, 5, -471, 0, -481, 0, -549, 8, -554, 7, -564, 48, -572, 48, -578, 8, -586, 7, -586, 11, -587, 11, -595, 0, -602, 0, -546, 24, -552, 24, -558, 21, -563, 21, -571, 0, -577, 0, -445, 12, -448, 44, -455, 15, -466, 27, -473, 12, -474, 44, -479, 15, -485, 27, -495, 0, -502, 0, -548, 30, -553, 14, -559, 26, -565, 30, -572, 14, -576, 26, -586, 0, -596, 0, -506, 50, -511, 22, -519, 40, -523, 36, -523, 50, -532, 22, -541, 40, -548, 36, -556, 0, -563, 0, -465, 20, -471, 42, -479, 32, -486, 31, -496, 20, -501, 42, -506, 32, -511, 31, -521, 0, -531, 0, -435, 23, -440, 1, -443, 6, -450, 23, -463, 1, -469, 6, -471, 0, -478, 0, -471, 49, -477, 35, -483, 18, -492, 13, -502, 49, -509, 35, -518, 18, -523, 13, -528, 0, -537, 0, -506, 25, -514, 16, -520, 45, -528, 33, -540, 25, -548, 16, -548, 45, -554, 33, -566, 0, -576, 0, -539, 38, -546, 9, -558, 47, -568, 38, -576, 9, -581, 47, -589, 0, -596, 0, -521, 34, -525, 19, -532, 19, -537, 34, -544, 0, -551, 0, -519, 37, -523, 39, -533, 28, -537, 41, -546, 39, -556, 41, -564, 37, -571, 28, -577, 0, -585, 0, -558, 43, -568, 43, -569, 0, -577, 0, -423, 29, -434, 10, -443, 10, -452, 29, -459, 0, -466, 0, -460, 2, -463, 2, -470, 17, -482, 17, -491, 0, -497]
[0, -425, 3, -431, 4, -431, 46, -440, 4, -445, 3, -445, 5, -453, 46, -464, 5, -471, 0, -481, 0, -549, 8, -554, 7, -564, 48, -572, 48, -578, 8, -586, 7, -586, 11, -587, 11, -595, 0, -602, 0, -546, 24, -552, 24, -558, 21, -563, 21, -571, 0, -577, 0, -445, 12, -448, 44, -455, 15, -466, 27, -473, 12, -474, 44, -479, 15, -485, 27, -495, 0, -502, 0, -548, 30, -553, 14, -559, 26, -565, 30, -572, 14, -576, 26, -586, 0, -596, 0, -506, 50, -511, 22, -519, 40, -523, 36, -523, 50, -532, 22, -541, 40, -548, 36, -556, 0, -563, 0, -465, 20, -471, 42, -479, 32, -486, 31, -496, 20, -501, 42, -506, 32, -511, 31, -521, 0, -531, 0, -435, 23, -440, 1, -443, 6, -450, 23, -463, 1, -469, 6, -471, 0, -478, 0, -471, 49, -477, 35, -483, 18, -492, 13, -502, 49, -509, 35, -518, 18, -523, 13, -528, 0, -537, 0, -506, 25, -514, 16, -520, 45, -528, 33, -540, 25, -548, 16, -548, 45, -554, 33, -566, 0, -576, 0, -539, 38, -546, 9, -558, 47, -568, 38, -576, 9, -581, 47, -589, 0, -596, 0, -521, 34, -525, 19, -532, 19, -537, 34, -544, 0, -551, 0, -519, 37, -523, 39, -533, 28, -537, 41, -546, 39, -556, 41, -564, 37, -571, 28, -577, 0, -585, 0, -558, 43, -568, 43, -569, 0, -577, 0, -423, 29, -434, 10, -443, 10, -452, 29, -459, 0, -466, 0, -460, 2, -463, 2, -470, 17, -482, 17, -491, 0, -497]
[0, -425, 3, -431, 4, -431, 46, -440, 4, -445, 3, -445, 5, -453, 46, -464, 5, -471, 0, -481, 0, -549, 8, -554, 7, -564, 48, -572, 48, -578, 8, -586, 7, -586, 11, -587, 11, -595, 0, -602, 0, -546, 24, -552, 24, -558, 21, -563, 21, -571, 0, -577, 0, -445, 12, -448, 44, -455, 15, -466, 27, -473, 12, -474, 44, -479, 15, -485, 27, -495, 0, -502, 0, -548, 30, -553, 14, -559, 26, -565, 30, -572, 14, -576, 26, -586, 0, -596, 0, -506, 50, -511, 22, -519, 40, -523, 36, -523, 50, -532, 22, -541, 40, -548, 36, -556, 0, -563, 0, -465, 20, -471, 42, -479, 32, -486, 31, -496, 20, -501, 42, -506, 32, -511, 31, -521, 0, -531, 0, -435, 23, -440, 1, -443, 6, -450, 23, -463, 1, -469, 6, -471, 0, -478, 0, -471, 49, -477, 35, -483, 18, -492, 13, -502, 49, -509, 35, -518, 18, -523, 13, -528, 0, -537, 0, -506, 25, -514, 16, -520, 45, -528, 33, -540, 25, -548, 16, -548, 45, -554, 33, -566, 0, -576, 0, -539, 38, -546, 9, -558, 47, -568, 38, -576, 9, -581, 47, -589, 0, -596, 0, -521, 34, -525, 19, -532, 19, -537, 34, -544, 0, -551, 0, -519, 37, -523, 39, -533, 28, -537, 41, -546, 39, -556, 41, -564, 37, -571, 28, -577, 0, -585, 0, -558, 43, -568, 43, -569, 0, -577, 0, -423, 29, -434, 10, -443, 10, -452, 29, -459, 0, -466, 0, -460, 2, -463, 2, -470, 17, -482, 17, -491, 0, -497]
[0, -425, 3, -431, 4, -431, 46, -440, 4, -445, 3, -445, 5, -453, 46, -464, 5, -471, 0, -481, 0, -549, 8, -554, 7, -564, 48, -572, 48, -578, 8, -586, 7, -586, 11, -587, 11, -595, 0, -602, 0, -546, 24, -552, 24, -558, 21, -563, 21, -571, 0, -577, 0, -445, 12, -448, 44, -455, 15, -466, 27, -473, 12, -474, 44, -479, 15, -485, 27, -495, 0, -502, 0, -548, 30, -553, 14, -559, 26, -565, 30, -572, 14, -576, 26, -586, 0, -596, 0, -506, 50, -511, 22, -519, 40, -523, 36, -523, 50, -532, 22, -541, 40, -548, 36, -556, 0, -563, 0, -465, 20, -471, 42, -479, 32, -486, 31, -496, 20, -501, 42, -506, 32, -511, 31, -521, 0, -531, 0, -435, 23, -440, 1, -443, 6, -450, 23, -463, 1, -469, 6, -471, 0, -478, 0, -471, 49, -477, 35, -483, 18, -492, 13, -502, 49, -509, 35, -518, 18, -523, 13, -528, 0, -537, 0, -506, 25, -514, 16, -520, 45, -528, 33, -540, 25, -548, 16, -548, 45, -554, 33, -566, 0, -576, 0, -539, 38, -546, 9, -558, 47, -568, 38, -576, 9, -581, 47, -589, 0, -596, 0, -521, 34, -525, 19, -532, 19, -537, 34, -544, 0, -551, 0, -519, 37, -523, 39, -533, 28, -537, 41, -546, 39, -556, 41, -564, 37, -571, 28, -577, 0, -585, 0, -558, 43, -568, 43, -569, 0, -577, 0, -423, 29, -434, 10, -443, 10, -452, 29, -459, 0, -466, 0, -460, 2, -463, 2, -470, 17, -482, 17, -491, 0, -497]
[0, -425, 3, -431, 4, -431, 46, -440, 4, -445, 3, -445, 5, -453, 46, -464, 5, -471, 0, -481, 0, -549, 8, -554, 7, -564, 48, -572, 48, -578, 8, -586, 7, -586, 11, -587, 11, -595, 0, -602, 0, -546, 24, -552, 24, -558, 21, -563, 21, -571, 0, -577, 0, -445, 12, -448, 44, -455, 15, -466, 27, -473, 12, -474, 44, -479, 15, -485, 27, -495, 0, -502, 0, -548, 30, -553, 14, -559, 26, -565, 30, -572, 14, -576, 26, -586, 0, -596, 0, -506, 50, -511, 22, -519, 40, -523, 36, -523, 50, -532, 22, -541, 40, -548, 36, -556, 0, -563, 0, -465, 20, -471, 42, -479, 32, -486, 31, -496, 20, -501, 42, -506, 32, -511, 31, -521, 0, -531, 0, -435, 23, -440, 1, -443, 6, -450, 23, -463, 1, -469, 6, -471, 0, -478, 0, -471, 49, -477, 35, -483, 18, -492, 13, -502, 49, -509, 35, -518, 18, -523, 13, -528, 0, -537, 0, -506, 25, -514, 16, -520, 45, -528, 33, -540, 25, -548, 16, -548, 45, -554, 33, -566, 0, -576, 0, -539, 38, -546, 9, -558, 47, -568, 38, -576, 9, -581, 47, -589, 0, -596, 0, -521, 34, -525, 19, -532, 19, -537, 34, -544, 0, -551, 0, -519, 37, -523, 39, -533, 28, -537, 41, -546, 39, -556, 41, -564, 37, -571, 28, -577, 0, -585, 0, -558, 43, -568, 43, -569, 0, -577, 0, -423, 29, -434, 10, -443, 10, -452, 29, -459, 0, -466, 0, -460, 2, -463, 2, -470, 17, -482, 17, -491, 0, -497]
[0, -425, 3, -431, 4, -431, 46, -440, 4, -445, 3, -445, 5, -453, 46, -464, 5, -471, 0, -481, 0, -549, 8, -554, 7, -564, 48, -572, 48, -578, 8, -586, 7, -586, 11, -587, 11, -595, 0, -602, 0, -546, 24, -552, 24, -558, 21, -563, 21, -571, 0, -577, 0, -445, 12, -448, 44, -455, 15, -466, 27, -473, 12, -474, 44, -479, 15, -485, 27, -495, 0, -502, 0, -548, 30, -553, 14, -559, 26, -565, 30, -572, 14, -576, 26, -586, 0, -596, 0, -506, 50, -511, 22, -519, 40, -523, 36, -523, 50, -532, 22, -541, 40, -548, 36, -556, 0, -563, 0, -465, 20, -471, 42, -479, 32, -486, 31, -496, 20, -501, 42, -506, 32, -511, 31, -521, 0, -531, 0, -435, 23, -440, 1, -443, 6, -450, 23, -463, 1, -469, 6, -471, 0, -478, 0, -471, 49, -477, 35, -483, 18, -492, 13, -502, 49, -509, 35, -518, 18, -523, 13, -528, 0, -537, 0, -506, 25, -514, 16, -520, 45, -528, 33, -540, 25, -548, 16, -548, 45, -554, 33, -566, 0, -576, 0, -539, 38, -546, 9, -558, 47, -568, 38, -576, 9, -581, 47, -589, 0, -596, 0, -521, 34, -525, 19, -532, 19, -537, 34, -544, 0, -551, 0, -519, 37, -523, 39, -533, 28, -537, 41, -546, 39, -556, 41, -564, 37, -571, 28, -577, 0, -585, 0, -558, 43, -568, 43, -569, 0, -577, 0, -423, 29, -434, 10, -443, 10, -452, 29, -459, 0, -466, 0, -460, 2, -463, 2, -470, 17, -482, 17, -491, 0, -497]
[0, -425, 3, -431, 4, -431, 46, -440, 4, -445, 3, -445, 5, -453, 46, -464, 5, -471, 0, -481, 0, -552, 11, -556, 7, -564, 48, -572, 48, -578, 8, -587, 7, -587, 8, -587, 11, -593, 0, -600, 0, -565, 24, -571, 24, -577, 38, -584, 21, -592, 38, -597, 21, -600, 0, -606, 0, -445, 12, -448, 44, -455, 15, -466, 27, -473, 12, -474, 44, -479, 15, -485, 27, -495, 0, -502, 0, -548, 30, -553, 14, -559, 26, -565, 30, -572, 14, -576, 26, -586, 0, -596, 0, -506, 50, -511, 22, -519, 40, -523, 36, -523, 50, -532, 22, -541, 40, -548, 36, -556, 0, -563, 0, -465, 20, -471, 42, -479, 32, -486, 31, -496, 20, -501, 42, -506, 32, -511, 31, -521, 0, -531, 0, -435, 23, -440, 1, -443, 6, -450, 23, -463, 1, -469, 6, -471, 0, -478, 0, -471, 49, -477, 35, -483, 18, -492, 13, -502, 49, -509, 35, -518, 18, -523, 13, -528, 0, -537, 0, -506, 25, -514, 16, -520, 45, -528, 33, -540, 25, -548, 16, -548, 45, -554, 33, -566, 0, -576, 0, -561, 9, -571, 47, -581, 9, -590, 47, -598, 0, -605, 0, -521, 34, -525, 19, -532, 19, -537, 34, -544, 0, -551, 0, -519, 37, -523, 39, -533, 28, -537, 41, -546, 39, -556, 41, -564, 37, -571, 28, -577, 0, -585, 0, -558, 43, -568, 43, -569, 0, -577, 0, -423, 29, -434, 10, -443, 10, -452, 29, -459, 0, -466, 0, -460, 2, -463, 2, -470, 17, -482, 17, -491, 0, -497]
[0, -425, 3, -431, 4, -431, 46, -440, 4, -445, 3, -445, 5, -453, 46, -464, 5, -471, 0, -481, 0, -552, 11, -556, 7, -564, 48, -572, 48, -578, 8, -587, 7, -587, 8, -587, 11, -593, 0, -600, 0, -565, 24, -571, 24, -577, 38, -584, 21, -592, 38, -597, 21, -600, 0, -606, 0, -445, 12, -448, 44, -455, 15, -466, 27, -473, 12, -474, 44, -479, 15, -485, 27, -495, 0, -502, 0, -548, 30, -553, 14, -559, 26, -565, 30, -572, 14, -576, 26, -586, 0, -596, 0, -506, 50, -511, 22, -519, 40, -523, 36, -523, 50, -532, 22, -541, 40, -548, 36, -556, 0, -563, 0, -465, 20, -471, 42, -479, 32, -486, 31, -496, 20, -501, 42, -506, 32, -511, 31, -521, 0, -531, 0, -435, 23, -440, 1, -443, 6, -450, 23, -463, 1, -469, 6, -471, 0, -478, 0, -471, 49, -477, 35, -483, 18, -492, 13, -502, 49, -509, 35, -518, 18, -523, 13, -528, 0, -537, 0, -506, 25, -514, 16, -520, 45, -528, 33, -540, 25, -548, 16, -548, 45, -554, 33, -566, 0, -576, 0, -561, 9, -571, 47, -581, 9, -590, 47, -598, 0, -605, 0, -521, 34, -525, 19, -532, 19, -537, 34, -544, 0, -551, 0, -519, 37, -523, 39, -533, 28, -537, 41, -546, 39, -556, 41, -564, 37, -571, 28, -577, 0, -585, 0, -558, 43, -568, 43, -569, 0, -577, 0, -423, 29, -434, 10, -443, 10, -452, 29, -459, 0, -466, 0, -460, 2, -463, 2, -470, 17, -482, 17, -491, 0, -497]
[0, -425, 3, -431, 4, -431, 46, -440, 4, -445, 3, -445, 5, -453, 46, -464, 5, -471, 0, -481, 0, -552, 11, -556, 7, -564, 48, -572, 48, -578, 8, -587, 7, -587, 8, -587, 11, -593, 0, -600, 0, -565, 24, -571, 24, -577, 38, -584, 21, -592, 38, -597, 21, -600, 0, -606, 0, -445, 12, -448, 44, -455, 15, -466, 27, -473, 12, -474, 44, -479, 15, -485, 27, -495, 0, -502, 0, -548, 30, -553, 14, -559, 26, -565, 30, -572, 14, -576, 26, -586, 0, -596, 0, -506, 50, -511, 22, -519, 40, -523, 36, -523, 50, -532, 22, -541, 40, -548, 36, -556, 0, -563, 0, -465, 20, -471, 42, -479, 32, -486, 31, -496, 20, -501, 42, -506, 32, -511, 31, -521, 0, -531, 0, -435, 23, -440, 1, -443, 6, -450, 23, -463, 1, -469, 6, -471, 0, -478, 0, -471, 49, -477, 35, -483, 18, -492, 13, -502, 49, -509, 35, -518, 18, -523, 13, -528, 0, -537, 0, -506, 25, -514, 16, -520, 45, -528, 33, -540, 25, -548, 16, -548, 45, -554, 33, -566, 0, -576, 0, -561, 9, -571, 47, -581, 9, -590, 47, -598, 0, -605, 0, -521, 34, -525, 19, -532, 19, -537, 34, -544, 0, -551, 0, -519, 37, -523, 39, -533, 28, -537, 41, -546, 39, -556, 41, -564, 37, -571, 28, -577, 0, -585, 0, -558, 43, -568, 43, -569, 0, -577, 0, -423, 29, -434, 10, -443, 10, -452, 29, -459, 0, -466, 0, -460, 2, -463, 2, -470, 17, -482, 17, -491, 0, -497]
[0, -425, 3, -431, 4, -431, 46, -440, 4, -445, 3, -445, 5, -453, 46, -464, 5, -471, 0, -481, 0, -552, 11, -556, 7, -564, 48, -572, 48, -578, 8, -587, 7, -587, 8, -587, 11, -593, 0, -600, 0, -565, 24, -571, 24, -577, 38, -584, 21, -592, 38, -597, 21, -600, 0, -606, 0, -445, 12, -448, 44, -455, 15, -466, 27, -473, 12, -474, 44, -479, 15, -485, 27, -495, 0, -502, 0, -548, 30, -553, 14, -559, 26, -565, 30, -572, 14, -576, 26, -586, 0, -596, 0, -506, 50, -511, 22, -519, 40, -523, 36, -523, 50, -532, 22, -541, 40, -548, 36, -556, 0, -563, 0, -465, 20, -471, 42, -479, 32, -486, 31, -496, 20, -501, 42, -506, 32, -511, 31, -521, 0, -531, 0, -435, 23, -440, 1, -443, 6, -450, 23, -463, 1, -469, 6, -471, 0, -478, 0, -471, 49, -477, 35, -483, 18, -492, 13, -502, 49, -509, 35, -518, 18, -523, 13, -528, 0, -537, 0, -506, 25, -514, 16, -520, 45, -528, 33, -540, 25, -548, 16, -548, 45, -554, 33, -566, 0, -576, 0, -561, 9, -571, 47, -581, 9, -590, 47, -598, 0, -605, 0, -521, 34, -525, 19, -532, 19, -537, 34, -544, 0, -551, 0, -519, 37, -523, 39, -533, 28, -537, 41, -546, 39, -556, 41, -564, 37, -571, 28, -577, 0, -585, 0, -558, 43, -568, 43, -569, 0, -577, 0, -423, 29, -434, 10, -443, 10, -452, 29, -459, 0, -466, 0, -460, 2, -463, 2, -470, 17, -482, 17, -491, 0, -497]
[0, -425, 3, -431, 4, -431, 46, -440, 4, -445, 3, -445, 5, -453, 46, -464, 5, -471, 0, -481, 0, -552, 11, -556, 7, -564, 48, -572, 48, -578, 8, -587, 7, -587, 8, -587, 11, -593, 0, -600, 0, -565, 24, -571, 24, -577, 38, -584, 21, -592, 38, -597, 21, -600, 0, -606, 0, -445, 12, -448, 44, -455, 15, -466, 27, -473, 12, -474, 44, -479, 15, -485, 27, -495, 0, -502, 0, -548, 30, -553, 14, -559, 26, -565, 30, -572, 14, -576, 26, -586, 0, -596, 0, -506, 50, -511, 22, -519, 40, -523, 36, -523, 50, -532, 22, -541, 40, -548, 36, -556, 0, -563, 0, -465, 20, -471, 42, -479, 32, -486, 31, -496, 20, -501, 42, -506, 32, -511, 31, -521, 0, -531, 0, -435, 23, -440, 1, -443, 6, -450, 23, -463, 1, -469, 6, -471, 0, -478, 0, -471, 49, -477, 35, -483, 18, -492, 13, -502, 49, -509, 35, -518, 18, -523, 13, -528, 0, -537, 0, -506, 25, -514, 16, -520, 45, -528, 33, -540, 25, -548, 16, -548, 45, -554, 33, -566, 0, -576, 0, -561, 9, -571, 47, -581, 9, -590, 47, -598, 0, -605, 0, -521, 34, -525, 19, -532, 19, -537, 34, -544, 0, -551, 0, -519, 37, -523, 39, -533, 28, -537, 41, -546, 39, -556, 41, -564, 37, -571, 28, -577, 0, -585, 0, -558, 43, -568, 43, -569, 0, -577, 0, -423, 29, -434, 10, -443, 10, -452, 29, -459, 0, -466, 0, -460, 2, -463, 2, -470, 17, -482, 17, -491, 0, -497]
[0, -425, 3, -431, 4, -431, 46, -440, 4, -445, 3, -445, 5, -453, 46, -464, 5, -471, 0, -481, 0, -552, 11, -556, 7, -564, 48, -572, 48, -578, 8, -587, 7, -587, 8, -587, 11, -593, 0, -600, 0, -565, 24, -571, 24, -577, 38, -584, 21, -592, 38, -597, 21, -600, 0, -606, 0, -445, 12, -448, 44, -455, 15, -466, 27, -473, 12, -474, 44, -479, 15, -485, 27, -495, 0, -502, 0, -548, 30, -553, 14, -559, 26, -565, 30, -572, 14, -576, 26, -586, 0, -596, 0, -506, 50, -511, 22, -519, 40, -523, 36, -523, 50, -532, 22, -541, 40, -548, 36, -556, 0, -563, 0, -465, 20, -471, 42, -479, 32, -486, 31, -496, 20, -501, 42, -506, 32, -511, 31, -521, 0, -531, 0, -435, 23, -440, 1, -443, 6, -450, 23, -463, 1, -469, 6, -471, 0, -478, 0, -471, 49, -477, 35, -483, 18, -492, 13, -502, 49, -509, 35, -518, 18, -523, 13, -528, 0, -537, 0, -506, 25, -514, 16, -520, 45, -528, 33, -540, 25, -548, 16, -548, 45, -554, 33, -566, 0, -576, 0, -561, 9, -571, 47, -581, 9, -590, 47, -598, 0, -605, 0, -521, 34, -525, 19, -532, 19, -537, 34, -544, 0, -551, 0, -519, 37, -523, 39, -533, 28, -537, 41, -546, 39, -556, 41, -564, 37, -571, 28, -577, 0, -585, 0, -558, 43, -568, 43, -569, 0, -577, 0, -423, 29, -434, 10, -443, 10, -452, 29, -459, 0, -466, 0, -460, 2, -463, 2, -470, 17, -482, 17, -491, 0, -497]
[0, -425, 3, -431, 4, -431, 46, -440, 4, -445, 3, -445, 5, -453, 46, -464, 5, -471, 0, -481, 0, -552, 11, -556, 7, -564, 48, -572, 48, -578, 8, -587, 7, -587, 8, -587, 11, -593, 0, -600, 0, -565, 24, -571, 24, -577, 38, -584, 21, -592, 38, -597, 21, -600, 0, -606, 0, -445, 12, -448, 44, -455, 15, -466, 27, -473, 12, -474, 44, -479, 15, -485, 27, -495, 0, -502, 0, -548, 30, -553, 14, -559, 26, -565, 30, -572, 14, -576, 26, -586, 0, -596, 0, -506, 50, -511, 22, -519, 40, -523, 36, -523, 50, -532, 22, -541, 40, -548, 36, -556, 0, -563, 0, -465, 20, -471, 42, -479, 32, -486, 31, -496, 20, -501, 42, -506, 32, -511, 31, -521, 0, -531, 0, -435, 23, -440, 1, -443, 6, -450, 23, -463, 1, -469, 6, -471, 0, -478, 0, -471, 49, -477, 35, -483, 18, -492, 13, -502, 49, -509, 35, -518, 18, -523, 13, -528, 0, -537, 0, -506, 25, -514, 16, -520, 45, -528, 33, -540, 25, -548, 16, -548, 45, -554, 33, -566, 0, -576, 0, -561, 9, -571, 47, -581, 9, -590, 47, -598, 0, -605, 0, -521, 34, -525, 19, -532, 19, -537, 34, -544, 0, -551, 0, -519, 37, -523, 39, -533, 28, -537, 41, -546, 39, -556, 41, -564, 37, -571, 28, -577, 0, -585, 0, -558, 43, -568, 43, -569, 0, -577, 0, -423, 29, -434, 10, -443, 10, -452, 29, -459, 0, -466, 0, -460, 2, -463, 2, -470, 17, -482, 17, -491, 0, -497]
[0, -425, 3, -431, 4, -431, 46, -440, 4, -445, 3, -445, 5, -453, 46, -464, 5, -471, 0, -481, 0, -552, 11, -556, 7, -564, 48, -572, 48, -578, 8, -587, 7, -587, 8, -587, 11, -593, 0, -600, 0, -565, 24, -571, 24, -577, 38, -584, 21, -592, 38, -597, 21, -600, 0, -606, 0, -445, 12, -448, 44, -455, 15, -466, 27, -473, 12, -474, 44, -479, 15, -485, 27, -495, 0, -502, 0, -548, 30, -553, 14, -559, 26, -565, 30, -572, 14, -576, 26, -586, 0, -596, 0, -506, 50, -511, 22, -519, 40, -523, 36, -523, 50, -532, 22, -541, 40, -548, 36, -556, 0, -563, 0, -465, 20, -471, 42, -479, 32, -486, 31, -496, 20, -501, 42, -506, 32, -511, 31, -521, 0, -531, 0, -435, 23, -440, 1, -443, 6, -450, 23, -463, 1, -469, 6, -471, 0, -478, 0, -471, 49, -477, 35, -483, 18, -492, 13, -502, 49, -509, 35, -518, 18, -523, 13, -528, 0, -537, 0, -506, 25, -514, 16, -520, 45, -528, 33, -540, 25, -548, 16, -548, 45, -554, 33, -566, 0, -576, 0, -561, 9, -571, 47, -581, 9, -590, 47, -598, 0, -605, 0, -521, 34, -525, 19, -532, 19, -537, 34, -544, 0, -551, 0, -519, 37, -523, 39, -533, 28, -537, 41, -546, 39, -556, 41, -564, 37, -571, 28, -577, 0, -585, 0, -558, 43, -568, 43, -569, 0, -577, 0, -423, 29, -434, 10, -443, 10, -452, 29, -459, 0, -466, 0, -460, 2, -463, 2, -470, 17, -482, 17, -491, 0, -497]
[0, -425, 3, -431, 4, -431, 46, -440, 4, -445, 3, -445, 5, -453, 46, -464, 5, -471, 0, -481, 0, -552, 11, -556, 7, -564, 48, -572, 48, -578, 8, -587, 7, -587, 8, -587, 11, -593, 0, -600, 0, -565, 24, -571, 24, -577, 38, -584, 21, -592, 38, -597, 21, -600, 0, -606, 0, -445, 12, -448, 44, -455, 15, -466, 27, -473, 12, -474, 44, -479, 15, -485, 27, -495, 0, -502, 0, -548, 30, -553, 14, -559, 26, -565, 30, -572, 14, -576, 26, -586, 0, -596, 0, -506, 50, -511, 22, -519, 40, -523, 36, -523, 50, -532, 22, -541, 40, -548, 36, -556, 0, -563, 0, -465, 20, -471, 42, -479, 32, -486, 31, -496, 20, -501, 42, -506, 32, -511, 31, -521, 0, -531, 0, -435, 23, -440, 1, -443, 6, -450, 23, -463, 1, -469, 6, -471, 0, -478, 0, -471, 49, -477, 35, -483, 18, -492, 13, -502, 49, -509, 35, -518, 18, -523, 13, -528, 0, -537, 0, -506, 25, -514, 16, -520, 45, -528, 33, -540, 25, -548, 16, -548, 45, -554, 33, -566, 0, -576, 0, -561, 9, -571, 47, -581, 9, -590, 47, -598, 0, -605, 0, -521, 34, -525, 19, -532, 19, -537, 34, -544, 0, -551, 0, -519, 37, -523, 39, -533, 28, -537, 41, -546, 39, -556, 41, -564, 37, -571, 28, -577, 0, -585, 0, -558, 43, -568, 43, -569, 0, -577, 0, -423, 29, -434, 10, -443, 10, -452, 29, -459, 0, -466, 0, -460, 2, -463, 2, -470, 17, -482, 17, -491, 0, -497]
[0, -425, 3, -431, 4, -431, 46, -440, 4, -445, 3, -445, 5, -453, 46, -464, 5, -471, 0, -481, 0, -552, 11, -556, 7, -564, 48, -572, 48, -578, 8, -587, 7, -587, 8, -587, 11, -593, 0, -600, 0, -565, 24, -571, 24, -577, 38, -584, 21, -592, 38, -597, 21, -600, 0, -606, 0, -445, 12, -448, 44, -455, 15, -466, 27, -473, 12, -474, 44, -479, 15, -485, 27, -495, 0, -502, 0, -548, 30, -553, 14, -559, 26, -565, 30, -572, 14, -576, 26, -586, 0, -596, 0, -506, 50, -511, 22, -519, 40, -523, 36, -523, 50, -532, 22, -541, 40, -548, 36, -556, 0, -563, 0, -465, 20, -471, 42, -479, 32, -486, 31, -496, 20, -501, 42, -506, 32, -511, 31, -521, 0, -531, 0, -435, 23, -440, 1, -443, 6, -450, 23, -463, 1, -469, 6, -471, 0, -478, 0, -471, 49, -477, 35, -483, 18, -492, 13, -502, 49, -509, 35, -518, 18, -523, 13, -528, 0, -537, 0, -506, 25, -514, 16, -520, 45, -528, 33, -540, 25, -548, 16, -548, 45, -554, 33, -566, 0, -576, 0, -561, 9, -571, 47, -581, 9, -590, 47, -598, 0, -605, 0, -521, 34, -525, 19, -532, 19, -537, 34, -544, 0, -551, 0, -519, 37, -523, 39, -533, 28, -537, 41, -546, 39, -556, 41, -564, 37, -571, 28, -577, 0, -585, 0, -558, 43, -568, 43, -569, 0, -577, 0, -423, 29, -434, 10, -443, 10, -452, 29, -459, 0, -466, 0, -460, 2, -463, 2, -470, 17, -482, 17, -491, 0, -497]
[0, -425, 3, -431, 4, -431, 46, -440, 4, -445, 3, -445, 5, -453, 46, -464, 5, -471, 0, -481, 0, -552, 11, -556, 7, -564, 48, -572, 48, -578, 8, -587, 7, -587, 8, -587, 11, -593, 0, -600, 0, -565, 24, -571, 24, -577, 38, -584, 21, -592, 38, -597, 21, -600, 0, -606, 0, -445, 12, -448, 44, -455, 15, -466, 27, -473, 12, -474, 44, -479, 15, -485, 27, -495, 0, -502, 0, -548, 30, -553, 14, -559, 26, -565, 30, -572, 14, -576, 26, -586, 0, -596, 0, -506, 50, -511, 22, -519, 40, -523, 36, -523, 50, -532, 22, -541, 40, -548, 36, -556, 0, -563, 0, -465, 20, -471, 42, -479, 32, -486, 31, -496, 20, -501, 42, -506, 32, -511, 31, -521, 0, -531, 0, -435, 23, -440, 1, -443, 6, -450, 23, -463, 1, -469, 6, -471, 0, -478, 0, -471, 49, -477, 35, -483, 18, -492, 13, -502, 49, -509, 35, -518, 18, -523, 13, -528, 0, -537, 0, -506, 25, -514, 16, -520, 45, -528, 33, -540, 25, -548, 16, -548, 45, -554, 33, -566, 0, -576, 0, -561, 9, -571, 47, -581, 9, -590, 47, -598, 0, -605, 0, -521, 34, -525, 19, -532, 19, -537, 34, -544, 0, -551, 0, -519, 37, -523, 39, -533, 28, -537, 41, -546, 39, -556, 41, -564, 37, -571, 28, -577, 0, -585, 0, -558, 43, -568, 43, -569, 0, -577, 0, -423, 29, -434, 10, -443, 10, -452, 29, -459, 0, -466, 0, -460, 2, -463, 2, -470, 17, -482, 17, -491, 0, -497]
[0, -425, 3, -431, 4, -431, 46, -440, 4, -445, 3, -445, 5, -453, 46, -464, 5, -471, 0, -481, 0, -552, 11, -556, 7, -564, 48, -572, 48, -578, 8, -587, 7, -587, 8, -587, 11, -593, 0, -600, 0, -565, 24, -571, 24, -577, 38, -584, 21, -592, 38, -597, 21, -600, 0, -606, 0, -445, 12, -448, 44, -455, 15, -466, 27, -473, 12, -474, 44, -479, 15, -485, 27, -495, 0, -502, 0, -548, 30, -553, 14, -559, 26, -565, 30, -572, 14, -576, 26, -586, 0, -596, 0, -506, 50, -511, 22, -519, 40, -523, 36, -523, 50, -532, 22, -541, 40, -548, 36, -556, 0, -563, 0, -465, 20, -471, 42, -479, 32, -486, 31, -496, 20, -501, 42, -506, 32, -511, 31, -521, 0, -531, 0, -435, 23, -440, 1, -443, 6, -450, 23, -463, 1, -469, 6, -471, 0, -478, 0, -471, 49, -477, 35, -483, 18, -492, 13, -502, 49, -509, 35, -518, 18, -523, 13, -528, 0, -537, 0, -506, 25, -514, 16, -520, 45, -528, 33, -540, 25, -548, 16, -548, 45, -554, 33, -566, 0, -576, 0, -561, 9, -571, 47, -581, 9, -590, 47, -598, 0, -605, 0, -521, 34, -525, 19, -532, 19, -537, 34, -544, 0, -551, 0, -519, 37, -523, 39, -533, 28, -537, 41, -546, 39, -556, 41, -564, 37, -571, 28, -577, 0, -585, 0, -558, 43, -568, 43, -569, 0, -577, 0, -423, 29, -434, 10, -443, 10, -452, 29, -459, 0, -466, 0, -460, 2, -463, 2, -470, 17, -482, 17, -491, 0, -497]
[0, -425, 3, -431, 4, -431, 46, -440, 4, -445, 3, -445, 5, -453, 46, -464, 5, -471, 0, -481, 0, -552, 11, -556, 7, -564, 48, -572, 48, -578, 8, -587, 7, -587, 8, -587, 11, -593, 0, -600, 0, -565, 24, -571, 24, -577, 38, -584, 21, -592, 38, -597, 21, -600, 0, -606, 0, -445, 12, -448, 44, -455, 15, -466, 27, -473, 12, -474, 44, -479, 15, -485, 27, -495, 0, -502, 0, -548, 30, -553, 14, -559, 26, -565, 30, -572, 14, -576, 26, -586, 0, -596, 0, -506, 50, -511, 22, -519, 40, -523, 36, -523, 50, -532, 22, -541, 40, -548, 36, -556, 0, -563, 0, -465, 20, -471, 42, -479, 32, -486, 31, -496, 20, -501, 42, -506, 32, -511, 31, -521, 0, -531, 0, -435, 23, -440, 1, -443, 6, -450, 23, -463, 1, -469, 6, -471, 0, -478, 0, -471, 49, -477, 35, -483, 18, -492, 13, -502, 49, -509, 35, -518, 18, -523, 13, -528, 0, -537, 0, -506, 25, -514, 16, -520, 45, -528, 33, -540, 25, -548, 16, -548, 45, -554, 33, -566, 0, -576, 0, -561, 9, -571, 47, -581, 9, -590, 47, -598, 0, -605, 0, -521, 34, -525, 19, -532, 19, -537, 34, -544, 0, -551, 0, -519, 37, -523, 39, -533, 28, -537, 41, -546, 39, -556, 41, -564, 37, -571, 28, -577, 0, -585, 0, -558, 43, -568, 43, -569, 0, -577, 0, -423, 29, -434, 10, -443, 10, -452, 29, -459, 0, -466, 0, -460, 2, -463, 2, -470, 17, -482, 17, -491, 0, -497]
[0, -425, 3, -431, 4, -431, 46, -440, 4, -445, 3, -445, 5, -453, 46, -464, 5, -471, 0, -481, 0, -552, 11, -556, 7, -564, 48, -572, 48, -578, 8, -587, 7, -587, 8, -587, 11, -593, 0, -600, 0, -565, 24, -571, 24, -577, 38, -584, 21, -592, 38, -597, 21, -600, 0, -606, 0, -445, 12, -448, 44, -455, 15, -466, 27, -473, 12, -474, 44, -479, 15, -485, 27, -495, 0, -502, 0, -548, 30, -553, 14, -559, 26, -565, 30, -572, 14, -576, 26, -586, 0, -596, 0, -506, 50, -511, 22, -519, 40, -523, 36, -523, 50, -532, 22, -541, 40, -548, 36, -556, 0, -563, 0, -465, 20, -471, 42, -479, 32, -486, 31, -496, 20, -501, 42, -506, 32, -511, 31, -521, 0, -531, 0, -435, 23, -440, 1, -443, 6, -450, 23, -463, 1, -469, 6, -471, 0, -478, 0, -471, 49, -477, 35, -483, 18, -492, 13, -502, 49, -509, 35, -518, 18, -523, 13, -528, 0, -537, 0, -506, 25, -514, 16, -520, 45, -528, 33, -540, 25, -548, 16, -548, 45, -554, 33, -566, 0, -576, 0, -561, 9, -571, 47, -581, 9, -590, 47, -598, 0, -605, 0, -521, 34, -525, 19, -532, 19, -537, 34, -544, 0, -551, 0, -519, 37, -523, 39, -533, 28, -537, 41, -546, 39, -556, 41, -564, 37, -571, 28, -577, 0, -585, 0, -558, 43, -568, 43, -569, 0, -577, 0, -423, 29, -434, 10, -443, 10, -452, 29, -459, 0, -466, 0, -460, 2, -463, 2, -470, 17, -482, 17, -491, 0, -497]
[0, -425, 3, -431, 4, -431, 46, -440, 4, -445, 3, -445, 5, -453, 46, -464, 5, -471, 0, -481, 0, -552, 11, -556, 7, -564, 48, -572, 48, -578, 8, -587, 7, -587, 8, -587, 11, -593, 0, -600, 0, -565, 24, -571, 24, -577, 38, -584, 21, -592, 38, -597, 21, -600, 0, -606, 0, -445, 12, -448, 44, -455, 15, -466, 27, -473, 12, -474, 44, -479, 15, -485, 27, -495, 0, -502, 0, -548, 30, -553, 14, -559, 26, -565, 30, -572, 14, -576, 26, -586, 0, -596, 0, -506, 50, -511, 22, -519, 40, -523, 36, -523, 50, -532, 22, -541, 40, -548, 36, -556, 0, -563, 0, -465, 20, -471, 42, -479, 32, -486, 31, -496, 20, -501, 42, -506, 32, -511, 31, -521, 0, -531, 0, -435, 23, -440, 1, -443, 6, -450, 23, -463, 1, -469, 6, -471, 0, -478, 0, -471, 49, -477, 35, -483, 18, -492, 13, -502, 49, -509, 35, -518, 18, -523, 13, -528, 0, -537, 0, -506, 25, -514, 16, -520, 45, -528, 33, -540, 25, -548, 16, -548, 45, -554, 33, -566, 0, -576, 0, -561, 9, -571, 47, -581, 9, -590, 47, -598, 0, -605, 0, -521, 34, -525, 19, -532, 19, -537, 34, -544, 0, -551, 0, -519, 37, -523, 39, -533, 28, -537, 41, -546, 39, -556, 41, -564, 37, -571, 28, -577, 0, -585, 0, -558, 43, -568, 43, -569, 0, -577, 0, -423, 29, -434, 10, -443, 10, -452, 29, -459, 0, -466, 0, -460, 2, -463, 2, -470, 17, -482, 17, -491, 0, -497]
[0, -425, 3, -431, 4, -431, 46, -440, 4, -445, 3, -445, 5, -453, 46, -464, 5, -471, 0, -481, 0, -552, 11, -556, 7, -564, 48, -572, 48, -578, 8, -587, 7, -587, 8, -587, 11, -593, 0, -600, 0, -565, 24, -571, 24, -577, 38, -584, 21, -592, 38, -597, 21, -600, 0, -606, 0, -445, 12, -448, 44, -455, 15, -466, 27, -473, 12, -474, 44, -479, 15, -485, 27, -495, 0, -502, 0, -548, 30, -553, 14, -559, 26, -565, 30, -572, 14, -576, 26, -586, 0, -596, 0, -506, 50, -511, 22, -519, 40, -523, 36, -523, 50, -532, 22, -541, 40, -548, 36, -556, 0, -563, 0, -465, 20, -471, 42, -479, 32, -486, 31, -496, 20, -501, 42, -506, 32, -511, 31, -521, 0, -531, 0, -435, 23, -440, 1, -443, 6, -450, 23, -463, 1, -469, 6, -471, 0, -478, 0, -471, 49, -477, 35, -483, 18, -492, 13, -502, 49, -509, 35, -518, 18, -523, 13, -528, 0, -537, 0, -506, 25, -514, 16, -520, 45, -528, 33, -540, 25, -548, 16, -548, 45, -554, 33, -566, 0, -576, 0, -561, 9, -571, 47, -581, 9, -590, 47, -598, 0, -605, 0, -521, 34, -525, 19, -532, 19, -537, 34, -544, 0, -551, 0, -519, 37, -523, 39, -533, 28, -537, 41, -546, 39, -556, 41, -564, 37, -571, 28, -577, 0, -585, 0, -558, 43, -568, 43, -569, 0, -577, 0, -423, 29, -434, 10, -443, 10, -452, 29, -459, 0, -466, 0, -460, 2, -463, 2, -470, 17, -482, 17, -491, 0, -497]
[0, -425, 3, -431, 4, -431, 46, -440, 4, -445, 3, -445, 5, -453, 46, -464, 5, -471, 0, -481, 0, -552, 11, -556, 7, -564, 48, -572, 48, -578, 8, -587, 7, -587, 8, -587, 11, -593, 0, -600, 0, -565, 24, -571, 24, -577, 38, -584, 21, -592, 38, -597, 21, -600, 0, -606, 0, -445, 12, -448, 44, -455, 15, -466, 27, -473, 12, -474, 44, -479, 15, -485, 27, -495, 0, -502, 0, -548, 30, -553, 14, -559, 26, -565, 30, -572, 14, -576, 26, -586, 0, -596, 0, -506, 50, -511, 22, -519, 40, -523, 36, -523, 50, -532, 22, -541, 40, -548, 36, -556, 0, -563, 0, -465, 20, -471, 42, -479, 32, -486, 31, -496, 20, -501, 42, -506, 32, -511, 31, -521, 0, -531, 0, -435, 23, -440, 1, -443, 6, -450, 23, -463, 1, -469, 6, -471, 0, -478, 0, -471, 49, -477, 35, -483, 18, -492, 13, -502, 49, -509, 35, -518, 18, -523, 13, -528, 0, -537, 0, -506, 25, -514, 16, -520, 45, -528, 33, -540, 25, -548, 16, -548, 45, -554, 33, -566, 0, -576, 0, -561, 9, -571, 47, -581, 9, -590, 47, -598, 0, -605, 0, -521, 34, -525, 19, -532, 19, -537, 34, -544, 0, -551, 0, -519, 37, -523, 39, -533, 28, -537, 41, -546, 39, -556, 41, -564, 37, -571, 28, -577, 0, -585, 0, -558, 43, -568, 43, -569, 0, -577, 0, -423, 29, -434, 10, -443, 10, -452, 29, -459, 0, -466, 0, -460, 2, -463, 2, -470, 17, -482, 17, -491, 0, -497]
[0, -425, 3, -431, 4, -431, 46, -440, 4, -445, 3, -445, 5, -453, 46, -464, 5, -471, 0, -481, 0, -552, 11, -556, 7, -564, 48, -572, 48, -578, 8, -587, 7, -587, 8, -587, 11, -593, 0, -600, 0, -565, 24, -571, 24, -577, 38, -584, 21, -592, 38, -597, 21, -600, 0, -606, 0, -445, 12, -448, 44, -455, 15, -466, 27, -473, 12, -474, 44, -479, 15, -485, 27, -495, 0, -502, 0, -548, 30, -553, 14, -559, 26, -565, 30, -572, 14, -576, 26, -586, 0, -596, 0, -506, 50, -511, 22, -519, 40, -523, 36, -523, 50, -532, 22, -541, 40, -548, 36, -556, 0, -563, 0, -465, 20, -471, 42, -479, 32, -486, 31, -496, 20, -501, 42, -506, 32, -511, 31, -521, 0, -531, 0, -435, 23, -440, 1, -443, 6, -450, 23, -463, 1, -469, 6, -471, 0, -478, 0, -471, 49, -477, 35, -483, 18, -492, 13, -502, 49, -509, 35, -518, 18, -523, 13, -528, 0, -537, 0, -506, 25, -514, 16, -520, 45, -528, 33, -540, 25, -548, 16, -548, 45, -554, 33, -566, 0, -576, 0, -561, 9, -571, 47, -581, 9, -590, 47, -598, 0, -605, 0, -521, 34, -525, 19, -532, 19, -537, 34, -544, 0, -551, 0, -519, 37, -523, 39, -533, 28, -537, 41, -546, 39, -556, 41, -564, 37, -571, 28, -577, 0, -585, 0, -558, 43, -568, 43, -569, 0, -577, 0, -423, 29, -434, 10, -443, 10, -452, 29, -459, 0, -466, 0, -460, 2, -463, 2, -470, 17, -482, 17, -491, 0, -497]
[0, -425, 3, -431, 4, -431, 46, -440, 4, -445, 3, -445, 5, -453, 46, -464, 5, -471, 0, -481, 0, -552, 11, -556, 7, -564, 48, -572, 48, -578, 8, -587, 7, -587, 8, -587, 11, -593, 0, -600, 0, -565, 24, -571, 24, -577, 38, -584, 21, -592, 38, -597, 21, -600, 0, -606, 0, -445, 12, -448, 44, -455, 15, -466, 27, -473, 12, -474, 44, -479, 15, -485, 27, -495, 0, -502, 0, -548, 30, -553, 14, -559, 26, -565, 30, -572, 14, -576, 26, -586, 0, -596, 0, -506, 50, -511, 22, -519, 40, -523, 36, -523, 50, -532, 22, -541, 40, -548, 36, -556, 0, -563, 0, -465, 20, -471, 42, -479, 32, -486, 31, -496, 20, -501, 42, -506, 32, -511, 31, -521, 0, -531, 0, -435, 23, -440, 1, -443, 6, -450, 23, -463, 1, -469, 6, -471, 0, -478, 0, -471, 49, -477, 35, -483, 18, -492, 13, -502, 49, -509, 35, -518, 18, -523, 13, -528, 0, -537, 0, -506, 25, -514, 16, -520, 45, -528, 33, -540, 25, -548, 16, -548, 45, -554, 33, -566, 0, -576, 0, -561, 9, -571, 47, -581, 9, -590, 47, -598, 0, -605, 0, -521, 34, -525, 19, -532, 19, -537, 34, -544, 0, -551, 0, -519, 37, -523, 39, -533, 28, -537, 41, -546, 39, -556, 41, -564, 37, -571, 28, -577, 0, -585, 0, -558, 43, -568, 43, -569, 0, -577, 0, -423, 29, -434, 10, -443, 10, -452, 29, -459, 0, -466, 0, -460, 2, -463, 2, -470, 17, -482, 17, -491, 0, -497]
[0, -425, 3, -431, 4, -431, 46, -440, 4, -445, 3, -445, 5, -453, 46, -464, 5, -471, 0, -481, 0, -552, 11, -556, 7, -564, 48, -572, 48, -578, 8, -587, 7, -587, 8, -587, 11, -593, 0, -600, 0, -565, 24, -571, 24, -577, 38, -584, 21, -592, 38, -597, 21, -600, 0, -606, 0, -445, 12, -448, 44, -455, 15, -466, 27, -473, 12, -474, 44, -479, 15, -485, 27, -495, 0, -502, 0, -548, 30, -553, 14, -559, 26, -565, 30, -572, 14, -576, 26, -586, 0, -596, 0, -506, 50, -511, 22, -519, 40, -523, 36, -523, 50, -532, 22, -541, 40, -548, 36, -556, 0, -563, 0, -465, 20, -471, 42, -479, 32, -486, 31, -496, 20, -501, 42, -506, 32, -511, 31, -521, 0, -531, 0, -435, 23, -440, 1, -443, 6, -450, 23, -463, 1, -469, 6, -471, 0, -478, 0, -471, 49, -477, 35, -483, 18, -492, 13, -502, 49, -509, 35, -518, 18, -523, 13, -528, 0, -537, 0, -506, 25, -514, 16, -520, 45, -528, 33, -540, 25, -548, 16, -548, 45, -554, 33, -566, 0, -576, 0, -561, 9, -571, 47, -581, 9, -590, 47, -598, 0, -605, 0, -521, 34, -525, 19, -532, 19, -537, 34, -544, 0, -551, 0, -519, 37, -523, 39, -533, 28, -537, 41, -546, 39, -556, 41, -564, 37, -571, 28, -577, 0, -585, 0, -558, 43, -568, 43, -569, 0, -577, 0, -423, 29, -434, 10, -443, 10, -452, 29, -459, 0, -466, 0, -460, 2, -463, 2, -470, 17, -482, 17, -491, 0, -497]
[0, -425, 3, -431, 4, -431, 46, -440, 4, -445, 3, -445, 5, -453, 46, -464, 5, -471, 0, -481, 0, -552, 7, -558, 11, -565, 48, -572, 48, -578, 8, -587, 7, -587, 8, -587, 11, -593, 0, -600, 0, -565, 24, -571, 24, -577, 38, -584, 21, -592, 38, -597, 21, -600, 0, -606, 0, -445, 12, -448, 44, -455, 15, -466, 27, -473, 12, -474, 44, -479, 15, -485, 27, -495, 0, -502, 0, -548, 30, -553, 14, -559, 26, -565, 30, -572, 14, -576, 26, -586, 0, -596, 0, -506, 50, -511, 22, -519, 40, -523, 36, -523, 50, -532, 22, -541, 40, -548, 36, -556, 0, -563, 0, -465, 20, -471, 42, -479, 32, -486, 31, -496, 20, -501, 42, -506, 32, -511, 31, -521, 0, -531, 0, -435, 23, -440, 1, -443, 6, -450, 23, -463, 1, -469, 6, -471, 0, -478, 0, -471, 49, -477, 35, -483, 18, -492, 13, -502, 49, -509, 35, -518, 18, -523, 13, -528, 0, -537, 0, -506, 25, -514, 16, -520, 45, -528, 33, -540, 25, -548, 16, -548, 45, -554, 33, -566, 0, -576, 0, -561, 9, -571, 47, -581, 9, -590, 47, -598, 0, -605, 0, -521, 34, -525, 19, -532, 19, -537, 34, -544, 0, -551, 0, -519, 37, -523, 39, -533, 28, -537, 41, -546, 39, -556, 41, -564, 37, -571, 28, -577, 0, -585, 0, -558, 43, -568, 43, -569, 0, -577, 0, -437, 29, -448, 10, -457, 10, -466, 2, -471, 2, -478, 29, -480, 0, -487, 0, -480, 17, -490, 17, -499, 0, -505]
[0, -425, 3, -431, 4, -431, 46, -440, 4, -445, 3, -445, 5, -453, 46, -464, 5, -471, 0, -481, 0, -552, 7, -558, 11, -565, 48, -572, 48, -578, 8, -587, 7, -587, 8, -587, 11, -593, 0, -600, 0, -565, 24, -571, 24, -577, 38, -584, 21, -592, 38, -597, 21, -600, 0, -606, 0, -445, 12, -448, 44, -455, 15, -466, 27, -473, 12, -474, 44, -479, 15, -485, 27, -495, 0, -502, 0, -548, 30, -553, 14, -559, 26, -565, 30, -572, 14, -576, 26, -586, 0, -596, 0, -506, 50, -511, 22, -519, 40, -523, 36, -523, 50, -532, 22, -541, 40, -548, 36, -556, 0, -563, 0, -465, 20, -471, 42, -479, 32, -486, 31, -496, 20, -501, 42, -506, 32, -511, 31, -521, 0, -531, 0, -435, 23, -440, 1, -443, 6, -450, 23, -463, 1, -469, 6, -471, 0, -478, 0, -471, 49, -477, 35, -483, 18, -492, 13, -502, 49, -509, 35, -518, 18, -523, 13, -528, 0, -537, 0, -506, 25, -514, 16, -520, 45, -528, 33, -540, 25, -548, 16, -548, 45, -554, 33, -566, 0, -576, 0, -561, 9, -571, 47, -581, 9, -590, 47, -598, 0, -605, 0, -521, 34, -525, 19, -532, 19, -537, 34, -544, 0, -551, 0, -519, 37, -523, 39, -533, 28, -537, 41, -546, 39, -556, 41, -564, 37, -571, 28, -577, 0, -585, 0, -558, 43, -568, 43, -569, 0, -577, 0, -437, 29, -448, 10, -457, 10, -466, 2, -471, 2, -478, 29, -480, 0, -487, 0, -480, 17, -490, 17, -499, 0, -505]
[0, -425, 3, -431, 4, -431, 46, -440, 4, -445, 3, -445, 5, -453, 46, -464, 5, -471, 0, -481, 0, -552, 7, -558, 11, -565, 48, -572, 48, -578, 8, -587, 7, -587, 8, -587, 11, -593, 0, -600, 0, -565, 24, -571, 24, -577, 38, -584, 21, -592, 38, -597, 21, -600, 0, -606, 0, -445, 12, -448, 44, -455, 15, -466, 27, -473, 12, -474, 44, -479, 15, -485, 27, -495, 0, -502, 0, -548, 30, -553, 14, -559, 26, -565, 30, -572, 14, -576, 26, -586, 0, -596, 0, -506, 50, -511, 22, -519, 40, -523, 36, -523, 50, -532, 22, -541, 40, -548, 36, -556, 0, -563, 0, -465, 20, -471, 42, -479, 32, -486, 31, -496, 20, -501, 42, -506, 32, -511, 31, -521, 0, -531, 0, -435, 23, -440, 1, -443, 6, -450, 23, -463, 1, -469, 6, -471, 0, -478, 0, -471, 49, -477, 35, -483, 18, -492, 13, -502, 49, -509, 35, -518, 18, -523, 13, -528, 0, -537, 0, -506, 25, -514, 16, -520, 45, -528, 33, -540, 25, -548, 16, -548, 45, -554, 33, -566, 0, -576, 0, -561, 9, -571, 47, -581, 9, -590, 47, -598, 0, -605, 0, -521, 34, -525, 19, -532, 19, -537, 34, -544, 0, -551, 0, -519, 37, -523, 39, -533, 28, -537, 41, -546, 39, -556, 41, -564, 37, -571, 28, -577, 0, -585, 0, -558, 43, -568, 43, -569, 0, -577, 0, -437, 29, -448, 10, -457, 10, -466, 2, -471, 2, -478, 29, -480, 0, -487, 0, -480, 17, -490, 17, -499, 0, -505]
[0, -425, 3, -431, 4, -431, 46, -440, 4, -445, 3, -445, 5, -453, 46, -464, 5, -471, 0, -481, 0, -552, 7, -558, 11, -565, 48, -572, 48, -578, 8, -587, 7, -587, 8, -587, 11, -593, 0, -600, 0, -565, 24, -571, 24, -577, 38, -584, 21, -592, 38, -597, 21, -600, 0, -606, 0, -445, 12, -448, 44, -455, 15, -466, 27, -473, 12, -474, 44, -479, 15, -485, 27, -495, 0, -502, 0, -548, 30, -553, 14, -559, 26, -565, 30, -572, 14, -576, 26, -586, 0, -596, 0, -506, 50, -511, 22, -519, 40, -523, 36, -523, 50, -532, 22, -541, 40, -548, 36, -556, 0, -563, 0, -465, 20, -471, 42, -479, 32, -486, 31, -496, 20, -501, 42, -506, 32, -511, 31, -521, 0, -531, 0, -435, 23, -440, 1, -443, 6, -450, 23, -463, 1, -469, 6, -471, 0, -478, 0, -471, 49, -477, 35, -483, 18, -492, 13, -502, 49, -509, 35, -518, 18, -523, 13, -528, 0, -537, 0, -506, 25, -514, 16, -520, 45, -528, 33, -540, 25, -548, 16, -548, 45, -554, 33, -566, 0, -576, 0, -561, 9, -571, 47, -581, 9, -590, 47, -598, 0, -605, 0, -521, 34, -525, 19, -532, 19, -537, 34, -544, 0, -551, 0, -519, 37, -523, 39, -533, 28, -537, 41, -546, 39, -556, 41, -564, 37, -571, 28, -577, 0, -585, 0, -558, 43, -568, 43, -569, 0, -577, 0, -437, 29, -448, 10, -457, 10, -466, 2, -471, 2, -478, 29, -480, 0, -487, 0, -480, 17, -490, 17, -499, 0, -505]
[0, -425, 3, -431, 4, -431, 46, -440, 4, -445, 3, -445, 5, -453, 46, -464, 5, -471, 0, -481, 0, -552, 7, -558, 11, -565, 48, -572, 48, -578, 8, -587, 7, -587, 8, -587, 11, -593, 0, -600, 0, -565, 24, -571, 24, -577, 38, -584, 21, -592, 38, -597, 21, -600, 0, -606, 0, -445, 12, -448, 44, -455, 15, -466, 27, -473, 12, -474, 44, -479, 15, -485, 27, -495, 0, -502, 0, -548, 30, -553, 14, -559, 26, -565, 30, -572, 14, -576, 26, -586, 0, -596, 0, -506, 50, -511, 22, -519, 40, -523, 36, -523, 50, -532, 22, -541, 40, -548, 36, -556, 0, -563, 0, -465, 20, -471, 42, -479, 32, -486, 31, -496, 20, -501, 42, -506, 32, -511, 31, -521, 0, -531, 0, -435, 23, -440, 1, -443, 6, -450, 23, -463, 1, -469, 6, -471, 0, -478, 0, -471, 49, -477, 35, -483, 18, -492, 13, -502, 49, -509, 35, -518, 18, -523, 13, -528, 0, -537, 0, -506, 25, -514, 16, -520, 45, -528, 33, -540, 25, -548, 16, -548, 45, -554, 33, -566, 0, -576, 0, -561, 9, -571, 47, -581, 9, -590, 47, -598, 0, -605, 0, -521, 34, -525, 19, -532, 19, -537, 34, -544, 0, -551, 0, -519, 37, -523, 39, -533, 28, -537, 41, -546, 39, -556, 41, -564, 37, -571, 28, -577, 0, -585, 0, -558, 43, -568, 43, -569, 0, -577, 0, -437, 29, -448, 10, -457, 10, -466, 2, -471, 2, -478, 29, -480, 0, -487, 0, -480, 17, -490, 17, -499, 0, -505]
[0, -425, 3, -431, 4, -431, 46, -440, 4, -445, 3, -445, 5, -453, 46, -464, 5, -471, 0, -481, 0, -552, 7, -558, 11, -565, 48, -572, 48, -578, 8, -587, 7, -587, 8, -587, 11, -593, 0, -600, 0, -565, 24, -571, 24, -577, 38, -584, 21, -592, 38, -597, 21, -600, 0, -606, 0, -445, 12, -448, 44, -455, 15, -466, 27, -473, 12, -474, 44, -479, 15, -485, 27, -495, 0, -502, 0, -548, 30, -553, 14, -559, 26, -565, 30, -572, 14, -576, 26, -586, 0, -596, 0, -506, 50, -511, 22, -519, 40, -523, 36, -523, 50, -532, 22, -541, 40, -548, 36, -556, 0, -563, 0, -465, 20, -471, 42, -479, 32, -486, 31, -496, 20, -501, 42, -506, 32, -511, 31, -521, 0, -531, 0, -435, 23, -440, 1, -443, 6, -450, 23, -463, 1, -469, 6, -471, 0, -478, 0, -471, 49, -477, 35, -483, 18, -492, 13, -502, 49, -509, 35, -518, 18, -523, 13, -528, 0, -537, 0, -506, 25, -514, 16, -520, 45, -528, 33, -540, 25, -548, 16, -548, 45, -554, 33, -566, 0, -576, 0, -561, 9, -571, 47, -581, 9, -590, 47, -598, 0, -605, 0, -521, 34, -525, 19, -532, 19, -537, 34, -544, 0, -551, 0, -519, 37, -523, 39, -533, 28, -537, 41, -546, 39, -556, 41, -564, 37, -571, 28, -577, 0, -585, 0, -558, 43, -568, 43, -569, 0, -577, 0, -437, 29, -448, 10, -457, 10, -466, 2, -471, 2, -478, 29, -480, 0, -487, 0, -480, 17, -490, 17, -499, 0, -505]
[0, -425, 3, -431, 4, -431, 46, -440, 4, -445, 3, -445, 5, -453, 46, -464, 5, -471, 0, -481, 0, -552, 7, -558, 11, -565, 48, -572, 48, -578, 8, -587, 7, -587, 8, -587, 11, -593, 0, -600, 0, -565, 24, -571, 24, -577, 38, -584, 21, -592, 38, -597, 21, -600, 0, -606, 0, -445, 12, -448, 44, -455, 15, -466, 27, -473, 12, -474, 44, -479, 15, -485, 27, -495, 0, -502, 0, -548, 30, -553, 14, -559, 26, -565, 30, -572, 14, -576, 26, -586, 0, -596, 0, -506, 50, -511, 22, -519, 40, -523, 36, -523, 50, -532, 22, -541, 40, -548, 36, -556, 0, -563, 0, -465, 20, -471, 42, -479, 32, -486, 31, -496, 20, -501, 42, -506, 32, -511, 31, -521, 0, -531, 0, -435, 23, -440, 1, -443, 6, -450, 23, -463, 1, -469, 6, -471, 0, -478, 0, -471, 49, -477, 35, -483, 18, -492, 13, -502, 49, -509, 35, -518, 18, -523, 13, -528, 0, -537, 0, -506, 25, -514, 16, -520, 45, -528, 33, -540, 25, -548, 16, -548, 45, -554, 33, -566, 0, -576, 0, -561, 9, -571, 47, -581, 9, -590, 47, -598, 0, -605, 0, -521, 34, -525, 19, -532, 19, -537, 34, -544, 0, -551, 0, -519, 37, -523, 39, -533, 28, -537, 41, -546, 39, -556, 41, -564, 37, -571, 28, -577, 0, -585, 0, -558, 43, -568, 43, -569, 0, -577, 0, -437, 29, -448, 10, -457, 10, -466, 2, -471, 2, -478, 29, -480, 0, -487, 0, -480, 17, -490, 17, -499, 0, -505]
[0, -425, 3, -431, 4, -431, 46, -440, 4, -445, 3, -445, 5, -453, 46, -464, 5, -471, 0, -481, 0, -552, 7, -558, 11, -565, 48, -572, 48, -578, 8, -587, 7, -587, 8, -587, 11, -593, 0, -600, 0, -565, 24, -571, 24, -577, 38, -584, 21, -592, 38, -597, 21, -600, 0, -606, 0, -445, 12, -448, 44, -455, 15, -466, 27, -473, 12, -474, 44, -479, 15, -485, 27, -495, 0, -502, 0, -548, 30, -553, 14, -559, 26, -565, 30, -572, 14, -576, 26, -586, 0, -596, 0, -506, 50, -511, 22, -519, 40, -523, 36, -523, 50, -532, 22, -541, 40, -548, 36, -556, 0, -563, 0, -465, 20, -471, 42, -479, 32, -486, 31, -496, 20, -501, 42, -506, 32, -511, 31, -521, 0, -531, 0, -435, 23, -440, 1, -443, 6, -450, 23, -463, 1, -469, 6, -471, 0, -478, 0, -471, 49, -477, 35, -483, 18, -492, 13, -502, 49, -509, 35, -518, 18, -523, 13, -528, 0, -537, 0, -506, 25, -514, 16, -520, 45, -528, 33, -540, 25, -548, 16, -548, 45, -554, 33, -566, 0, -576, 0, -561, 9, -571, 47, -581, 9, -590, 47, -598, 0, -605, 0, -521, 34, -525, 19, -532, 19, -537, 34, -544, 0, -551, 0, -519, 37, -523, 39, -533, 28, -537, 41, -546, 39, -556, 41, -564, 37, -571, 28, -577, 0, -585, 0, -558, 43, -568, 43, -569, 0, -577, 0, -437, 29, -448, 10, -457, 10, -466, 2, -471, 2, -478, 29, -480, 0, -487, 0, -480, 17, -490, 17, -499, 0, -505]
[0, -425, 3, -431, 4, -431, 46, -440, 4, -445, 3, -445, 5, -453, 46, -464, 5, -471, 0, -481, 0, -552, 7, -558, 11, -565, 48, -572, 48, -578, 8, -587, 7, -587, 8, -587, 11, -593, 0, -600, 0, -565, 24, -571, 24, -577, 38, -584, 21, -592, 38, -597, 21, -600, 0, -606, 0, -445, 12, -448, 44, -455, 15, -466, 27, -473, 12, -474, 44, -479, 15, -485, 27, -495, 0, -502, 0, -548, 30, -553, 14, -559, 26, -565, 30, -572, 14, -576, 26, -586, 0, -596, 0, -506, 50, -511, 22, -519, 40, -523, 36, -523, 50, -532, 22, -541, 40, -548, 36, -556, 0, -563, 0, -465, 20, -471, 42, -479, 32, -486, 31, -496, 20, -501, 42, -506, 32, -511, 31, -521, 0, -531, 0, -435, 23, -440, 1, -443, 6, -450, 23, -463, 1, -469, 6, -471, 0, -478, 0, -471, 49, -477, 35, -483, 18, -492, 13, -502, 49, -509, 35, -518, 18, -523, 13, -528, 0, -537, 0, -506, 25, -514, 16, -520, 45, -528, 33, -540, 25, -548, 16, -548, 45, -554, 33, -566, 0, -576, 0, -561, 9, -571, 47, -581, 9, -590, 47, -598, 0, -605, 0, -521, 34, -525, 19, -532, 19, -537, 34, -544, 0, -551, 0, -519, 37, -523, 39, -533, 28, -537, 41, -546, 39, -556, 41, -564, 37, -571, 28, -577, 0, -585, 0, -558, 43, -568, 43, -569, 0, -577, 0, -437, 29, -448, 10, -457, 10, -466, 2, -471, 2, -478, 29, -480, 0, -487, 0, -480, 17, -490, 17, -499, 0, -505]
[0, -420, 3, -426, 4, -426, 29, -431, 3, -445, 4, -445, 46, -452, 5, -454, 46, -465, 29, -467, 5, -472, 0, -482, 0, -552, 7, -558, 11, -565, 48, -572, 48, -578, 8, -587, 7, -587, 8, -587, 11, -593, 0, -600, 0, -565, 24, -571, 24, -577, 38, -584, 21, -592, 38, -597, 21, -600, 0, -606, 0, -445, 12, -448, 44, -455, 15, -466, 27, -473, 12, -474, 44, -479, 15, -485, 27, -495, 0, -502, 0, -548, 30, -553, 14, -559, 26, -565, 30, -572, 14, -576, 26, -586, 0, -596, 0, -506, 50, -511, 22, -519, 40, -523, 36, -523, 50, -532, 22, -541, 40, -548, 36, -556, 0, -563, 0, -465, 20, -471, 42, -479, 32, -486, 31, -496, 20, -501, 42, -506, 32, -511, 31, -521, 0, -531, 0, -435, 23, -440, 1, -443, 6, -450, 23, -463, 1, -469, 6, -471, 0, -478, 0, -471, 49, -477, 35, -483, 18, -492, 13, -502, 49, -509, 35, -518, 18, -523, 13, -528, 0, -537, 0, -506, 25, -514, 16, -520, 45, -528, 33, -540, 25, -548, 16, -548, 45, -554, 33, -566, 0, -576, 0, -561, 9, -571, 47, -581, 9, -590, 47, -598, 0, -605, 0, -521, 34, -525, 19, -532, 19, -537, 34, -544, 0, -551, 0, -519, 37, -523, 39, -533, 28, -537, 41, -546, 39, -556, 41, -564, 37, -571, 28, -577, 0, -585, 0, -558, 43, -568, 43, -569, 0, -577, 0, -437, 10, -443, 10, -452, 2, -457, 2, -464, 0, -470, 0, -480, 17, -490, 17, -499, 0, -505]
[0, -420, 3, -426, 4, -426, 29, -431, 3, -445, 4, -445, 46, -452, 5, -454, 46, -465, 29, -467, 5, -472, 0, -482, 0, -552, 7, -558, 11, -565, 48, -572, 48, -578, 8, -587, 7, -587, 8, -587, 11, -593, 0, -600, 0, -565, 24, -571, 24, -577, 38, -584, 21, -592, 38, -597, 21, -600, 0, -606, 0, -445, 12, -448, 44, -455, 15, -466, 27, -473, 12, -474, 44, -479, 15, -485, 27, -495, 0, -502, 0, -548, 30, -553, 14, -559, 26, -565, 30, -572, 14, -576, 26, -586, 0, -596, 0, -506, 50, -511, 22, -519, 40, -523, 36, -523, 50, -532, 22, -541, 40, -548, 36, -556, 0, -563, 0, -465, 20, -471, 42, -479, 32, -486, 31, -496, 20, -501, 42, -506, 32, -511, 31, -521, 0, -531, 0, -435, 23, -440, 1, -443, 6, -450, 23, -463, 1, -469, 6, -471, 0, -478, 0, -471, 49, -477, 35, -483, 18, -492, 13, -502, 49, -509, 35, -518, 18, -523, 13, -528, 0, -537, 0, -506, 25, -514, 16, -520, 45, -528, 33, -540, 25, -548, 16, -548, 45, -554, 33, -566, 0, -576, 0, -561, 9, -571, 47, -581, 9, -590, 47, -598, 0, -605, 0, -521, 34, -525, 19, -532, 19, -537, 34, -544, 0, -551, 0, -519, 37, -523, 39, -533, 28, -537, 41, -546, 39, -556, 41, -564, 37, -571, 28, -577, 0, -585, 0, -558, 43, -568, 43, -569, 0, -577, 0, -437, 10, -443, 10, -452, 2, -457, 2, -464, 0, -470, 0, -480, 17, -490, 17, -499, 0, -505]
[0, -420, 3, -426, 4, -426, 29, -431, 3, -445, 4, -445, 46, -452, 5, -454, 46, -465, 29, -467, 5, -472, 0, -482, 0, -552, 7, -558, 11, -565, 48, -572, 48, -578, 8, -587, 7, -587, 8, -587, 11, -593, 0, -600, 0, -565, 24, -571, 24, -577, 38, -584, 21, -592, 38, -597, 21, -600, 0, -606, 0, -445, 12, -448, 44, -455, 15, -466, 27, -473, 12, -474, 44, -479, 15, -485, 27, -495, 0, -502, 0, -548, 30, -553, 14, -559, 26, -565, 30, -572, 14, -576, 26, -586, 0, -596, 0, -506, 50, -511, 22, -519, 40, -523, 36, -523, 50, -532, 22, -541, 40, -548, 36, -556, 0, -563, 0, -465, 20, -471, 42, -479, 32, -486, 31, -496, 20, -501, 42, -506, 32, -511, 31, -521, 0, -531, 0, -435, 23, -440, 1, -443, 6, -450, 23, -463, 1, -469, 6, -471, 0, -478, 0, -471, 49, -477, 35, -483, 18, -492, 13, -502, 49, -509, 35, -518, 18, -523, 13, -528, 0, -537, 0, -506, 25, -514, 16, -520, 45, -528, 33, -540, 25, -548, 16, -548, 45, -554, 33, -566, 0, -576, 0, -561, 9, -571, 47, -581, 9, -590, 47, -598, 0, -605, 0, -521, 34, -525, 19, -532, 19, -537, 34, -544, 0, -551, 0, -519, 37, -523, 39, -533, 28, -537, 41, -546, 39, -556, 41, -564, 37, -571, 28, -577, 0, -585, 0, -558, 43, -568, 43, -569, 0, -577, 0, -437, 10, -443, 10, -452, 2, -457, 2, -464, 0, -470, 0, -480, 17, -490, 17, -499, 0, -505]
[0, -420, 3, -426, 4, -426, 29, -431, 3, -445, 4, -445, 46, -452, 5, -454, 46, -465, 29, -467, 5, -472, 0, -482, 0, -552, 7, -558, 11, -565, 48, -572, 48, -578, 8, -587, 7, -587, 8, -587, 11, -593, 0, -600, 0, -565, 24, -571, 24, -577, 38, -584, 21, -592, 38, -597, 21, -600, 0, -606, 0, -445, 12, -448, 44, -455, 15, -466, 27, -473, 12, -474, 44, -479, 15, -485, 27, -495, 0, -502, 0, -548, 30, -553, 14, -559, 26, -565, 30, -572, 14, -576, 26, -586, 0, -596, 0, -506, 50, -511, 22, -519, 40, -523, 36, -523, 50, -532, 22, -541, 40, -548, 36, -556, 0, -563, 0, -465, 20, -471, 42, -479, 32, -486, 31, -496, 20, -501, 42, -506, 32, -511, 31, -521, 0, -531, 0, -435, 23, -440, 1, -443, 6, -450, 23, -463, 1, -469, 6, -471, 0, -478, 0, -471, 49, -477, 35, -483, 18, -492, 13, -502, 49, -509, 35, -518, 18, -523, 13, -528, 0, -537, 0, -506, 25, -514, 16, -520, 45, -528, 33, -540, 25, -548, 16, -548, 45, -554, 33, -566, 0, -576, 0, -561, 9, -571, 47, -581, 9, -590, 47, -598, 0, -605, 0, -521, 34, -525, 19, -532, 19, -537, 34, -544, 0, -551, 0, -519, 37, -523, 39, -533, 28, -537, 41, -546, 39, -556, 41, -564, 37, -571, 28, -577, 0, -585, 0, -558, 43, -568, 43, -569, 0, -577, 0, -437, 10, -443, 10, -452, 2, -457, 2, -464, 0, -470, 0, -480, 17, -490, 17, -499, 0, -505]
[0, -420, 3, -426, 4, -426, 29, -431, 3, -445, 4, -445, 46, -452, 5, -454, 46, -465, 29, -467, 5, -472, 0, -482, 0, -552, 7, -558, 11, -565, 48, -572, 48, -578, 8, -587, 7, -587, 8, -587, 11, -593, 0, -600, 0, -565, 24, -571, 24, -577, 38, -584, 21, -592, 38, -597, 21, -600, 0, -606, 0, -445, 12, -448, 44, -455, 15, -466, 27, -473, 12, -474, 44, -479, 15, -485, 27, -495, 0, -502, 0, -548, 30, -553, 14, -559, 26, -565, 30, -572, 14, -576, 26, -586, 0, -596, 0, -506, 50, -511, 22, -519, 40, -523, 36, -523, 50, -532, 22, -541, 40, -548, 36, -556, 0, -563, 0, -465, 20, -471, 42, -479, 32, -486, 31, -496, 20, -501, 42, -506, 32, -511, 31, -521, 0, -531, 0, -435, 23, -440, 1, -443, 6, -450, 23, -463, 1, -469, 6, -471, 0, -478, 0, -471, 49, -477, 35, -483, 18, -492, 13, -502, 49, -509, 35, -518, 18, -523, 13, -528, 0, -537, 0, -506, 25, -514, 16, -520, 45, -528, 33, -540, 25, -548, 16, -548, 45, -554, 33, -566, 0, -576, 0, -561, 9, -571, 47, -581, 9, -590, 47, -598, 0, -605, 0, -521, 34, -525, 19, -532, 19, -537, 34, -544, 0, -551, 0, -519, 37, -523, 39, -533, 28, -537, 41, -546, 39, -556, 41, -564, 37, -571, 28, -577, 0, -585, 0, -558, 43, -568, 43, -569, 0, -577, 0, -437, 10, -443, 10, -452, 2, -457, 2, -464, 0, -470, 0, -480, 17, -490, 17, -499, 0, -505]
[0, -420, 3, -426, 4, -426, 29, -431, 3, -445, 4, -445, 46, -452, 5, -454, 46, -465, 29, -467, 5, -472, 0, -482, 0, -552, 7, -558, 11, -565, 48, -572, 48, -578, 8, -587, 7, -587, 8, -587, 11, -593, 0, -600, 0, -565, 24, -571, 24, -577, 38, -584, 21, -592, 38, -597, 21, -600, 0, -606, 0, -445, 12, -448, 44, -455, 15, -466, 27, -473, 12, -474, 44, -479, 15, -485, 27, -495, 0, -502, 0, -548, 30, -553, 14, -559, 26, -565, 30, -572, 14, -576, 26, -586, 0, -596, 0, -506, 50, -511, 22, -519, 40, -523, 36, -523, 50, -532, 22, -541, 40, -548, 36, -556, 0, -563, 0, -465, 20, -471, 42, -479, 32, -486, 31, -496, 20, -501, 42, -506, 32, -511, 31, -521, 0, -531, 0, -435, 23, -440, 1, -443, 6, -450, 23, -463, 1, -469, 6, -471, 0, -478, 0, -471, 49, -477, 35, -483, 18, -492, 13, -502, 49, -509, 35, -518, 18, -523, 13, -528, 0, -537, 0, -506, 25, -514, 16, -520, 45, -528, 33, -540, 25, -548, 16, -548, 45, -554, 33, -566, 0, -576, 0, -561, 9, -571, 47, -581, 9, -590, 47, -598, 0, -605, 0, -521, 34, -525, 19, -532, 19, -537, 34, -544, 0, -551, 0, -519, 37, -523, 39, -533, 28, -537, 41, -546, 39, -556, 41, -564, 37, -571, 28, -577, 0, -585, 0, -558, 43, -568, 43, -569, 0, -577, 0, -437, 10, -443, 10, -452, 2, -457, 2, -464, 0, -470, 0, -480, 17, -490, 17, -499, 0, -505]
[0, -420, 3, -426, 4, -426, 29, -431, 3, -445, 4, -445, 46, -452, 5, -454, 46, -465, 29, -467, 5, -472, 0, -482, 0, -552, 7, -558, 11, -565, 48, -572, 48, -578, 8, -587, 7, -587, 8, -587, 11, -593, 0, -600, 0, -565, 24, -571, 24, -577, 38, -584, 21, -592, 38, -597, 21, -600, 0, -606, 0, -445, 12, -448, 44, -455, 15, -466, 27, -473, 12, -474, 44, -479, 15, -485, 27, -495, 0, -502, 0, -548, 30, -553, 14, -559, 26, -565, 30, -572, 14, -576, 26, -586, 0, -596, 0, -506, 50, -511, 22, -519, 40, -523, 36, -523, 50, -532, 22, -541, 40, -548, 36, -556, 0, -563, 0, -465, 20, -471, 42, -479, 32, -486, 31, -496, 20, -501, 42, -506, 32, -511, 31, -521, 0, -531, 0, -435, 23, -440, 1, -443, 6, -450, 23, -463, 1, -469, 6, -471, 0, -478, 0, -471, 49, -477, 35, -483, 18, -492, 13, -502, 49, -509, 35, -518, 18, -523, 13, -528, 0, -537, 0, -506, 25, -514, 16, -520, 45, -528, 33, -540, 25, -548, 16, -548, 45, -554, 33, -566, 0, -576, 0, -561, 9, -571, 47, -581, 9, -590, 47, -598, 0, -605, 0, -521, 34, -525, 19, -532, 19, -537, 34, -544, 0, -551, 0, -519, 37, -523, 39, -533, 28, -537, 41, -546, 39, -556, 41, -564, 37, -571, 28, -577, 0, -585, 0, -558, 43, -568, 43, -569, 0, -577, 0, -437, 10, -443, 10, -452, 2, -457, 2, -464, 0, -470, 0, -480, 17, -490, 17, -499, 0, -505]
