0	Solution - 4122	190	845	147	0	21
1	Solution - 3460	184	816	123	1	20
2	Solution - 3460	184	816	123	1	20
3	Solution - 3306	185	822	121	1	19
4	Solution - 3306	185	822	121	1	19
5	Solution - 3165	181	806	121	1	18
6	Solution - 3165	181	806	121	1	18
7	Solution - 3165	181	806	121	1	18
8	Solution - 3165	181	806	121	1	18
9	Solution - 3165	181	806	121	1	18
10	Solution - 2778	181	815	99	1	18
11	Solution - 2778	181	815	99	1	18
12	Solution - 2778	181	815	99	1	18
13	Solution - 2778	181	815	99	1	18
14	Solution - 2778	181	815	99	1	18
15	Solution - 2778	181	815	99	1	18
16	Solution - 2778	181	815	99	1	18
17	Solution - 2778	181	815	99	1	18
18	Solution - 2778	181	815	99	1	18
19	Solution - 2778	181	815	99	1	18
20	Solution - 2778	181	815	99	1	18
21	Solution - 2778	181	815	99	1	18
22	Solution - 2778	181	815	99	1	18
23	Solution - 2778	181	815	99	1	18
24	Solution - 2778	181	815	99	1	18
25	Solution - 2778	181	815	99	1	18
26	Solution - 2778	181	815	99	1	18
27	Solution - 2778	181	815	99	1	18
28	Solution - 2778	181	815	99	1	18
29	Solution - 2778	181	815	99	1	18
30	Solution - 2778	181	815	99	1	18
31	Solution - 2778	181	815	99	1	18
32	Solution - 2778	181	815	99	1	18
33	Solution - 2778	181	815	99	1	18
34	Solution - 2778	181	815	99	1	18
35	Solution - 2778	181	815	99	1	18
36	Solution - 2778	181	815	99	1	18
37	Solution - 2778	181	815	99	1	18
38	Solution - 2778	181	815	99	1	18
39	Solution - 2778	181	815	99	1	18
40	Solution - 2778	181	815	99	1	18
41	Solution - 2778	181	815	99	1	18
42	Solution - 2778	181	815	99	1	18
43	Solution - 2778	181	815	99	1	18
44	Solution - 2778	181	815	99	1	18
45	Solution - 2732	180	806	97	1	18
46	Solution - 2732	180	806	97	1	18
47	Solution - 2732	180	806	97	1	18
48	Solution - 2732	180	806	97	1	18
49	Solution - 2732	180	806	97	1	18
50	Solution - 2732	180	806	97	1	18
51	Solution - 2732	180	806	97	1	18
52	Solution - 2732	180	806	97	1	18
53	Solution - 2732	180	806	97	1	18
54	Solution - 2732	180	806	97	1	18
55	Solution - 2732	180	806	97	1	18
56	Solution - 2732	180	806	97	1	18
57	Solution - 2726	178	802	97	1	18
58	Solution - 2726	178	802	97	1	18
59	Solution - 2726	178	802	97	1	18
60	Solution - 2726	178	802	97	1	18
61	Solution - 2726	178	802	97	1	18
62	Solution - 2726	178	802	97	1	18
63	Solution - 2726	178	802	97	1	18
64	Solution - 2726	178	802	97	1	18
65	Solution - 2726	178	802	97	1	18
66	Solution - 2442	172	774	88	1	17
67	Solution - 2442	172	774	88	1	17
68	Solution - 2442	172	774	88	1	17
69	Solution - 2442	172	774	88	1	17
70	Solution - 2442	172	774	88	1	17
71	Solution - 2442	172	774	88	1	17
72	Solution - 2442	172	774	88	1	17
73	Solution - 2382	174	780	84	0	17
74	Solution - 1981	171	770	65	0	16
75	Solution - 1981	171	770	65	0	16
76	Solution - 1981	171	770	65	0	16
77	Solution - 1981	171	770	65	0	16
78	Solution - 1981	171	770	65	0	16
79	Solution - 1981	171	770	65	0	16
80	Solution - 1981	171	770	65	0	16
81	Solution - 1981	171	770	65	0	16
82	Solution - 1981	171	770	65	0	16
83	Solution - 1981	171	770	65	0	16
84	Solution - 1981	171	770	65	0	16
85	Solution - 1981	171	770	65	0	16
86	Solution - 1981	171	770	65	0	16
87	Solution - 1981	171	770	65	0	16
88	Solution - 1981	171	770	65	0	16
89	Solution - 1981	171	770	65	0	16
90	Solution - 1981	171	770	65	0	16
91	Solution - 1981	171	770	65	0	16
92	Solution - 1981	171	770	65	0	16
93	Solution - 1981	171	770	65	0	16
94	Solution - 1981	171	770	65	0	16
95	Solution - 1981	171	770	65	0	16
96	Solution - 1981	171	770	65	0	16
97	Solution - 1981	171	770	65	0	16
98	Solution - 1981	171	770	65	0	16
99	Solution - 1981	171	770	65	0	16
