3984
3984
3984
3845
3845
3649
3649
3530
3530
3530
3530
3530
3530
3530
3359
3359
3359
3359
2766
2766
2766
2766
2766
2766
2766
2766
2766
2766
2766
2766
2766
2766
2766
2766
2605
2605
2605
2605
2605
2605
2605
2605
2605
2477
2477
2477
2477
2477
2477
2477
2477
2477
2477
2477
2477
2477
2362
2362
2362
2362
2362
2362
2271
2271
2271
2271
2271
2271
2072
2072
2072
2072
2072
2072
2072
2072
2072
2072
2072
2072
2072
2072
2072
2072
2072
2072
2072
2072
2072
2072
2072
2072
1991
1991
1991
1991
1991
1991
1991
1991
