4122
3460
3460
3306
3306
3165
3165
3165
3165
3165
2778
2778
2778
2778
2778
2778
2778
2778
2778
2778
2778
2778
2778
2778
2778
2778
2778
2778
2778
2778
2778
2778
2778
2778
2778
2778
2778
2778
2778
2778
2778
2778
2778
2778
2778
2732
2732
2732
2732
2732
2732
2732
2732
2732
2732
2732
2732
2726
2726
2726
2726
2726
2726
2726
2726
2726
2442
2442
2442
2442
2442
2442
2442
2382
1981
1981
1981
1981
1981
1981
1981
1981
1981
1981
1981
1981
1981
1981
1981
1981
1981
1981
1981
1981
1981
1981
1981
1981
1981
1981
