0	Solution - 3931	190	843	138	0	21
1	Solution - 3931	190	843	138	0	21
2	Solution - 3931	190	843	138	0	21
3	Solution - 3931	190	843	138	0	21
4	Solution - 3931	190	843	138	0	21
5	Solution - 3931	190	843	138	0	21
6	Solution - 3931	190	843	138	0	21
7	Solution - 3931	190	843	138	0	21
8	Solution - 3931	190	843	138	0	21
9	Solution - 3931	190	843	138	0	21
10	Solution - 3882	189	837	136	1	21
11	Solution - 3882	189	837	136	1	21
12	Solution - 3560	184	816	128	0	20
13	Solution - 3560	184	816	128	0	20
14	Solution - 3217	183	814	111	0	20
15	Solution - 3217	183	814	111	0	20
16	Solution - 3217	183	814	111	0	20
17	Solution - 2783	183	814	94	0	19
18	Solution - 2783	183	814	94	0	19
19	Solution - 2783	183	814	94	0	19
20	Solution - 2783	183	814	94	0	19
21	Solution - 2783	183	814	94	0	19
22	Solution - 2783	183	814	94	0	19
23	Solution - 2783	183	814	94	0	19
24	Solution - 2783	183	814	94	0	19
25	Solution - 2783	183	814	94	0	19
26	Solution - 2783	183	814	94	0	19
27	Solution - 2783	183	814	94	0	19
28	Solution - 2783	183	814	94	0	19
29	Solution - 2783	183	814	94	0	19
30	Solution - 2783	183	814	94	0	19
31	Solution - 2783	183	814	94	0	19
32	Solution - 2783	183	814	94	0	19
33	Solution - 2783	183	814	94	0	19
34	Solution - 2783	183	814	94	0	19
35	Solution - 2783	183	814	94	0	19
36	Solution - 2783	183	814	94	0	19
37	Solution - 2783	183	814	94	0	19
38	Solution - 2783	183	814	94	0	19
39	Solution - 2783	183	814	94	0	19
40	Solution - 2783	183	814	94	0	19
41	Solution - 2783	183	814	94	0	19
42	Solution - 2783	183	814	94	0	19
43	Solution - 2783	183	814	94	0	19
44	Solution - 2783	183	814	94	0	19
45	Solution - 2765	177	788	100	0	18
46	Solution - 2765	177	788	100	0	18
47	Solution - 2765	177	788	100	0	18
48	Solution - 2765	177	788	100	0	18
49	Solution - 2765	177	788	100	0	18
50	Solution - 2765	177	788	100	0	18
51	Solution - 2765	177	788	100	0	18
52	Solution - 2765	177	788	100	0	18
53	Solution - 2765	177	788	100	0	18
54	Solution - 2765	177	788	100	0	18
55	Solution - 2585	178	792	95	0	17
56	Solution - 2585	178	792	95	0	17
57	Solution - 2585	178	792	95	0	17
58	Solution - 2585	178	792	95	0	17
59	Solution - 2585	178	792	95	0	17
60	Solution - 2585	178	792	95	0	17
61	Solution - 2585	178	792	95	0	17
62	Solution - 2585	178	792	95	0	17
63	Solution - 2585	178	792	95	0	17
64	Solution - 2585	178	792	95	0	17
65	Solution - 2585	178	792	95	0	17
66	Solution - 2585	178	792	95	0	17
67	Solution - 2585	178	792	95	0	17
68	Solution - 2585	178	792	95	0	17
69	Solution - 2585	178	792	95	0	17
70	Solution - 2585	178	792	95	0	17
71	Solution - 2585	178	792	95	0	17
72	Solution - 2585	178	792	95	0	17
73	Solution - 2558	179	798	93	0	17
74	Solution - 2558	179	798	93	0	17
75	Solution - 2558	179	798	93	0	17
76	Solution - 2558	179	798	93	0	17
77	Solution - 2558	179	798	93	0	17
78	Solution - 2431	181	805	85	0	17
79	Solution - 2431	181	805	85	0	17
80	Solution - 2431	181	805	85	0	17
81	Solution - 2431	181	805	85	0	17
82	Solution - 2431	181	805	85	0	17
83	Solution - 2431	181	805	85	0	17
84	Solution - 2431	181	805	85	0	17
85	Solution - 2431	181	805	85	0	17
86	Solution - 2431	181	805	85	0	17
87	Solution - 2431	181	805	85	0	17
88	Solution - 2431	181	805	85	0	17
89	Solution - 2431	181	805	85	0	17
90	Solution - 2431	181	805	85	0	17
91	Solution - 2431	181	805	85	0	17
92	Solution - 2431	181	805	85	0	17
93	Solution - 2431	181	805	85	0	17
94	Solution - 2431	181	805	85	0	17
95	Solution - 2431	181	805	85	0	17
96	Solution - 2431	181	805	85	0	17
97	Solution - 2431	181	805	85	0	17
98	Solution - 2431	181	805	85	0	17
99	Solution - 2431	181	805	85	0	17
