0	Solution - 0	0	0	0	0	0
1	Solution - 0	0	0	0	0	0
2	Solution - 0	0	0	0	0	0
3	Solution - 0	0	0	0	0	0
4	Solution - 0	0	0	0	0	0
5	Solution - 0	0	0	0	0	0
6	Solution - 0	0	0	0	0	0
7	Solution - 0	0	0	0	0	0
8	Solution - 0	0	0	0	0	0
9	Solution - 0	0	0	0	0	0
10	Solution - 0	0	0	0	0	0
11	Solution - 0	0	0	0	0	0
12	Solution - 0	0	0	0	0	0
13	Solution - 0	0	0	0	0	0
14	Solution - 0	0	0	0	0	0
15	Solution - 0	0	0	0	0	0
16	Solution - 0	0	0	0	0	0
17	Solution - 0	0	0	0	0	0
18	Solution - 0	0	0	0	0	0
19	Solution - 0	0	0	0	0	0
20	Solution - 0	0	0	0	0	0
21	Solution - 0	0	0	0	0	0
22	Solution - 0	0	0	0	0	0
23	Solution - 0	0	0	0	0	0
24	Solution - 0	0	0	0	0	0
25	Solution - 0	0	0	0	0	0
26	Solution - 0	0	0	0	0	0
27	Solution - 3887	189	842	136	0	21
28	Solution - 3887	189	842	136	0	21
29	Solution - 3887	189	842	136	0	21
30	Solution - 3887	189	842	136	0	21
31	Solution - 3887	189	842	136	0	21
32	Solution - 3887	189	842	136	0	21
33	Solution - 3887	189	842	136	0	21
34	Solution - 3887	189	842	136	0	21
35	Solution - 3887	189	842	136	0	21
36	Solution - 3887	189	842	136	0	21
37	Solution - 3887	189	842	136	0	21
38	Solution - 3887	189	842	136	0	21
39	Solution - 3887	189	842	136	0	21
40	Solution - 3887	189	842	136	0	21
41	Solution - 3887	189	842	136	0	21
42	Solution - 3809	188	841	139	0	20
43	Solution - 3548	192	856	125	0	20
44	Solution - 3548	192	856	125	0	20
45	Solution - 3548	192	856	125	0	20
46	Solution - 3548	192	856	125	0	20
47	Solution - 3548	192	856	125	0	20
48	Solution - 3548	192	856	125	0	20
49	Solution - 3158	187	843	112	0	19
50	Solution - 3158	187	843	112	0	19
51	Solution - 3158	187	843	112	0	19
52	Solution - 3158	187	843	112	0	19
53	Solution - 3158	187	843	112	0	19
54	Solution - 3158	187	843	112	0	19
55	Solution - 3158	187	843	112	0	19
56	Solution - 3158	187	843	112	0	19
57	Solution - 3158	187	843	112	0	19
58	Solution - 3158	187	843	112	0	19
59	Solution - 3158	187	843	112	0	19
60	Solution - 3158	187	843	112	0	19
61	Solution - 3158	187	843	112	0	19
62	Solution - 3158	187	843	112	0	19
63	Solution - 2954	189	846	101	0	19
64	Solution - 2954	189	846	101	0	19
65	Solution - 2954	189	846	101	0	19
66	Solution - 2954	189	846	101	0	19
67	Solution - 2954	189	846	101	0	19
68	Solution - 2954	189	846	101	0	19
69	Solution - 2954	189	846	101	0	19
70	Solution - 2954	189	846	101	0	19
71	Solution - 2954	189	846	101	0	19
72	Solution - 2954	189	846	101	0	19
73	Solution - 2954	189	846	101	0	19
74	Solution - 2954	189	846	101	0	19
75	Solution - 2954	189	846	101	0	19
76	Solution - 2954	189	846	101	0	19
77	Solution - 2954	189	846	101	0	19
78	Solution - 2678	188	856	86	0	19
79	Solution - 2678	188	856	86	0	19
80	Solution - 2671	184	834	87	0	19
81	Solution - 2671	184	834	87	0	19
82	Solution - 2556	183	825	86	0	18
83	Solution - 2556	183	825	86	0	18
84	Solution - 2532	184	818	85	0	18
85	Solution - 2532	184	818	85	0	18
86	Solution - 2532	184	818	85	0	18
87	Solution - 2532	184	818	85	0	18
88	Solution - 2532	184	818	85	0	18
89	Solution - 2532	184	818	85	0	18
90	Solution - 2532	184	818	85	0	18
91	Solution - 2532	184	818	85	0	18
92	Solution - 2532	184	818	85	0	18
93	Solution - 2532	184	818	85	0	18
94	Solution - 2532	184	818	85	0	18
95	Solution - 2532	184	818	85	0	18
96	Solution - 2532	184	818	85	0	18
97	Solution - 2532	184	818	85	0	18
98	Solution - 2532	184	818	85	0	18
99	Solution - 2532	184	818	85	0	18
