Solution - 4154	193	853	148	0	21
Solution - 4154	193	853	148	0	21
Solution - 4154	193	853	148	0	21
Solution - 4154	193	853	148	0	21
Solution - 1981	171	770	65	0	16
Solution - 4154	193	853	148	0	21
Solution - 4154	193	853	148	0	21
Solution - 2532	184	818	85	0	18
Solution - 4154	193	853	148	0	21
Solution - 4154	193	853	148	0	21
Solution - 4154	193	853	148	0	21
Solution - 2888	186	814	118	0	16
Solution - 3001	192	852	103	0	19
Solution - 2431	181	805	85	0	17
Solution - 3484	187	837	123	0	20
Solution - 4154	193	853	148	0	21
Solution - 3403	186	823	114	0	21
Solution - 2326	193	855	71	0	18
Solution - 4154	193	853	148	0	21
Solution - 4154	193	853	148	0	21
Solution - 4154	193	853	148	0	21
Solution - 4154	193	853	148	0	21
Solution - 4154	193	853	148	0	21
Solution - 2203	183	814	67	1	18
Solution - 4154	193	853	148	0	21
Solution - 2980	189	839	122	0	16
Solution - 4154	193	853	148	0	21
Solution - 3392	189	843	118	0	20
Solution - 4154	193	853	148	0	21
Solution - 1991	173	768	70	0	15
