0	Solution - 0	0	0	0	0	0
1	Solution - 0	0	0	0	0	0
2	Solution - 0	0	0	0	0	0
3	Solution - 0	0	0	0	0	0
4	Solution - 0	0	0	0	0	0
5	Solution - 0	0	0	0	0	0
6	Solution - 0	0	0	0	0	0
7	Solution - 0	0	0	0	0	0
8	Solution - 0	0	0	0	0	0
9	Solution - 0	0	0	0	0	0
10	Solution - 0	0	0	0	0	0
11	Solution - 0	0	0	0	0	0
12	Solution - 0	0	0	0	0	0
13	Solution - 3554	185	829	127	0	20
14	Solution - 3554	185	829	127	0	20
15	Solution - 3554	185	829	127	0	20
16	Solution - 3554	185	829	127	0	20
17	Solution - 3554	185	829	127	0	20
18	Solution - 3379	188	835	124	1	19
19	Solution - 3379	188	835	124	1	19
20	Solution - 3372	185	831	124	1	19
21	Solution - 3372	185	831	124	1	19
22	Solution - 3372	185	831	124	1	19
23	Solution - 3372	185	831	124	1	19
24	Solution - 3372	185	831	124	1	19
25	Solution - 3372	185	831	124	1	19
26	Solution - 3372	185	831	124	1	19
27	Solution - 3372	185	831	124	1	19
28	Solution - 3372	185	831	124	1	19
29	Solution - 3359	185	837	123	1	19
30	Solution - 3359	185	837	123	1	19
31	Solution - 3359	185	837	123	1	19
32	Solution - 3359	185	837	123	1	19
33	Solution - 3273	188	843	118	1	19
34	Solution - 3266	186	838	118	1	19
35	Solution - 3266	186	838	118	1	19
36	Solution - 3266	186	838	118	1	19
37	Solution - 3266	186	838	118	1	19
38	Solution - 3266	186	838	118	1	19
39	Solution - 3266	186	838	118	1	19
40	Solution - 3266	186	838	118	1	19
41	Solution - 3266	186	838	118	1	19
42	Solution - 2580	185	829	87	1	18
43	Solution - 2580	185	829	87	1	18
44	Solution - 2580	185	829	87	1	18
45	Solution - 2484	184	824	82	1	18
46	Solution - 2484	184	824	82	1	18
47	Solution - 2484	184	824	82	1	18
48	Solution - 2484	184	824	82	1	18
49	Solution - 2484	184	824	82	1	18
50	Solution - 2484	184	824	82	1	18
51	Solution - 2484	184	824	82	1	18
52	Solution - 2484	184	824	82	1	18
53	Solution - 2484	184	824	82	1	18
54	Solution - 2484	184	824	82	1	18
55	Solution - 2203	183	814	67	1	18
56	Solution - 2203	183	814	67	1	18
57	Solution - 2203	183	814	67	1	18
58	Solution - 2203	183	814	67	1	18
59	Solution - 2203	183	814	67	1	18
60	Solution - 2203	183	814	67	1	18
61	Solution - 2203	183	814	67	1	18
62	Solution - 2203	183	814	67	1	18
63	Solution - 2203	183	814	67	1	18
64	Solution - 2203	183	814	67	1	18
65	Solution - 2203	183	814	67	1	18
66	Solution - 2203	183	814	67	1	18
67	Solution - 2203	183	814	67	1	18
68	Solution - 2203	183	814	67	1	18
69	Solution - 2203	183	814	67	1	18
70	Solution - 2203	183	814	67	1	18
71	Solution - 2203	183	814	67	1	18
72	Solution - 2203	183	814	67	1	18
73	Solution - 2203	183	814	67	1	18
74	Solution - 2203	183	814	67	1	18
75	Solution - 2203	183	814	67	1	18
76	Solution - 2203	183	814	67	1	18
77	Solution - 2203	183	814	67	1	18
78	Solution - 2203	183	814	67	1	18
79	Solution - 2203	183	814	67	1	18
80	Solution - 2203	183	814	67	1	18
81	Solution - 2203	183	814	67	1	18
82	Solution - 2203	183	814	67	1	18
83	Solution - 2203	183	814	67	1	18
84	Solution - 2203	183	814	67	1	18
85	Solution - 2203	183	814	67	1	18
86	Solution - 2203	183	814	67	1	18
87	Solution - 2203	183	814	67	1	18
88	Solution - 2203	183	814	67	1	18
89	Solution - 2203	183	814	67	1	18
90	Solution - 2203	183	814	67	1	18
91	Solution - 2203	183	814	67	1	18
92	Solution - 2203	183	814	67	1	18
93	Solution - 2203	183	814	67	1	18
94	Solution - 2203	183	814	67	1	18
95	Solution - 2203	183	814	67	1	18
96	Solution - 2203	183	814	67	1	18
97	Solution - 2203	183	814	67	1	18
98	Solution - 2203	183	814	67	1	18
99	Solution - 2203	183	814	67	1	18
