[]
[]
[]
[]
[]
[]
[]
[]
[]
[]
[]
[]
[]
[]
[]
[]
[]
[]
[]
[]
[]
[]
[]
[]
[]
[]
[]
[]
[]
[]
[]
[]
[]
[]
[]
[]
[]
[]
[]
[]
[]
[]
[]
[]
[]
[]
[]
[]
[]
[]
[]
[]
[]
[]
[0, -425, 5, -431, 4, -431, 3, -431, 46, -440, 3, -445, 4, -445, 46, -454, 5, -461, 0, -471, 0, -551, 8, -556, 7, -566, 11, -573, 48, -580, 8, -580, 7, -580, 11, -586, 48, -586, 0, -593, 0, -583, 21, -588, 21, -596, 0, -602, 0, -445, 12, -448, 44, -455, 15, -466, 27, -473, 12, -474, 44, -479, 15, -485, 27, -495, 0, -502, 0, -542, 30, -547, 37, -554, 14, -559, 26, -565, 30, -572, 37, -572, 14, -576, 26, -586, 0, -596, 0, -506, 50, -511, 22, -519, 40, -523, 36, -523, 50, -532, 22, -541, 40, -548, 36, -556, 0, -563, 0, -465, 20, -471, 42, -479, 32, -486, 31, -496, 20, -501, 42, -506, 32, -511, 31, -521, 0, -531, 0, -529, 19, -532, 19, -537, 0, -542, 0, -435, 23, -440, 1, -443, 6, -450, 23, -463, 1, -469, 6, -471, 0, -478, 0, -437, 10, -443, 10, -452, 0, -460, 0, -471, 49, -477, 35, -483, 18, -492, 13, -502, 49, -509, 35, -518, 18, -523, 13, -528, 0, -537, 0, -506, 25, -514, 16, -520, 45, -528, 33, -540, 25, -548, 16, -548, 45, -554, 33, -566, 0, -576, 0, -460, 2, -463, 2, -470, 0, -476, 0, -539, 38, -546, 9, -558, 47, -568, 38, -576, 9, -581, 47, -589, 0, -596, 0, -530, 34, -534, 34, -539, 0, -546, 0, -546, 24, -552, 24, -558, 0, -566, 0, -542, 39, -552, 28, -556, 39, -556, 28, -562, 0, -570, 0, -541, 41, -552, 41, -561, 43, -573, 43, -574, 0, -582, 0, -453, 29, -464, 29, -473, 0, -480, 0, -480, 17, -490, 17, -499, 0, -505]
[0, -425, 5, -431, 4, -431, 3, -431, 46, -440, 3, -445, 4, -445, 46, -454, 5, -461, 0, -471, 0, -551, 8, -556, 7, -566, 11, -573, 48, -580, 8, -580, 7, -580, 11, -586, 48, -586, 0, -593, 0, -583, 21, -588, 21, -596, 0, -602, 0, -445, 12, -448, 44, -455, 15, -466, 27, -473, 12, -474, 44, -479, 15, -485, 27, -495, 0, -502, 0, -542, 30, -547, 37, -554, 14, -559, 26, -565, 30, -572, 37, -572, 14, -576, 26, -586, 0, -596, 0, -506, 50, -511, 22, -519, 40, -523, 36, -523, 50, -532, 22, -541, 40, -548, 36, -556, 0, -563, 0, -465, 20, -471, 42, -479, 32, -486, 31, -496, 20, -501, 42, -506, 32, -511, 31, -521, 0, -531, 0, -529, 19, -532, 19, -537, 0, -542, 0, -435, 23, -440, 1, -443, 6, -450, 23, -463, 1, -469, 6, -471, 0, -478, 0, -437, 10, -443, 10, -452, 0, -460, 0, -471, 49, -477, 35, -483, 18, -492, 13, -502, 49, -509, 35, -518, 18, -523, 13, -528, 0, -537, 0, -506, 25, -514, 16, -520, 45, -528, 33, -540, 25, -548, 16, -548, 45, -554, 33, -566, 0, -576, 0, -460, 2, -463, 2, -470, 0, -476, 0, -539, 38, -546, 9, -558, 47, -568, 38, -576, 9, -581, 47, -589, 0, -596, 0, -530, 34, -534, 34, -539, 0, -546, 0, -546, 24, -552, 24, -558, 0, -566, 0, -542, 39, -552, 28, -556, 39, -556, 28, -562, 0, -570, 0, -541, 41, -552, 41, -561, 43, -573, 43, -574, 0, -582, 0, -453, 29, -464, 29, -473, 0, -480, 0, -480, 17, -490, 17, -499, 0, -505]
[0, -425, 5, -431, 4, -431, 3, -431, 46, -440, 3, -445, 4, -445, 46, -454, 5, -461, 0, -471, 0, -551, 8, -556, 7, -566, 11, -573, 48, -580, 8, -580, 7, -580, 11, -586, 48, -586, 0, -593, 0, -583, 21, -588, 21, -596, 0, -602, 0, -445, 12, -448, 44, -455, 15, -466, 27, -473, 12, -474, 44, -479, 15, -485, 27, -495, 0, -502, 0, -542, 30, -547, 37, -554, 14, -559, 26, -565, 30, -572, 37, -572, 14, -576, 26, -586, 0, -596, 0, -506, 50, -511, 22, -519, 40, -523, 36, -523, 50, -532, 22, -541, 40, -548, 36, -556, 0, -563, 0, -465, 20, -471, 42, -479, 32, -486, 31, -496, 20, -501, 42, -506, 32, -511, 31, -521, 0, -531, 0, -529, 19, -532, 19, -537, 0, -542, 0, -435, 23, -440, 1, -443, 6, -450, 23, -463, 1, -469, 6, -471, 0, -478, 0, -437, 10, -443, 10, -452, 0, -460, 0, -471, 49, -477, 35, -483, 18, -492, 13, -502, 49, -509, 35, -518, 18, -523, 13, -528, 0, -537, 0, -506, 25, -514, 16, -520, 45, -528, 33, -540, 25, -548, 16, -548, 45, -554, 33, -566, 0, -576, 0, -460, 2, -463, 2, -470, 0, -476, 0, -539, 38, -546, 9, -558, 47, -568, 38, -576, 9, -581, 47, -589, 0, -596, 0, -530, 34, -534, 34, -539, 0, -546, 0, -546, 24, -552, 24, -558, 0, -566, 0, -542, 39, -552, 28, -556, 39, -556, 28, -562, 0, -570, 0, -541, 41, -552, 41, -561, 43, -573, 43, -574, 0, -582, 0, -453, 29, -464, 29, -473, 0, -480, 0, -480, 17, -490, 17, -499, 0, -505]
[0, -425, 5, -431, 4, -431, 3, -431, 46, -440, 3, -445, 4, -445, 46, -454, 5, -461, 0, -471, 0, -551, 8, -556, 7, -566, 11, -573, 48, -580, 8, -580, 7, -580, 11, -586, 48, -586, 0, -593, 0, -583, 21, -588, 21, -596, 0, -602, 0, -445, 12, -448, 44, -455, 15, -466, 27, -473, 12, -474, 44, -479, 15, -485, 27, -495, 0, -502, 0, -542, 30, -547, 37, -554, 14, -559, 26, -565, 30, -572, 37, -572, 14, -576, 26, -586, 0, -596, 0, -506, 50, -511, 22, -519, 40, -523, 36, -523, 50, -532, 22, -541, 40, -548, 36, -556, 0, -563, 0, -465, 20, -471, 42, -479, 32, -486, 31, -496, 20, -501, 42, -506, 32, -511, 31, -521, 0, -531, 0, -529, 19, -532, 19, -537, 0, -542, 0, -435, 23, -440, 1, -443, 6, -450, 23, -463, 1, -469, 6, -471, 0, -478, 0, -437, 10, -443, 10, -452, 0, -460, 0, -471, 49, -477, 35, -483, 18, -492, 13, -502, 49, -509, 35, -518, 18, -523, 13, -528, 0, -537, 0, -506, 25, -514, 16, -520, 45, -528, 33, -540, 25, -548, 16, -548, 45, -554, 33, -566, 0, -576, 0, -460, 2, -463, 2, -470, 0, -476, 0, -539, 38, -546, 9, -558, 47, -568, 38, -576, 9, -581, 47, -589, 0, -596, 0, -530, 34, -534, 34, -539, 0, -546, 0, -546, 24, -552, 24, -558, 0, -566, 0, -542, 39, -552, 28, -556, 39, -556, 28, -562, 0, -570, 0, -541, 41, -552, 41, -561, 43, -573, 43, -574, 0, -582, 0, -453, 29, -464, 29, -473, 0, -480, 0, -480, 17, -490, 17, -499, 0, -505]
[0, -425, 5, -431, 4, -431, 3, -431, 46, -440, 3, -445, 4, -445, 46, -454, 5, -461, 0, -471, 0, -551, 8, -556, 7, -566, 11, -573, 48, -580, 8, -580, 7, -580, 11, -586, 48, -586, 0, -593, 0, -583, 21, -588, 21, -596, 0, -602, 0, -445, 12, -448, 44, -455, 15, -466, 27, -473, 12, -474, 44, -479, 15, -485, 27, -495, 0, -502, 0, -542, 30, -547, 37, -554, 14, -559, 26, -565, 30, -572, 37, -572, 14, -576, 26, -586, 0, -596, 0, -506, 50, -511, 22, -519, 40, -523, 36, -523, 50, -532, 22, -541, 40, -548, 36, -556, 0, -563, 0, -465, 20, -471, 42, -479, 32, -486, 31, -496, 20, -501, 42, -506, 32, -511, 31, -521, 0, -531, 0, -529, 19, -532, 19, -537, 0, -542, 0, -435, 23, -440, 1, -443, 6, -450, 23, -463, 1, -469, 6, -471, 0, -478, 0, -437, 10, -443, 10, -452, 0, -460, 0, -471, 49, -477, 35, -483, 18, -492, 13, -502, 49, -509, 35, -518, 18, -523, 13, -528, 0, -537, 0, -506, 25, -514, 16, -520, 45, -528, 33, -540, 25, -548, 16, -548, 45, -554, 33, -566, 0, -576, 0, -460, 2, -463, 2, -470, 0, -476, 0, -539, 38, -546, 9, -558, 47, -568, 38, -576, 9, -581, 47, -589, 0, -596, 0, -530, 34, -534, 34, -539, 0, -546, 0, -546, 24, -552, 24, -558, 0, -566, 0, -542, 39, -552, 28, -556, 39, -556, 28, -562, 0, -570, 0, -541, 41, -552, 41, -561, 43, -573, 43, -574, 0, -582, 0, -453, 29, -464, 29, -473, 0, -480, 0, -480, 17, -490, 17, -499, 0, -505]
[0, -425, 5, -431, 4, -431, 3, -431, 46, -440, 3, -445, 4, -445, 46, -454, 5, -461, 0, -471, 0, -551, 8, -556, 7, -566, 11, -573, 48, -580, 8, -580, 7, -580, 11, -586, 48, -586, 0, -593, 0, -583, 21, -588, 21, -596, 0, -602, 0, -445, 12, -448, 44, -455, 15, -466, 27, -473, 12, -474, 44, -479, 15, -485, 27, -495, 0, -502, 0, -542, 30, -547, 37, -554, 14, -559, 26, -565, 30, -572, 37, -572, 14, -576, 26, -586, 0, -596, 0, -506, 50, -511, 22, -519, 40, -523, 36, -523, 50, -532, 22, -541, 40, -548, 36, -556, 0, -563, 0, -465, 20, -471, 42, -479, 32, -486, 31, -496, 20, -501, 42, -506, 32, -511, 31, -521, 0, -531, 0, -529, 19, -532, 19, -537, 0, -542, 0, -435, 23, -440, 1, -443, 6, -450, 23, -463, 1, -469, 6, -471, 0, -478, 0, -437, 10, -443, 10, -452, 0, -460, 0, -471, 49, -477, 35, -483, 18, -492, 13, -502, 49, -509, 35, -518, 18, -523, 13, -528, 0, -537, 0, -506, 25, -514, 16, -520, 45, -528, 33, -540, 25, -548, 16, -548, 45, -554, 33, -566, 0, -576, 0, -460, 2, -463, 2, -470, 0, -476, 0, -539, 38, -546, 9, -558, 47, -568, 38, -576, 9, -581, 47, -589, 0, -596, 0, -530, 34, -534, 34, -539, 0, -546, 0, -546, 24, -552, 24, -558, 0, -566, 0, -542, 39, -552, 28, -556, 39, -556, 28, -562, 0, -570, 0, -541, 41, -552, 41, -561, 43, -573, 43, -574, 0, -582, 0, -453, 29, -464, 29, -473, 0, -480, 0, -480, 17, -490, 17, -499, 0, -505]
[0, -425, 5, -431, 4, -431, 3, -431, 46, -440, 3, -445, 4, -445, 46, -454, 5, -461, 0, -471, 0, -551, 8, -556, 7, -566, 11, -573, 48, -580, 8, -580, 7, -580, 11, -586, 48, -586, 0, -593, 0, -583, 21, -588, 21, -596, 0, -602, 0, -445, 12, -448, 44, -455, 15, -466, 27, -473, 12, -474, 44, -479, 15, -485, 27, -495, 0, -502, 0, -542, 30, -547, 37, -554, 14, -559, 26, -565, 30, -572, 37, -572, 14, -576, 26, -586, 0, -596, 0, -506, 50, -511, 22, -519, 40, -523, 36, -523, 50, -532, 22, -541, 40, -548, 36, -556, 0, -563, 0, -465, 20, -471, 42, -479, 32, -486, 31, -496, 20, -501, 42, -506, 32, -511, 31, -521, 0, -531, 0, -529, 19, -532, 19, -537, 0, -542, 0, -435, 23, -440, 1, -443, 6, -450, 23, -463, 1, -469, 6, -471, 0, -478, 0, -437, 10, -443, 10, -452, 0, -460, 0, -471, 49, -477, 35, -483, 18, -492, 13, -502, 49, -509, 35, -518, 18, -523, 13, -528, 0, -537, 0, -506, 25, -514, 16, -520, 45, -528, 33, -540, 25, -548, 16, -548, 45, -554, 33, -566, 0, -576, 0, -460, 2, -463, 2, -470, 0, -476, 0, -539, 38, -546, 9, -558, 47, -568, 38, -576, 9, -581, 47, -589, 0, -596, 0, -530, 34, -534, 34, -539, 0, -546, 0, -546, 24, -552, 24, -558, 0, -566, 0, -542, 39, -552, 28, -556, 39, -556, 28, -562, 0, -570, 0, -541, 41, -552, 41, -561, 43, -573, 43, -574, 0, -582, 0, -453, 29, -464, 29, -473, 0, -480, 0, -480, 17, -490, 17, -499, 0, -505]
[0, -418, 46, -423, 4, -433, 3, -433, 4, -445, 3, -445, 5, -453, 46, -464, 5, -471, 0, -481, 0, -551, 8, -556, 7, -566, 11, -573, 48, -580, 8, -580, 7, -580, 11, -586, 48, -586, 0, -593, 0, -583, 21, -588, 21, -596, 0, -602, 0, -445, 12, -448, 44, -455, 15, -466, 27, -473, 12, -474, 44, -479, 15, -485, 27, -495, 0, -502, 0, -542, 30, -547, 37, -554, 14, -559, 26, -565, 30, -572, 37, -572, 14, -576, 26, -586, 0, -596, 0, -506, 50, -511, 22, -519, 40, -523, 50, -532, 22, -541, 40, -548, 0, -557, 0, -465, 20, -471, 42, -479, 32, -486, 31, -496, 20, -501, 42, -506, 32, -511, 31, -521, 0, -531, 0, -529, 19, -532, 19, -537, 0, -542, 0, -435, 23, -440, 1, -443, 6, -450, 23, -463, 1, -469, 6, -471, 0, -478, 0, -437, 10, -443, 10, -452, 0, -460, 0, -471, 49, -477, 35, -483, 18, -492, 13, -502, 49, -509, 35, -518, 18, -523, 13, -528, 0, -537, 0, -506, 25, -514, 16, -520, 45, -528, 33, -540, 25, -548, 16, -548, 45, -554, 33, -566, 0, -576, 0, -460, 2, -463, 2, -470, 0, -476, 0, -539, 38, -546, 9, -558, 47, -568, 38, -576, 9, -581, 47, -589, 0, -596, 0, -530, 34, -534, 34, -539, 0, -546, 0, -536, 24, -542, 39, -552, 39, -556, 24, -562, 0, -570, 0, -560, 28, -566, 28, -572, 0, -580, 0, -540, 36, -546, 41, -555, 36, -564, 41, -564, 43, -576, 43, -577, 0, -585, 0, -453, 29, -464, 29, -473, 0, -480, 0, -480, 17, -490, 17, -499, 0, -505]
[0, -418, 46, -423, 4, -433, 3, -433, 4, -445, 3, -445, 5, -453, 46, -464, 5, -471, 0, -481, 0, -551, 8, -556, 7, -566, 11, -573, 48, -580, 8, -580, 7, -580, 11, -586, 48, -586, 0, -593, 0, -583, 21, -588, 21, -596, 0, -602, 0, -445, 12, -448, 44, -455, 15, -466, 27, -473, 12, -474, 44, -479, 15, -485, 27, -495, 0, -502, 0, -542, 30, -547, 37, -554, 14, -559, 26, -565, 30, -572, 37, -572, 14, -576, 26, -586, 0, -596, 0, -506, 50, -511, 22, -519, 40, -523, 50, -532, 22, -541, 40, -548, 0, -557, 0, -465, 20, -471, 42, -479, 32, -486, 31, -496, 20, -501, 42, -506, 32, -511, 31, -521, 0, -531, 0, -529, 19, -532, 19, -537, 0, -542, 0, -435, 23, -440, 1, -443, 6, -450, 23, -463, 1, -469, 6, -471, 0, -478, 0, -437, 10, -443, 10, -452, 0, -460, 0, -471, 49, -477, 35, -483, 18, -492, 13, -502, 49, -509, 35, -518, 18, -523, 13, -528, 0, -537, 0, -506, 25, -514, 16, -520, 45, -528, 33, -540, 25, -548, 16, -548, 45, -554, 33, -566, 0, -576, 0, -460, 2, -463, 2, -470, 0, -476, 0, -539, 38, -546, 9, -558, 47, -568, 38, -576, 9, -581, 47, -589, 0, -596, 0, -530, 34, -534, 34, -539, 0, -546, 0, -536, 24, -542, 39, -552, 39, -556, 24, -562, 0, -570, 0, -560, 28, -566, 28, -572, 0, -580, 0, -540, 36, -546, 41, -555, 36, -564, 41, -564, 43, -576, 43, -577, 0, -585, 0, -453, 29, -464, 29, -473, 0, -480, 0, -480, 17, -490, 17, -499, 0, -505]
[0, -418, 46, -423, 4, -433, 3, -433, 4, -445, 3, -445, 5, -453, 46, -464, 5, -471, 0, -481, 0, -551, 8, -556, 7, -566, 11, -573, 48, -580, 8, -580, 7, -580, 11, -586, 48, -586, 0, -593, 0, -583, 21, -588, 21, -596, 0, -602, 0, -445, 12, -448, 44, -455, 15, -466, 27, -473, 12, -474, 44, -479, 15, -485, 27, -495, 0, -502, 0, -542, 30, -547, 37, -554, 14, -559, 26, -565, 30, -572, 37, -572, 14, -576, 26, -586, 0, -596, 0, -506, 50, -511, 22, -519, 40, -523, 50, -532, 22, -541, 40, -548, 0, -557, 0, -465, 20, -471, 42, -479, 32, -486, 31, -496, 20, -501, 42, -506, 32, -511, 31, -521, 0, -531, 0, -529, 19, -532, 19, -537, 0, -542, 0, -435, 23, -440, 1, -443, 6, -450, 23, -463, 1, -469, 6, -471, 0, -478, 0, -437, 10, -443, 10, -452, 0, -460, 0, -471, 49, -477, 35, -483, 18, -492, 13, -502, 49, -509, 35, -518, 18, -523, 13, -528, 0, -537, 0, -506, 25, -514, 16, -520, 45, -528, 33, -540, 25, -548, 16, -548, 45, -554, 33, -566, 0, -576, 0, -460, 2, -463, 2, -470, 0, -476, 0, -539, 38, -546, 9, -558, 47, -568, 38, -576, 9, -581, 47, -589, 0, -596, 0, -530, 34, -534, 34, -539, 0, -546, 0, -536, 24, -542, 39, -552, 39, -556, 24, -562, 0, -570, 0, -560, 28, -566, 28, -572, 0, -580, 0, -540, 36, -546, 41, -555, 36, -564, 41, -564, 43, -576, 43, -577, 0, -585, 0, -453, 29, -464, 29, -473, 0, -480, 0, -480, 17, -490, 17, -499, 0, -505]
[0, -418, 46, -423, 4, -433, 3, -433, 4, -445, 3, -445, 5, -453, 46, -464, 5, -471, 0, -481, 0, -551, 8, -556, 7, -566, 11, -573, 48, -580, 8, -580, 7, -580, 11, -586, 48, -586, 0, -593, 0, -583, 21, -588, 21, -596, 0, -602, 0, -445, 12, -448, 44, -455, 15, -466, 27, -473, 12, -474, 44, -479, 15, -485, 27, -495, 0, -502, 0, -542, 30, -547, 37, -554, 14, -559, 26, -565, 30, -572, 37, -572, 14, -576, 26, -586, 0, -596, 0, -506, 50, -511, 22, -519, 40, -523, 50, -532, 22, -541, 40, -548, 0, -557, 0, -465, 20, -471, 42, -479, 32, -486, 31, -496, 20, -501, 42, -506, 32, -511, 31, -521, 0, -531, 0, -529, 19, -532, 19, -537, 0, -542, 0, -435, 23, -440, 1, -443, 6, -450, 23, -463, 1, -469, 6, -471, 0, -478, 0, -437, 10, -443, 10, -452, 0, -460, 0, -471, 49, -477, 35, -483, 18, -492, 13, -502, 49, -509, 35, -518, 18, -523, 13, -528, 0, -537, 0, -506, 25, -514, 16, -520, 45, -528, 33, -540, 25, -548, 16, -548, 45, -554, 33, -566, 0, -576, 0, -460, 2, -463, 2, -470, 0, -476, 0, -539, 38, -546, 9, -558, 47, -568, 38, -576, 9, -581, 47, -589, 0, -596, 0, -530, 34, -534, 34, -539, 0, -546, 0, -536, 24, -542, 39, -552, 39, -556, 24, -562, 0, -570, 0, -560, 28, -566, 28, -572, 0, -580, 0, -540, 36, -546, 41, -555, 36, -564, 41, -564, 43, -576, 43, -577, 0, -585, 0, -453, 29, -464, 29, -473, 0, -480, 0, -480, 17, -490, 17, -499, 0, -505]
[0, -418, 46, -423, 4, -433, 3, -433, 4, -445, 3, -445, 5, -453, 46, -464, 5, -471, 0, -481, 0, -551, 8, -556, 7, -566, 11, -573, 48, -580, 8, -580, 7, -580, 11, -586, 48, -586, 0, -593, 0, -583, 21, -588, 21, -596, 0, -602, 0, -445, 12, -448, 44, -455, 15, -466, 27, -473, 12, -474, 44, -479, 15, -485, 27, -495, 0, -502, 0, -542, 30, -547, 37, -554, 14, -559, 26, -565, 30, -572, 37, -572, 14, -576, 26, -586, 0, -596, 0, -506, 50, -511, 22, -519, 40, -523, 50, -532, 22, -541, 40, -548, 0, -557, 0, -465, 20, -471, 42, -479, 32, -486, 31, -496, 20, -501, 42, -506, 32, -511, 31, -521, 0, -531, 0, -529, 19, -532, 19, -537, 0, -542, 0, -435, 23, -440, 1, -443, 6, -450, 23, -463, 1, -469, 6, -471, 0, -478, 0, -437, 10, -443, 10, -452, 0, -460, 0, -471, 49, -477, 35, -483, 18, -492, 13, -502, 49, -509, 35, -518, 18, -523, 13, -528, 0, -537, 0, -506, 25, -514, 16, -520, 45, -528, 33, -540, 25, -548, 16, -548, 45, -554, 33, -566, 0, -576, 0, -460, 2, -463, 2, -470, 0, -476, 0, -539, 38, -546, 9, -558, 47, -568, 38, -576, 9, -581, 47, -589, 0, -596, 0, -530, 34, -534, 34, -539, 0, -546, 0, -536, 24, -542, 39, -552, 39, -556, 24, -562, 0, -570, 0, -560, 28, -566, 28, -572, 0, -580, 0, -540, 36, -546, 41, -555, 36, -564, 41, -564, 43, -576, 43, -577, 0, -585, 0, -453, 29, -464, 29, -473, 0, -480, 0, -480, 17, -490, 17, -499, 0, -505]
[0, -425, 4, -431, 46, -440, 4, -445, 5, -453, 46, -464, 5, -471, 0, -481, 0, -551, 8, -556, 7, -566, 11, -573, 48, -580, 8, -580, 7, -580, 11, -586, 48, -586, 0, -593, 0, -583, 21, -588, 21, -596, 0, -602, 0, -433, 12, -436, 3, -442, 3, -454, 44, -464, 15, -473, 27, -481, 12, -488, 44, -493, 15, -499, 27, -509, 0, -516, 0, -542, 30, -547, 37, -554, 14, -559, 26, -565, 30, -572, 37, -572, 14, -576, 26, -586, 0, -596, 0, -506, 50, -511, 22, -519, 40, -523, 50, -532, 22, -541, 40, -548, 0, -557, 0, -465, 20, -471, 42, -479, 32, -486, 31, -496, 20, -501, 42, -506, 32, -511, 31, -521, 0, -531, 0, -529, 19, -532, 19, -537, 0, -542, 0, -435, 23, -440, 1, -443, 6, -450, 23, -463, 1, -469, 6, -471, 0, -478, 0, -437, 10, -443, 10, -452, 0, -460, 0, -471, 49, -477, 35, -483, 18, -492, 13, -502, 49, -509, 35, -518, 18, -523, 13, -528, 0, -537, 0, -506, 25, -514, 16, -520, 45, -528, 33, -540, 25, -548, 16, -548, 45, -554, 33, -566, 0, -576, 0, -460, 2, -463, 2, -470, 0, -476, 0, -539, 38, -546, 9, -558, 47, -568, 38, -576, 9, -581, 47, -589, 0, -596, 0, -530, 34, -534, 34, -539, 0, -546, 0, -536, 24, -542, 39, -552, 39, -556, 24, -562, 0, -570, 0, -560, 28, -566, 28, -572, 0, -580, 0, -540, 36, -546, 41, -555, 36, -564, 41, -564, 43, -576, 43, -577, 0, -585, 0, -453, 29, -464, 29, -473, 0, -480, 0, -480, 17, -490, 17, -499, 0, -505]
[0, -425, 4, -431, 46, -440, 4, -445, 5, -453, 46, -464, 5, -471, 0, -481, 0, -551, 8, -556, 7, -566, 11, -573, 48, -580, 8, -580, 7, -580, 11, -586, 48, -586, 0, -593, 0, -583, 21, -588, 21, -596, 0, -602, 0, -433, 12, -436, 3, -442, 3, -454, 44, -464, 15, -473, 27, -481, 12, -488, 44, -493, 15, -499, 27, -509, 0, -516, 0, -542, 30, -547, 37, -554, 14, -559, 26, -565, 30, -572, 37, -572, 14, -576, 26, -586, 0, -596, 0, -506, 50, -511, 22, -519, 40, -523, 50, -532, 22, -541, 40, -548, 0, -557, 0, -465, 20, -471, 42, -479, 32, -486, 31, -496, 20, -501, 42, -506, 32, -511, 31, -521, 0, -531, 0, -529, 19, -532, 19, -537, 0, -542, 0, -435, 23, -440, 1, -443, 6, -450, 23, -463, 1, -469, 6, -471, 0, -478, 0, -437, 10, -443, 10, -452, 0, -460, 0, -471, 49, -477, 35, -483, 18, -492, 13, -502, 49, -509, 35, -518, 18, -523, 13, -528, 0, -537, 0, -506, 25, -514, 16, -520, 45, -528, 33, -540, 25, -548, 16, -548, 45, -554, 33, -566, 0, -576, 0, -460, 2, -463, 2, -470, 0, -476, 0, -539, 38, -546, 9, -558, 47, -568, 38, -576, 9, -581, 47, -589, 0, -596, 0, -530, 34, -534, 34, -539, 0, -546, 0, -536, 24, -542, 39, -552, 39, -556, 24, -562, 0, -570, 0, -560, 28, -566, 28, -572, 0, -580, 0, -540, 36, -546, 41, -555, 36, -564, 41, -564, 43, -576, 43, -577, 0, -585, 0, -453, 29, -464, 29, -473, 0, -480, 0, -480, 17, -490, 17, -499, 0, -505]
[0, -425, 4, -431, 46, -440, 4, -445, 5, -453, 46, -464, 5, -471, 0, -481, 0, -551, 8, -556, 7, -566, 11, -573, 48, -580, 8, -580, 7, -580, 11, -586, 48, -586, 0, -593, 0, -583, 21, -588, 21, -596, 0, -602, 0, -433, 12, -436, 3, -442, 3, -454, 44, -464, 15, -473, 27, -481, 12, -488, 44, -493, 15, -499, 27, -509, 0, -516, 0, -542, 30, -547, 37, -554, 14, -559, 26, -565, 30, -572, 37, -572, 14, -576, 26, -586, 0, -596, 0, -506, 50, -511, 22, -519, 40, -523, 50, -532, 22, -541, 40, -548, 0, -557, 0, -465, 20, -471, 42, -479, 32, -486, 31, -496, 20, -501, 42, -506, 32, -511, 31, -521, 0, -531, 0, -529, 19, -532, 19, -537, 0, -542, 0, -435, 23, -440, 1, -443, 6, -450, 23, -463, 1, -469, 6, -471, 0, -478, 0, -437, 10, -443, 10, -452, 0, -460, 0, -471, 49, -477, 35, -483, 18, -492, 13, -502, 49, -509, 35, -518, 18, -523, 13, -528, 0, -537, 0, -506, 25, -514, 16, -520, 45, -528, 33, -540, 25, -548, 16, -548, 45, -554, 33, -566, 0, -576, 0, -460, 2, -463, 2, -470, 0, -476, 0, -539, 38, -546, 9, -558, 47, -568, 38, -576, 9, -581, 47, -589, 0, -596, 0, -530, 34, -534, 34, -539, 0, -546, 0, -536, 24, -542, 39, -552, 39, -556, 24, -562, 0, -570, 0, -560, 28, -566, 28, -572, 0, -580, 0, -540, 36, -546, 41, -555, 36, -564, 41, -564, 43, -576, 43, -577, 0, -585, 0, -453, 29, -464, 29, -473, 0, -480, 0, -480, 17, -490, 17, -499, 0, -505]
[0, -425, 4, -431, 46, -440, 4, -445, 5, -453, 46, -464, 5, -471, 0, -481, 0, -549, 8, -554, 7, -564, 48, -572, 48, -578, 8, -586, 7, -586, 11, -587, 11, -595, 0, -602, 0, -583, 21, -588, 21, -596, 0, -602, 0, -433, 12, -436, 3, -442, 3, -454, 44, -464, 15, -473, 27, -481, 12, -488, 44, -493, 15, -499, 27, -509, 0, -516, 0, -542, 30, -547, 37, -554, 14, -559, 26, -565, 30, -572, 37, -572, 14, -576, 26, -586, 0, -596, 0, -499, 50, -504, 22, -512, 31, -519, 40, -522, 31, -532, 50, -542, 22, -551, 40, -558, 0, -567, 0, -473, 20, -479, 42, -487, 32, -494, 20, -501, 42, -506, 32, -511, 0, -520, 0, -529, 19, -532, 19, -537, 0, -542, 0, -435, 23, -440, 1, -443, 6, -450, 23, -463, 1, -469, 6, -471, 0, -478, 0, -437, 10, -443, 10, -452, 0, -460, 0, -471, 49, -477, 35, -483, 18, -492, 13, -502, 49, -509, 35, -518, 18, -523, 13, -528, 0, -537, 0, -506, 25, -514, 16, -520, 45, -528, 33, -540, 25, -548, 16, -548, 45, -554, 33, -566, 0, -576, 0, -460, 2, -463, 2, -470, 0, -476, 0, -539, 38, -546, 9, -558, 47, -568, 38, -576, 9, -581, 47, -589, 0, -596, 0, -530, 34, -534, 34, -539, 0, -546, 0, -536, 24, -542, 39, -552, 39, -556, 24, -562, 0, -570, 0, -560, 28, -566, 28, -572, 0, -580, 0, -540, 36, -546, 41, -555, 36, -564, 41, -564, 43, -576, 43, -577, 0, -585, 0, -453, 29, -464, 29, -473, 0, -480, 0, -480, 17, -490, 17, -499, 0, -505]
[0, -425, 4, -431, 46, -440, 4, -445, 5, -453, 46, -464, 5, -471, 0, -481, 0, -549, 8, -554, 7, -564, 48, -572, 48, -578, 8, -586, 7, -586, 11, -587, 11, -595, 0, -602, 0, -583, 21, -588, 21, -596, 0, -602, 0, -433, 12, -436, 3, -442, 3, -454, 44, -464, 15, -473, 27, -481, 12, -488, 44, -493, 15, -499, 27, -509, 0, -516, 0, -542, 30, -547, 37, -554, 14, -559, 26, -565, 30, -572, 37, -572, 14, -576, 26, -586, 0, -596, 0, -499, 50, -504, 22, -512, 31, -519, 40, -522, 31, -532, 50, -542, 22, -551, 40, -558, 0, -567, 0, -473, 20, -479, 42, -487, 32, -494, 20, -501, 42, -506, 32, -511, 0, -520, 0, -529, 19, -532, 19, -537, 0, -542, 0, -435, 23, -440, 1, -443, 6, -450, 23, -463, 1, -469, 6, -471, 0, -478, 0, -437, 10, -443, 10, -452, 0, -460, 0, -471, 49, -477, 35, -483, 18, -492, 13, -502, 49, -509, 35, -518, 18, -523, 13, -528, 0, -537, 0, -506, 25, -514, 16, -520, 45, -528, 33, -540, 25, -548, 16, -548, 45, -554, 33, -566, 0, -576, 0, -460, 2, -463, 2, -470, 0, -476, 0, -539, 38, -546, 9, -558, 47, -568, 38, -576, 9, -581, 47, -589, 0, -596, 0, -530, 34, -534, 34, -539, 0, -546, 0, -536, 24, -542, 39, -552, 39, -556, 24, -562, 0, -570, 0, -560, 28, -566, 28, -572, 0, -580, 0, -540, 36, -546, 41, -555, 36, -564, 41, -564, 43, -576, 43, -577, 0, -585, 0, -453, 29, -464, 29, -473, 0, -480, 0, -480, 17, -490, 17, -499, 0, -505]
[0, -425, 4, -431, 46, -440, 4, -445, 5, -453, 46, -464, 5, -471, 0, -481, 0, -549, 8, -554, 7, -564, 48, -572, 48, -578, 8, -586, 7, -586, 11, -587, 11, -595, 0, -602, 0, -583, 21, -588, 21, -596, 0, -602, 0, -433, 12, -436, 3, -442, 3, -454, 44, -464, 15, -473, 27, -481, 12, -488, 44, -493, 15, -499, 27, -509, 0, -516, 0, -542, 30, -547, 37, -554, 14, -559, 26, -565, 30, -572, 37, -572, 14, -576, 26, -586, 0, -596, 0, -499, 50, -504, 22, -512, 31, -519, 40, -522, 31, -532, 50, -542, 22, -551, 40, -558, 0, -567, 0, -473, 20, -479, 42, -487, 32, -494, 20, -501, 42, -506, 32, -511, 0, -520, 0, -529, 19, -532, 19, -537, 0, -542, 0, -435, 23, -440, 1, -443, 6, -450, 23, -463, 1, -469, 6, -471, 0, -478, 0, -437, 10, -443, 10, -452, 0, -460, 0, -471, 49, -477, 35, -483, 18, -492, 13, -502, 49, -509, 35, -518, 18, -523, 13, -528, 0, -537, 0, -506, 25, -514, 16, -520, 45, -528, 33, -540, 25, -548, 16, -548, 45, -554, 33, -566, 0, -576, 0, -460, 2, -463, 2, -470, 0, -476, 0, -539, 38, -546, 9, -558, 47, -568, 38, -576, 9, -581, 47, -589, 0, -596, 0, -530, 34, -534, 34, -539, 0, -546, 0, -536, 24, -542, 39, -552, 39, -556, 24, -562, 0, -570, 0, -560, 28, -566, 28, -572, 0, -580, 0, -540, 36, -546, 41, -555, 36, -564, 41, -564, 43, -576, 43, -577, 0, -585, 0, -453, 29, -464, 29, -473, 0, -480, 0, -480, 17, -490, 17, -499, 0, -505]
[0, -425, 4, -431, 46, -440, 4, -445, 5, -453, 46, -464, 5, -471, 0, -481, 0, -549, 8, -554, 7, -564, 48, -572, 48, -578, 8, -586, 7, -586, 11, -587, 11, -595, 0, -602, 0, -583, 21, -588, 21, -596, 0, -602, 0, -433, 12, -436, 3, -442, 3, -454, 44, -464, 15, -473, 27, -481, 12, -488, 44, -493, 15, -499, 27, -509, 0, -516, 0, -542, 30, -547, 37, -554, 14, -559, 26, -565, 30, -572, 37, -572, 14, -576, 26, -586, 0, -596, 0, -499, 50, -504, 22, -512, 31, -519, 40, -522, 31, -532, 50, -542, 22, -551, 40, -558, 0, -567, 0, -473, 20, -479, 42, -487, 32, -494, 20, -501, 42, -506, 32, -511, 0, -520, 0, -529, 19, -532, 19, -537, 0, -542, 0, -435, 23, -440, 1, -443, 6, -450, 23, -463, 1, -469, 6, -471, 0, -478, 0, -437, 10, -443, 10, -452, 0, -460, 0, -471, 49, -477, 35, -483, 18, -492, 13, -502, 49, -509, 35, -518, 18, -523, 13, -528, 0, -537, 0, -506, 25, -514, 16, -520, 45, -528, 33, -540, 25, -548, 16, -548, 45, -554, 33, -566, 0, -576, 0, -460, 2, -463, 2, -470, 0, -476, 0, -539, 38, -546, 9, -558, 47, -568, 38, -576, 9, -581, 47, -589, 0, -596, 0, -530, 34, -534, 34, -539, 0, -546, 0, -536, 24, -542, 39, -552, 39, -556, 24, -562, 0, -570, 0, -560, 28, -566, 28, -572, 0, -580, 0, -540, 36, -546, 41, -555, 36, -564, 41, -564, 43, -576, 43, -577, 0, -585, 0, -453, 29, -464, 29, -473, 0, -480, 0, -480, 17, -490, 17, -499, 0, -505]
[0, -425, 4, -431, 46, -440, 4, -445, 5, -453, 46, -464, 5, -471, 0, -481, 0, -549, 8, -554, 7, -564, 48, -572, 48, -578, 8, -586, 7, -586, 11, -587, 11, -595, 0, -602, 0, -583, 21, -588, 21, -596, 0, -602, 0, -433, 12, -436, 3, -442, 3, -454, 44, -464, 15, -473, 27, -481, 12, -488, 44, -493, 15, -499, 27, -509, 0, -516, 0, -542, 30, -547, 37, -554, 14, -559, 26, -565, 30, -572, 37, -572, 14, -576, 26, -586, 0, -596, 0, -499, 50, -504, 22, -512, 31, -519, 40, -522, 31, -532, 50, -542, 22, -551, 40, -558, 0, -567, 0, -473, 20, -479, 42, -487, 32, -494, 20, -501, 42, -506, 32, -511, 0, -520, 0, -529, 19, -532, 19, -537, 0, -542, 0, -435, 23, -440, 1, -443, 6, -450, 23, -463, 1, -469, 6, -471, 0, -478, 0, -437, 10, -443, 10, -452, 0, -460, 0, -471, 49, -477, 35, -483, 18, -492, 13, -502, 49, -509, 35, -518, 18, -523, 13, -528, 0, -537, 0, -506, 25, -514, 16, -520, 45, -528, 33, -540, 25, -548, 16, -548, 45, -554, 33, -566, 0, -576, 0, -460, 2, -463, 2, -470, 0, -476, 0, -539, 38, -546, 9, -558, 47, -568, 38, -576, 9, -581, 47, -589, 0, -596, 0, -530, 34, -534, 34, -539, 0, -546, 0, -536, 24, -542, 39, -552, 39, -556, 24, -562, 0, -570, 0, -560, 28, -566, 28, -572, 0, -580, 0, -540, 36, -546, 41, -555, 36, -564, 41, -564, 43, -576, 43, -577, 0, -585, 0, -453, 29, -464, 29, -473, 0, -480, 0, -480, 17, -490, 17, -499, 0, -505]
[0, -425, 4, -431, 46, -440, 4, -445, 5, -453, 46, -464, 5, -471, 0, -481, 0, -549, 8, -554, 7, -564, 48, -572, 48, -578, 8, -586, 7, -586, 11, -587, 11, -595, 0, -602, 0, -583, 21, -588, 21, -596, 0, -602, 0, -433, 12, -436, 3, -442, 3, -454, 44, -464, 15, -473, 27, -481, 12, -488, 44, -493, 15, -499, 27, -509, 0, -516, 0, -542, 30, -547, 37, -554, 14, -559, 26, -565, 30, -572, 37, -572, 14, -576, 26, -586, 0, -596, 0, -499, 50, -504, 22, -512, 31, -519, 40, -522, 31, -532, 50, -542, 22, -551, 40, -558, 0, -567, 0, -473, 20, -479, 42, -487, 32, -494, 20, -501, 42, -506, 32, -511, 0, -520, 0, -529, 19, -532, 19, -537, 0, -542, 0, -435, 23, -440, 1, -443, 6, -450, 23, -463, 1, -469, 6, -471, 0, -478, 0, -437, 10, -443, 10, -452, 0, -460, 0, -471, 49, -477, 35, -483, 18, -492, 13, -502, 49, -509, 35, -518, 18, -523, 13, -528, 0, -537, 0, -506, 25, -514, 16, -520, 45, -528, 33, -540, 25, -548, 16, -548, 45, -554, 33, -566, 0, -576, 0, -460, 2, -463, 2, -470, 0, -476, 0, -539, 38, -546, 9, -558, 47, -568, 38, -576, 9, -581, 47, -589, 0, -596, 0, -530, 34, -534, 34, -539, 0, -546, 0, -536, 24, -542, 39, -552, 39, -556, 24, -562, 0, -570, 0, -560, 28, -566, 28, -572, 0, -580, 0, -540, 36, -546, 41, -555, 36, -564, 41, -564, 43, -576, 43, -577, 0, -585, 0, -453, 29, -464, 29, -473, 0, -480, 0, -480, 17, -490, 17, -499, 0, -505]
[0, -425, 4, -431, 46, -440, 4, -445, 5, -453, 46, -464, 5, -471, 0, -481, 0, -552, 11, -556, 7, -564, 48, -572, 48, -578, 8, -587, 7, -587, 8, -587, 11, -593, 0, -600, 0, -583, 21, -588, 21, -596, 0, -602, 0, -433, 12, -436, 3, -442, 3, -454, 44, -464, 15, -473, 27, -481, 12, -488, 44, -493, 15, -499, 27, -509, 0, -516, 0, -542, 30, -547, 37, -554, 14, -559, 26, -565, 30, -572, 37, -572, 14, -576, 26, -586, 0, -596, 0, -499, 50, -504, 22, -512, 31, -519, 40, -522, 31, -532, 50, -542, 22, -551, 40, -558, 0, -567, 0, -473, 20, -479, 42, -487, 32, -494, 20, -501, 42, -506, 32, -511, 0, -520, 0, -529, 19, -532, 19, -537, 0, -542, 0, -435, 23, -440, 1, -443, 6, -450, 23, -463, 1, -469, 6, -471, 0, -478, 0, -437, 10, -443, 10, -452, 0, -460, 0, -471, 49, -477, 35, -483, 18, -492, 13, -502, 49, -509, 35, -518, 18, -523, 13, -528, 0, -537, 0, -506, 25, -514, 16, -520, 45, -528, 33, -540, 25, -548, 16, -548, 45, -554, 33, -566, 0, -576, 0, -539, 38, -546, 9, -558, 47, -568, 38, -576, 9, -581, 47, -589, 0, -596, 0, -530, 34, -534, 34, -539, 0, -546, 0, -536, 24, -542, 39, -552, 39, -556, 24, -562, 0, -570, 0, -560, 28, -566, 28, -572, 0, -580, 0, -540, 36, -546, 41, -555, 36, -564, 41, -564, 43, -576, 43, -577, 0, -585, 0, -442, 29, -453, 2, -463, 2, -470, 29, -472, 0, -479, 0, -480, 17, -490, 17, -499, 0, -505]
[0, -425, 4, -431, 46, -440, 4, -445, 5, -453, 46, -464, 5, -471, 0, -481, 0, -552, 11, -556, 7, -564, 48, -572, 48, -578, 8, -587, 7, -587, 8, -587, 11, -593, 0, -600, 0, -583, 21, -588, 21, -596, 0, -602, 0, -433, 12, -436, 3, -442, 3, -454, 44, -464, 15, -473, 27, -481, 12, -488, 44, -493, 15, -499, 27, -509, 0, -516, 0, -542, 30, -547, 37, -554, 14, -559, 26, -565, 30, -572, 37, -572, 14, -576, 26, -586, 0, -596, 0, -499, 50, -504, 22, -512, 31, -519, 40, -522, 31, -532, 50, -542, 22, -551, 40, -558, 0, -567, 0, -473, 20, -479, 42, -487, 32, -494, 20, -501, 42, -506, 32, -511, 0, -520, 0, -529, 19, -532, 19, -537, 0, -542, 0, -435, 23, -440, 1, -443, 6, -450, 23, -463, 1, -469, 6, -471, 0, -478, 0, -437, 10, -443, 10, -452, 0, -460, 0, -471, 49, -477, 35, -483, 18, -492, 13, -502, 49, -509, 35, -518, 18, -523, 13, -528, 0, -537, 0, -506, 25, -514, 16, -520, 45, -528, 33, -540, 25, -548, 16, -548, 45, -554, 33, -566, 0, -576, 0, -539, 38, -546, 9, -558, 47, -568, 38, -576, 9, -581, 47, -589, 0, -596, 0, -530, 34, -534, 34, -539, 0, -546, 0, -536, 24, -542, 39, -552, 39, -556, 24, -562, 0, -570, 0, -560, 28, -566, 28, -572, 0, -580, 0, -540, 36, -546, 41, -555, 36, -564, 41, -564, 43, -576, 43, -577, 0, -585, 0, -442, 29, -453, 2, -463, 2, -470, 29, -472, 0, -479, 0, -480, 17, -490, 17, -499, 0, -505]
[0, -425, 4, -431, 46, -440, 4, -445, 5, -453, 46, -464, 5, -471, 0, -481, 0, -552, 11, -556, 7, -564, 48, -572, 48, -578, 8, -587, 7, -587, 8, -587, 11, -593, 0, -600, 0, -583, 21, -588, 21, -596, 0, -602, 0, -433, 12, -436, 3, -442, 3, -454, 44, -464, 15, -473, 27, -481, 12, -488, 44, -493, 15, -499, 27, -509, 0, -516, 0, -542, 30, -547, 37, -554, 14, -559, 26, -565, 30, -572, 37, -572, 14, -576, 26, -586, 0, -596, 0, -499, 50, -504, 22, -512, 31, -519, 40, -522, 31, -532, 50, -542, 22, -551, 40, -558, 0, -567, 0, -473, 20, -479, 42, -487, 32, -494, 20, -501, 42, -506, 32, -511, 0, -520, 0, -529, 19, -532, 19, -537, 0, -542, 0, -435, 23, -440, 1, -443, 6, -450, 23, -463, 1, -469, 6, -471, 0, -478, 0, -437, 10, -443, 10, -452, 0, -460, 0, -471, 49, -477, 35, -483, 18, -492, 13, -502, 49, -509, 35, -518, 18, -523, 13, -528, 0, -537, 0, -506, 25, -514, 16, -520, 45, -528, 33, -540, 25, -548, 16, -548, 45, -554, 33, -566, 0, -576, 0, -539, 38, -546, 9, -558, 47, -568, 38, -576, 9, -581, 47, -589, 0, -596, 0, -530, 34, -534, 34, -539, 0, -546, 0, -536, 24, -542, 39, -552, 39, -556, 24, -562, 0, -570, 0, -560, 28, -566, 28, -572, 0, -580, 0, -540, 36, -546, 41, -555, 36, -564, 41, -564, 43, -576, 43, -577, 0, -585, 0, -442, 29, -453, 2, -463, 2, -470, 29, -472, 0, -479, 0, -480, 17, -490, 17, -499, 0, -505]
[0, -425, 4, -431, 46, -440, 4, -445, 5, -453, 46, -464, 5, -471, 0, -481, 0, -552, 11, -556, 7, -564, 48, -572, 48, -578, 8, -587, 7, -587, 8, -587, 11, -593, 0, -600, 0, -583, 21, -588, 21, -596, 0, -602, 0, -433, 12, -436, 3, -442, 3, -454, 44, -464, 15, -473, 27, -481, 12, -488, 44, -493, 15, -499, 27, -509, 0, -516, 0, -542, 30, -547, 37, -554, 14, -559, 26, -565, 30, -572, 37, -572, 14, -576, 26, -586, 0, -596, 0, -499, 50, -504, 22, -512, 31, -519, 40, -522, 31, -532, 50, -542, 22, -551, 40, -558, 0, -567, 0, -473, 20, -479, 42, -487, 32, -494, 20, -501, 42, -506, 32, -511, 0, -520, 0, -529, 19, -532, 19, -537, 0, -542, 0, -435, 23, -440, 1, -443, 6, -450, 23, -463, 1, -469, 6, -471, 0, -478, 0, -437, 10, -443, 10, -452, 0, -460, 0, -471, 49, -477, 35, -483, 18, -492, 13, -502, 49, -509, 35, -518, 18, -523, 13, -528, 0, -537, 0, -506, 25, -514, 16, -520, 45, -528, 33, -540, 25, -548, 16, -548, 45, -554, 33, -566, 0, -576, 0, -539, 38, -546, 9, -558, 47, -568, 38, -576, 9, -581, 47, -589, 0, -596, 0, -530, 34, -534, 34, -539, 0, -546, 0, -536, 24, -542, 39, -552, 39, -556, 24, -562, 0, -570, 0, -560, 28, -566, 28, -572, 0, -580, 0, -540, 36, -546, 41, -555, 36, -564, 41, -564, 43, -576, 43, -577, 0, -585, 0, -442, 29, -453, 2, -463, 2, -470, 29, -472, 0, -479, 0, -480, 17, -490, 17, -499, 0, -505]
[0, -425, 4, -431, 46, -440, 4, -445, 5, -453, 46, -464, 5, -471, 0, -481, 0, -552, 11, -556, 7, -564, 48, -572, 48, -578, 8, -587, 7, -587, 8, -587, 11, -593, 0, -600, 0, -583, 21, -588, 21, -596, 0, -602, 0, -433, 12, -436, 3, -442, 3, -454, 44, -464, 15, -473, 27, -481, 12, -488, 44, -493, 15, -499, 27, -509, 0, -516, 0, -542, 30, -547, 37, -554, 14, -559, 26, -565, 30, -572, 37, -572, 14, -576, 26, -586, 0, -596, 0, -499, 50, -504, 22, -512, 31, -519, 40, -522, 31, -532, 50, -542, 22, -551, 40, -558, 0, -567, 0, -473, 20, -479, 42, -487, 32, -494, 20, -501, 42, -506, 32, -511, 0, -520, 0, -529, 19, -532, 19, -537, 0, -542, 0, -435, 23, -440, 1, -443, 6, -450, 23, -463, 1, -469, 6, -471, 0, -478, 0, -437, 10, -443, 10, -452, 0, -460, 0, -471, 49, -477, 35, -483, 18, -492, 13, -502, 49, -509, 35, -518, 18, -523, 13, -528, 0, -537, 0, -506, 25, -514, 16, -520, 45, -528, 33, -540, 25, -548, 16, -548, 45, -554, 33, -566, 0, -576, 0, -539, 38, -546, 9, -558, 47, -568, 38, -576, 9, -581, 47, -589, 0, -596, 0, -530, 34, -534, 34, -539, 0, -546, 0, -536, 24, -542, 39, -552, 39, -556, 24, -562, 0, -570, 0, -560, 28, -566, 28, -572, 0, -580, 0, -540, 36, -546, 41, -555, 36, -564, 41, -564, 43, -576, 43, -577, 0, -585, 0, -442, 29, -453, 2, -463, 2, -470, 29, -472, 0, -479, 0, -480, 17, -490, 17, -499, 0, -505]
[0, -425, 4, -431, 46, -440, 4, -445, 5, -453, 46, -464, 5, -471, 0, -481, 0, -552, 11, -556, 7, -564, 48, -572, 48, -578, 8, -587, 7, -587, 8, -587, 11, -593, 0, -600, 0, -583, 21, -588, 21, -596, 0, -602, 0, -433, 12, -436, 3, -442, 3, -454, 44, -464, 15, -473, 27, -481, 12, -488, 44, -493, 15, -499, 27, -509, 0, -516, 0, -542, 30, -547, 37, -554, 14, -559, 26, -565, 30, -572, 37, -572, 14, -576, 26, -586, 0, -596, 0, -499, 50, -504, 22, -512, 31, -519, 40, -522, 31, -532, 50, -542, 22, -551, 40, -558, 0, -567, 0, -473, 20, -479, 42, -487, 32, -494, 20, -501, 42, -506, 32, -511, 0, -520, 0, -529, 19, -532, 19, -537, 0, -542, 0, -435, 23, -440, 1, -443, 6, -450, 23, -463, 1, -469, 6, -471, 0, -478, 0, -437, 10, -443, 10, -452, 0, -460, 0, -471, 49, -477, 35, -483, 18, -492, 13, -502, 49, -509, 35, -518, 18, -523, 13, -528, 0, -537, 0, -506, 25, -514, 16, -520, 45, -528, 33, -540, 25, -548, 16, -548, 45, -554, 33, -566, 0, -576, 0, -539, 38, -546, 9, -558, 47, -568, 38, -576, 9, -581, 47, -589, 0, -596, 0, -530, 34, -534, 34, -539, 0, -546, 0, -536, 24, -542, 39, -552, 39, -556, 24, -562, 0, -570, 0, -560, 28, -566, 28, -572, 0, -580, 0, -540, 36, -546, 41, -555, 36, -564, 41, -564, 43, -576, 43, -577, 0, -585, 0, -442, 29, -453, 2, -463, 2, -470, 29, -472, 0, -479, 0, -480, 17, -490, 17, -499, 0, -505]
[0, -425, 4, -431, 46, -440, 4, -445, 5, -453, 46, -464, 5, -471, 0, -481, 0, -552, 11, -556, 7, -564, 48, -572, 48, -578, 8, -587, 7, -587, 8, -587, 11, -593, 0, -600, 0, -583, 21, -588, 21, -596, 0, -602, 0, -433, 12, -436, 3, -442, 3, -454, 44, -464, 15, -473, 27, -481, 12, -488, 44, -493, 15, -499, 27, -509, 0, -516, 0, -542, 30, -547, 37, -554, 14, -559, 26, -565, 30, -572, 37, -572, 14, -576, 26, -586, 0, -596, 0, -499, 50, -504, 22, -512, 31, -519, 40, -522, 31, -532, 50, -542, 22, -551, 40, -558, 0, -567, 0, -473, 20, -479, 42, -487, 32, -494, 20, -501, 42, -506, 32, -511, 0, -520, 0, -529, 19, -532, 19, -537, 0, -542, 0, -435, 23, -440, 1, -443, 6, -450, 23, -463, 1, -469, 6, -471, 0, -478, 0, -437, 10, -443, 10, -452, 0, -460, 0, -471, 49, -477, 35, -483, 18, -492, 13, -502, 49, -509, 35, -518, 18, -523, 13, -528, 0, -537, 0, -506, 25, -514, 16, -520, 45, -528, 33, -540, 25, -548, 16, -548, 45, -554, 33, -566, 0, -576, 0, -539, 38, -546, 9, -558, 47, -568, 38, -576, 9, -581, 47, -589, 0, -596, 0, -530, 34, -534, 34, -539, 0, -546, 0, -536, 24, -542, 39, -552, 39, -556, 24, -562, 0, -570, 0, -560, 28, -566, 28, -572, 0, -580, 0, -540, 36, -546, 41, -555, 36, -564, 41, -564, 43, -576, 43, -577, 0, -585, 0, -442, 29, -453, 2, -463, 2, -470, 29, -472, 0, -479, 0, -480, 17, -490, 17, -499, 0, -505]
[0, -425, 4, -431, 46, -440, 4, -445, 5, -453, 46, -464, 5, -471, 0, -481, 0, -552, 11, -556, 7, -564, 48, -572, 48, -578, 8, -587, 7, -587, 8, -587, 11, -593, 0, -600, 0, -583, 21, -588, 21, -596, 0, -602, 0, -433, 12, -436, 3, -442, 3, -454, 44, -464, 15, -473, 27, -481, 12, -488, 44, -493, 15, -499, 27, -509, 0, -516, 0, -542, 30, -547, 37, -554, 14, -559, 26, -565, 30, -572, 37, -572, 14, -576, 26, -586, 0, -596, 0, -499, 50, -504, 22, -512, 31, -519, 40, -522, 31, -532, 50, -542, 22, -551, 40, -558, 0, -567, 0, -473, 20, -479, 42, -487, 32, -494, 20, -501, 42, -506, 32, -511, 0, -520, 0, -529, 19, -532, 19, -537, 0, -542, 0, -435, 23, -440, 1, -443, 6, -450, 23, -463, 1, -469, 6, -471, 0, -478, 0, -437, 10, -443, 10, -452, 0, -460, 0, -471, 49, -477, 35, -483, 18, -492, 13, -502, 49, -509, 35, -518, 18, -523, 13, -528, 0, -537, 0, -506, 25, -514, 16, -520, 45, -528, 33, -540, 25, -548, 16, -548, 45, -554, 33, -566, 0, -576, 0, -539, 38, -546, 9, -558, 47, -568, 38, -576, 9, -581, 47, -589, 0, -596, 0, -530, 34, -534, 34, -539, 0, -546, 0, -536, 24, -542, 39, -552, 39, -556, 24, -562, 0, -570, 0, -560, 28, -566, 28, -572, 0, -580, 0, -540, 36, -546, 41, -555, 36, -564, 41, -564, 43, -576, 43, -577, 0, -585, 0, -442, 29, -453, 2, -463, 2, -470, 29, -472, 0, -479, 0, -480, 17, -490, 17, -499, 0, -505]
[0, -425, 4, -431, 46, -440, 4, -445, 5, -453, 46, -464, 5, -471, 0, -481, 0, -552, 11, -556, 7, -564, 48, -572, 48, -578, 8, -587, 7, -587, 8, -587, 11, -593, 0, -600, 0, -583, 21, -588, 21, -596, 0, -602, 0, -433, 12, -436, 3, -442, 3, -454, 44, -464, 15, -473, 27, -481, 12, -488, 44, -493, 15, -499, 27, -509, 0, -516, 0, -542, 30, -547, 37, -554, 14, -559, 26, -565, 30, -572, 37, -572, 14, -576, 26, -586, 0, -596, 0, -499, 50, -504, 22, -512, 31, -519, 40, -522, 31, -532, 50, -542, 22, -551, 40, -558, 0, -567, 0, -473, 20, -479, 42, -487, 32, -494, 20, -501, 42, -506, 32, -511, 0, -520, 0, -529, 19, -532, 19, -537, 0, -542, 0, -435, 23, -440, 1, -443, 6, -450, 23, -463, 1, -469, 6, -471, 0, -478, 0, -437, 10, -443, 10, -452, 0, -460, 0, -471, 49, -477, 35, -483, 18, -492, 13, -502, 49, -509, 35, -518, 18, -523, 13, -528, 0, -537, 0, -506, 25, -514, 16, -520, 45, -528, 33, -540, 25, -548, 16, -548, 45, -554, 33, -566, 0, -576, 0, -539, 38, -546, 9, -558, 47, -568, 38, -576, 9, -581, 47, -589, 0, -596, 0, -530, 34, -534, 34, -539, 0, -546, 0, -536, 24, -542, 39, -552, 39, -556, 24, -562, 0, -570, 0, -560, 28, -566, 28, -572, 0, -580, 0, -540, 36, -546, 41, -555, 36, -564, 41, -564, 43, -576, 43, -577, 0, -585, 0, -442, 29, -453, 2, -463, 2, -470, 29, -472, 0, -479, 0, -480, 17, -490, 17, -499, 0, -505]
[0, -425, 4, -431, 46, -440, 4, -445, 5, -453, 46, -464, 5, -471, 0, -481, 0, -552, 7, -558, 11, -565, 48, -572, 48, -578, 8, -587, 7, -587, 8, -587, 11, -593, 0, -600, 0, -583, 21, -588, 21, -596, 0, -602, 0, -433, 12, -436, 3, -442, 3, -454, 44, -464, 15, -473, 27, -481, 12, -488, 44, -493, 15, -499, 27, -509, 0, -516, 0, -542, 30, -547, 37, -554, 14, -559, 26, -565, 30, -572, 37, -572, 14, -576, 26, -586, 0, -596, 0, -487, 50, -492, 49, -498, 22, -503, 31, -510, 49, -519, 40, -529, 31, -539, 50, -549, 22, -558, 40, -565, 0, -574, 0, -473, 20, -479, 42, -487, 32, -494, 20, -501, 42, -506, 32, -511, 0, -520, 0, -529, 19, -532, 19, -537, 0, -542, 0, -435, 23, -440, 1, -443, 6, -450, 23, -463, 1, -469, 6, -471, 0, -478, 0, -437, 10, -443, 10, -452, 0, -460, 0, -490, 35, -495, 18, -504, 13, -514, 35, -522, 18, -527, 13, -532, 0, -541, 0, -506, 25, -514, 16, -520, 45, -528, 33, -540, 25, -548, 16, -548, 45, -554, 33, -566, 0, -576, 0, -539, 38, -546, 9, -558, 47, -568, 38, -576, 9, -581, 47, -589, 0, -596, 0, -530, 34, -534, 34, -539, 0, -546, 0, -536, 24, -542, 39, -552, 39, -556, 24, -562, 0, -570, 0, -560, 28, -566, 28, -572, 0, -580, 0, -540, 36, -546, 41, -555, 36, -564, 41, -564, 43, -576, 43, -577, 0, -585, 0, -442, 29, -453, 2, -463, 2, -470, 29, -472, 0, -479, 0, -480, 17, -490, 17, -499, 0, -505]
[0, -425, 4, -431, 46, -440, 4, -445, 5, -453, 46, -464, 5, -471, 0, -481, 0, -552, 7, -558, 11, -565, 48, -572, 48, -578, 8, -587, 7, -587, 8, -587, 11, -593, 0, -600, 0, -583, 21, -588, 21, -596, 0, -602, 0, -433, 12, -436, 3, -442, 3, -454, 44, -464, 15, -473, 27, -481, 12, -488, 44, -493, 15, -499, 27, -509, 0, -516, 0, -542, 30, -547, 37, -554, 14, -559, 26, -565, 30, -572, 37, -572, 14, -576, 26, -586, 0, -596, 0, -487, 50, -492, 49, -498, 22, -503, 31, -510, 49, -519, 40, -529, 31, -539, 50, -549, 22, -558, 40, -565, 0, -574, 0, -473, 20, -479, 42, -487, 32, -494, 20, -501, 42, -506, 32, -511, 0, -520, 0, -529, 19, -532, 19, -537, 0, -542, 0, -435, 23, -440, 1, -443, 6, -450, 23, -463, 1, -469, 6, -471, 0, -478, 0, -437, 10, -443, 10, -452, 0, -460, 0, -490, 35, -495, 18, -504, 13, -514, 35, -522, 18, -527, 13, -532, 0, -541, 0, -506, 25, -514, 16, -520, 45, -528, 33, -540, 25, -548, 16, -548, 45, -554, 33, -566, 0, -576, 0, -539, 38, -546, 9, -558, 47, -568, 38, -576, 9, -581, 47, -589, 0, -596, 0, -530, 34, -534, 34, -539, 0, -546, 0, -536, 24, -542, 39, -552, 39, -556, 24, -562, 0, -570, 0, -560, 28, -566, 28, -572, 0, -580, 0, -540, 36, -546, 41, -555, 36, -564, 41, -564, 43, -576, 43, -577, 0, -585, 0, -442, 29, -453, 2, -463, 2, -470, 29, -472, 0, -479, 0, -480, 17, -490, 17, -499, 0, -505]
[0, -425, 4, -431, 46, -440, 4, -445, 5, -453, 46, -464, 5, -471, 0, -481, 0, -552, 7, -558, 11, -565, 48, -572, 48, -578, 8, -587, 7, -587, 8, -587, 11, -593, 0, -600, 0, -583, 21, -588, 21, -596, 0, -602, 0, -433, 12, -436, 3, -442, 3, -454, 44, -464, 15, -473, 27, -481, 12, -488, 44, -493, 15, -499, 27, -509, 0, -516, 0, -542, 30, -547, 37, -554, 14, -559, 26, -565, 30, -572, 37, -572, 14, -576, 26, -586, 0, -596, 0, -487, 50, -492, 49, -498, 22, -503, 31, -510, 49, -519, 40, -529, 31, -539, 50, -549, 22, -558, 40, -565, 0, -574, 0, -473, 20, -479, 42, -487, 32, -494, 20, -501, 42, -506, 32, -511, 0, -520, 0, -529, 19, -532, 19, -537, 0, -542, 0, -435, 23, -440, 1, -443, 6, -450, 23, -463, 1, -469, 6, -471, 0, -478, 0, -437, 10, -443, 10, -452, 0, -460, 0, -490, 35, -495, 18, -504, 13, -514, 35, -522, 18, -527, 13, -532, 0, -541, 0, -506, 25, -514, 16, -520, 45, -528, 33, -540, 25, -548, 16, -548, 45, -554, 33, -566, 0, -576, 0, -539, 38, -546, 9, -558, 47, -568, 38, -576, 9, -581, 47, -589, 0, -596, 0, -530, 34, -534, 34, -539, 0, -546, 0, -536, 24, -542, 39, -552, 39, -556, 24, -562, 0, -570, 0, -560, 28, -566, 28, -572, 0, -580, 0, -540, 36, -546, 41, -555, 36, -564, 41, -564, 43, -576, 43, -577, 0, -585, 0, -442, 29, -453, 2, -463, 2, -470, 29, -472, 0, -479, 0, -480, 17, -490, 17, -499, 0, -505]
[0, -425, 4, -431, 46, -440, 4, -445, 5, -453, 46, -464, 5, -471, 0, -481, 0, -552, 7, -558, 11, -565, 48, -572, 48, -578, 8, -587, 7, -587, 8, -587, 11, -593, 0, -600, 0, -583, 21, -588, 21, -596, 0, -602, 0, -433, 12, -436, 3, -442, 3, -454, 44, -464, 15, -473, 27, -481, 12, -488, 44, -493, 15, -499, 27, -509, 0, -516, 0, -542, 30, -547, 37, -554, 14, -559, 26, -565, 30, -572, 37, -572, 14, -576, 26, -586, 0, -596, 0, -487, 50, -492, 49, -498, 22, -503, 31, -510, 49, -519, 40, -529, 31, -539, 50, -549, 22, -558, 40, -565, 0, -574, 0, -473, 20, -479, 42, -487, 32, -494, 20, -501, 42, -506, 32, -511, 0, -520, 0, -529, 19, -532, 19, -537, 0, -542, 0, -435, 23, -440, 1, -443, 6, -450, 23, -463, 1, -469, 6, -471, 0, -478, 0, -437, 10, -443, 10, -452, 0, -460, 0, -490, 35, -495, 18, -504, 13, -514, 35, -522, 18, -527, 13, -532, 0, -541, 0, -506, 25, -514, 16, -520, 45, -528, 33, -540, 25, -548, 16, -548, 45, -554, 33, -566, 0, -576, 0, -539, 38, -546, 9, -558, 47, -568, 38, -576, 9, -581, 47, -589, 0, -596, 0, -530, 34, -534, 34, -539, 0, -546, 0, -536, 24, -542, 39, -552, 39, -556, 24, -562, 0, -570, 0, -560, 28, -566, 28, -572, 0, -580, 0, -540, 36, -546, 41, -555, 36, -564, 41, -564, 43, -576, 43, -577, 0, -585, 0, -442, 29, -453, 2, -463, 2, -470, 29, -472, 0, -479, 0, -480, 17, -490, 17, -499, 0, -505]
[0, -425, 4, -431, 46, -440, 4, -445, 5, -453, 46, -464, 5, -471, 0, -481, 0, -552, 7, -558, 11, -565, 48, -572, 48, -578, 8, -587, 7, -587, 8, -587, 11, -593, 0, -600, 0, -583, 21, -588, 21, -596, 0, -602, 0, -433, 12, -436, 3, -442, 3, -454, 44, -464, 15, -473, 27, -481, 12, -488, 44, -493, 15, -499, 27, -509, 0, -516, 0, -542, 30, -547, 37, -554, 14, -559, 26, -565, 30, -572, 37, -572, 14, -576, 26, -586, 0, -596, 0, -487, 50, -492, 49, -498, 22, -503, 31, -510, 49, -519, 40, -529, 31, -539, 50, -549, 22, -558, 40, -565, 0, -574, 0, -473, 20, -479, 42, -487, 32, -494, 20, -501, 42, -506, 32, -511, 0, -520, 0, -529, 19, -532, 19, -537, 0, -542, 0, -435, 23, -440, 1, -443, 6, -450, 23, -463, 1, -469, 6, -471, 0, -478, 0, -437, 10, -443, 10, -452, 0, -460, 0, -490, 35, -495, 18, -504, 13, -514, 35, -522, 18, -527, 13, -532, 0, -541, 0, -506, 25, -514, 16, -520, 45, -528, 33, -540, 25, -548, 16, -548, 45, -554, 33, -566, 0, -576, 0, -539, 38, -546, 9, -558, 47, -568, 38, -576, 9, -581, 47, -589, 0, -596, 0, -530, 34, -534, 34, -539, 0, -546, 0, -536, 24, -542, 39, -552, 39, -556, 24, -562, 0, -570, 0, -560, 28, -566, 28, -572, 0, -580, 0, -540, 36, -546, 41, -555, 36, -564, 41, -564, 43, -576, 43, -577, 0, -585, 0, -442, 29, -453, 2, -463, 2, -470, 29, -472, 0, -479, 0, -480, 17, -490, 17, -499, 0, -505]
[0, -425, 4, -431, 46, -440, 4, -445, 5, -453, 46, -464, 5, -471, 0, -481, 0, -566, 48, -569, 11, -570, 7, -578, 48, -578, 8, -587, 7, -587, 8, -587, 11, -593, 0, -600, 0, -583, 21, -588, 21, -596, 0, -602, 0, -433, 12, -436, 3, -442, 3, -454, 44, -464, 15, -473, 27, -481, 12, -488, 44, -493, 15, -499, 27, -509, 0, -516, 0, -542, 30, -547, 37, -554, 14, -559, 26, -565, 30, -572, 37, -572, 14, -576, 26, -586, 0, -596, 0, -487, 50, -492, 49, -498, 22, -503, 31, -510, 49, -519, 40, -529, 31, -539, 50, -549, 22, -558, 40, -565, 0, -574, 0, -473, 20, -479, 42, -487, 32, -494, 20, -501, 42, -506, 32, -511, 0, -520, 0, -435, 23, -440, 1, -443, 6, -450, 23, -463, 1, -469, 6, -471, 0, -478, 0, -437, 10, -443, 10, -452, 0, -460, 0, -490, 35, -495, 18, -504, 13, -514, 35, -522, 18, -527, 13, -532, 0, -541, 0, -506, 25, -514, 16, -520, 45, -528, 33, -540, 25, -548, 16, -548, 45, -554, 33, -566, 0, -576, 0, -539, 38, -546, 9, -558, 47, -568, 38, -576, 9, -581, 47, -589, 0, -596, 0, -529, 19, -532, 19, -537, 34, -542, 34, -547, 0, -554, 0, -536, 24, -542, 39, -552, 39, -556, 24, -562, 0, -570, 0, -560, 28, -566, 28, -572, 0, -580, 0, -540, 36, -546, 41, -555, 36, -564, 41, -564, 43, -576, 43, -577, 0, -585, 0, -442, 29, -453, 2, -463, 2, -470, 29, -472, 0, -479, 0, -480, 17, -490, 17, -499, 0, -505]
[0, -425, 4, -431, 46, -440, 4, -445, 5, -453, 46, -464, 5, -471, 0, -481, 0, -566, 48, -569, 11, -570, 7, -578, 48, -578, 8, -587, 7, -587, 8, -587, 11, -593, 0, -600, 0, -583, 21, -588, 21, -596, 0, -602, 0, -433, 12, -436, 3, -442, 3, -454, 44, -464, 15, -473, 27, -481, 12, -488, 44, -493, 15, -499, 27, -509, 0, -516, 0, -542, 30, -547, 37, -554, 14, -559, 26, -565, 30, -572, 37, -572, 14, -576, 26, -586, 0, -596, 0, -487, 50, -492, 49, -498, 22, -503, 31, -510, 49, -519, 40, -529, 31, -539, 50, -549, 22, -558, 40, -565, 0, -574, 0, -473, 20, -479, 42, -487, 32, -494, 20, -501, 42, -506, 32, -511, 0, -520, 0, -435, 23, -440, 1, -443, 6, -450, 23, -463, 1, -469, 6, -471, 0, -478, 0, -437, 10, -443, 10, -452, 0, -460, 0, -490, 35, -495, 18, -504, 13, -514, 35, -522, 18, -527, 13, -532, 0, -541, 0, -506, 25, -514, 16, -520, 45, -528, 33, -540, 25, -548, 16, -548, 45, -554, 33, -566, 0, -576, 0, -539, 38, -546, 9, -558, 47, -568, 38, -576, 9, -581, 47, -589, 0, -596, 0, -529, 19, -532, 19, -537, 34, -542, 34, -547, 0, -554, 0, -536, 24, -542, 39, -552, 39, -556, 24, -562, 0, -570, 0, -560, 28, -566, 28, -572, 0, -580, 0, -540, 36, -546, 41, -555, 36, -564, 41, -564, 43, -576, 43, -577, 0, -585, 0, -442, 29, -453, 2, -463, 2, -470, 29, -472, 0, -479, 0, -480, 17, -490, 17, -499, 0, -505]
[0, -425, 4, -431, 46, -440, 4, -445, 5, -453, 46, -464, 5, -471, 0, -481, 0, -566, 48, -569, 11, -570, 7, -578, 48, -578, 8, -587, 7, -587, 8, -587, 11, -593, 0, -600, 0, -583, 21, -588, 21, -596, 0, -602, 0, -433, 12, -436, 3, -442, 3, -454, 44, -464, 15, -473, 27, -481, 12, -488, 44, -493, 15, -499, 27, -509, 0, -516, 0, -542, 30, -547, 37, -554, 14, -559, 26, -565, 30, -572, 37, -572, 14, -576, 26, -586, 0, -596, 0, -487, 50, -492, 49, -498, 22, -503, 31, -510, 49, -519, 40, -529, 31, -539, 50, -549, 22, -558, 40, -565, 0, -574, 0, -473, 20, -479, 42, -487, 32, -494, 20, -501, 42, -506, 32, -511, 0, -520, 0, -435, 23, -440, 1, -443, 6, -450, 23, -463, 1, -469, 6, -471, 0, -478, 0, -437, 10, -443, 10, -452, 0, -460, 0, -490, 35, -495, 18, -504, 13, -514, 35, -522, 18, -527, 13, -532, 0, -541, 0, -506, 25, -514, 16, -520, 45, -528, 33, -540, 25, -548, 16, -548, 45, -554, 33, -566, 0, -576, 0, -539, 38, -546, 9, -558, 47, -568, 38, -576, 9, -581, 47, -589, 0, -596, 0, -529, 19, -532, 19, -537, 34, -542, 34, -547, 0, -554, 0, -536, 24, -542, 39, -552, 39, -556, 24, -562, 0, -570, 0, -560, 28, -566, 28, -572, 0, -580, 0, -540, 36, -546, 41, -555, 36, -564, 41, -564, 43, -576, 43, -577, 0, -585, 0, -442, 29, -453, 2, -463, 2, -470, 29, -472, 0, -479, 0, -480, 17, -490, 17, -499, 0, -505]
[0, -425, 4, -431, 46, -440, 4, -445, 5, -453, 46, -464, 5, -471, 0, -481, 0, -566, 48, -569, 11, -570, 7, -578, 48, -578, 8, -587, 7, -587, 8, -587, 11, -593, 0, -600, 0, -583, 21, -588, 21, -596, 0, -602, 0, -433, 12, -436, 3, -442, 3, -454, 44, -464, 15, -473, 27, -481, 12, -488, 44, -493, 15, -499, 27, -509, 0, -516, 0, -542, 30, -547, 37, -554, 14, -559, 26, -565, 30, -572, 37, -572, 14, -576, 26, -586, 0, -596, 0, -487, 50, -492, 49, -498, 22, -503, 31, -510, 49, -519, 40, -529, 31, -539, 50, -549, 22, -558, 40, -565, 0, -574, 0, -473, 20, -479, 42, -487, 32, -494, 20, -501, 42, -506, 32, -511, 0, -520, 0, -435, 23, -440, 1, -443, 6, -450, 23, -463, 1, -469, 6, -471, 0, -478, 0, -437, 10, -443, 10, -452, 0, -460, 0, -490, 35, -495, 18, -504, 13, -514, 35, -522, 18, -527, 13, -532, 0, -541, 0, -506, 25, -514, 16, -520, 45, -528, 33, -540, 25, -548, 16, -548, 45, -554, 33, -566, 0, -576, 0, -539, 38, -546, 9, -558, 47, -568, 38, -576, 9, -581, 47, -589, 0, -596, 0, -529, 19, -532, 19, -537, 34, -542, 34, -547, 0, -554, 0, -536, 24, -542, 39, -552, 39, -556, 24, -562, 0, -570, 0, -560, 28, -566, 28, -572, 0, -580, 0, -540, 36, -546, 41, -555, 36, -564, 41, -564, 43, -576, 43, -577, 0, -585, 0, -442, 29, -453, 2, -463, 2, -470, 29, -472, 0, -479, 0, -480, 17, -490, 17, -499, 0, -505]
[0, -425, 4, -431, 46, -440, 4, -445, 5, -453, 46, -464, 5, -471, 0, -481, 0, -566, 48, -569, 11, -570, 7, -578, 48, -578, 8, -587, 7, -587, 8, -587, 11, -593, 0, -600, 0, -583, 21, -588, 21, -596, 0, -602, 0, -433, 12, -436, 3, -442, 3, -454, 44, -464, 15, -473, 27, -481, 12, -488, 44, -493, 15, -499, 27, -509, 0, -516, 0, -542, 30, -547, 37, -554, 14, -559, 26, -565, 30, -572, 37, -572, 14, -576, 26, -586, 0, -596, 0, -487, 50, -492, 49, -498, 22, -503, 31, -510, 49, -519, 40, -529, 31, -539, 50, -549, 22, -558, 40, -565, 0, -574, 0, -473, 20, -479, 42, -487, 32, -494, 20, -501, 42, -506, 32, -511, 0, -520, 0, -435, 23, -440, 1, -443, 6, -450, 23, -463, 1, -469, 6, -471, 0, -478, 0, -437, 10, -443, 10, -452, 0, -460, 0, -490, 35, -495, 18, -504, 13, -514, 35, -522, 18, -527, 13, -532, 0, -541, 0, -506, 25, -514, 16, -520, 45, -528, 33, -540, 25, -548, 16, -548, 45, -554, 33, -566, 0, -576, 0, -539, 38, -546, 9, -558, 47, -568, 38, -576, 9, -581, 47, -589, 0, -596, 0, -529, 19, -532, 19, -537, 34, -542, 34, -547, 0, -554, 0, -536, 24, -542, 39, -552, 39, -556, 24, -562, 0, -570, 0, -560, 28, -566, 28, -572, 0, -580, 0, -540, 36, -546, 41, -555, 36, -564, 41, -564, 43, -576, 43, -577, 0, -585, 0, -442, 29, -453, 2, -463, 2, -470, 29, -472, 0, -479, 0, -480, 17, -490, 17, -499, 0, -505]
[0, -425, 4, -431, 46, -440, 4, -445, 5, -453, 46, -464, 5, -471, 0, -481, 0, -566, 48, -569, 11, -570, 7, -578, 48, -578, 8, -587, 7, -587, 8, -587, 11, -593, 0, -600, 0, -583, 21, -588, 21, -596, 0, -602, 0, -433, 12, -436, 3, -442, 3, -454, 44, -464, 15, -473, 27, -481, 12, -488, 44, -493, 15, -499, 27, -509, 0, -516, 0, -542, 30, -547, 37, -554, 14, -559, 26, -565, 30, -572, 37, -572, 14, -576, 26, -586, 0, -596, 0, -487, 50, -492, 49, -498, 22, -503, 31, -510, 49, -519, 40, -529, 31, -539, 50, -549, 22, -558, 40, -565, 0, -574, 0, -473, 20, -479, 42, -487, 32, -494, 20, -501, 42, -506, 32, -511, 0, -520, 0, -435, 23, -440, 1, -443, 6, -450, 23, -463, 1, -469, 6, -471, 0, -478, 0, -437, 10, -443, 10, -452, 0, -460, 0, -490, 35, -495, 18, -504, 13, -514, 35, -522, 18, -527, 13, -532, 0, -541, 0, -506, 25, -514, 16, -520, 45, -528, 33, -540, 25, -548, 16, -548, 45, -554, 33, -566, 0, -576, 0, -539, 38, -546, 9, -558, 47, -568, 38, -576, 9, -581, 47, -589, 0, -596, 0, -529, 19, -532, 19, -537, 34, -542, 34, -547, 0, -554, 0, -536, 24, -542, 39, -552, 39, -556, 24, -562, 0, -570, 0, -560, 28, -566, 28, -572, 0, -580, 0, -540, 36, -546, 41, -555, 36, -564, 41, -564, 43, -576, 43, -577, 0, -585, 0, -442, 29, -453, 2, -463, 2, -470, 29, -472, 0, -479, 0, -480, 17, -490, 17, -499, 0, -505]
[0, -425, 4, -431, 46, -440, 4, -445, 5, -453, 46, -464, 5, -471, 0, -481, 0, -566, 48, -569, 11, -570, 7, -578, 48, -578, 8, -587, 7, -587, 8, -587, 11, -593, 0, -600, 0, -583, 21, -588, 21, -596, 0, -602, 0, -433, 12, -436, 3, -442, 3, -454, 44, -464, 15, -473, 27, -481, 12, -488, 44, -493, 15, -499, 27, -509, 0, -516, 0, -542, 30, -547, 37, -554, 14, -559, 26, -565, 30, -572, 37, -572, 14, -576, 26, -586, 0, -596, 0, -487, 50, -492, 49, -498, 22, -503, 31, -510, 49, -519, 40, -529, 31, -539, 50, -549, 22, -558, 40, -565, 0, -574, 0, -473, 20, -479, 42, -487, 32, -494, 20, -501, 42, -506, 32, -511, 0, -520, 0, -435, 23, -440, 1, -443, 6, -450, 23, -463, 1, -469, 6, -471, 0, -478, 0, -437, 10, -443, 10, -452, 0, -460, 0, -490, 35, -495, 18, -504, 13, -514, 35, -522, 18, -527, 13, -532, 0, -541, 0, -506, 25, -514, 16, -520, 45, -528, 33, -540, 25, -548, 16, -548, 45, -554, 33, -566, 0, -576, 0, -539, 38, -546, 9, -558, 47, -568, 38, -576, 9, -581, 47, -589, 0, -596, 0, -529, 19, -532, 19, -537, 34, -542, 34, -547, 0, -554, 0, -536, 24, -542, 39, -552, 39, -556, 24, -562, 0, -570, 0, -560, 28, -566, 28, -572, 0, -580, 0, -540, 36, -546, 41, -555, 36, -564, 41, -564, 43, -576, 43, -577, 0, -585, 0, -442, 29, -453, 2, -463, 2, -470, 29, -472, 0, -479, 0, -480, 17, -490, 17, -499, 0, -505]
[0, -425, 4, -431, 46, -440, 4, -445, 5, -453, 46, -464, 5, -471, 0, -481, 0, -566, 48, -569, 11, -570, 7, -578, 48, -578, 8, -587, 7, -587, 8, -587, 11, -593, 0, -600, 0, -583, 21, -588, 21, -596, 0, -602, 0, -433, 12, -436, 3, -442, 3, -454, 44, -464, 15, -473, 27, -481, 12, -488, 44, -493, 15, -499, 27, -509, 0, -516, 0, -542, 30, -547, 37, -554, 14, -559, 26, -565, 30, -572, 37, -572, 14, -576, 26, -586, 0, -596, 0, -487, 50, -492, 49, -498, 22, -503, 31, -510, 49, -519, 40, -529, 31, -539, 50, -549, 22, -558, 40, -565, 0, -574, 0, -473, 20, -479, 42, -487, 32, -494, 20, -501, 42, -506, 32, -511, 0, -520, 0, -435, 23, -440, 1, -443, 6, -450, 23, -463, 1, -469, 6, -471, 0, -478, 0, -437, 10, -443, 10, -452, 0, -460, 0, -490, 35, -495, 18, -504, 13, -514, 35, -522, 18, -527, 13, -532, 0, -541, 0, -506, 25, -514, 16, -520, 45, -528, 33, -540, 25, -548, 16, -548, 45, -554, 33, -566, 0, -576, 0, -539, 38, -546, 9, -558, 47, -568, 38, -576, 9, -581, 47, -589, 0, -596, 0, -529, 19, -532, 19, -537, 34, -542, 34, -547, 0, -554, 0, -536, 24, -542, 39, -552, 39, -556, 24, -562, 0, -570, 0, -560, 28, -566, 28, -572, 0, -580, 0, -540, 36, -546, 41, -555, 36, -564, 41, -564, 43, -576, 43, -577, 0, -585, 0, -442, 29, -453, 2, -463, 2, -470, 29, -472, 0, -479, 0, -480, 17, -490, 17, -499, 0, -505]
[0, -425, 4, -431, 46, -440, 4, -445, 5, -453, 46, -464, 5, -471, 0, -481, 0, -566, 48, -569, 11, -570, 7, -578, 48, -578, 8, -587, 7, -587, 8, -587, 11, -593, 0, -600, 0, -583, 21, -588, 21, -596, 0, -602, 0, -433, 12, -436, 3, -442, 3, -454, 44, -464, 15, -473, 27, -481, 12, -488, 44, -493, 15, -499, 27, -509, 0, -516, 0, -542, 30, -547, 37, -554, 14, -559, 26, -565, 30, -572, 37, -572, 14, -576, 26, -586, 0, -596, 0, -487, 50, -492, 49, -498, 22, -503, 31, -510, 49, -519, 40, -529, 31, -539, 50, -549, 22, -558, 40, -565, 0, -574, 0, -473, 20, -479, 42, -487, 32, -494, 20, -501, 42, -506, 32, -511, 0, -520, 0, -435, 23, -440, 1, -443, 6, -450, 23, -463, 1, -469, 6, -471, 0, -478, 0, -437, 10, -443, 10, -452, 0, -460, 0, -490, 35, -495, 18, -504, 13, -514, 35, -522, 18, -527, 13, -532, 0, -541, 0, -506, 25, -514, 16, -520, 45, -528, 33, -540, 25, -548, 16, -548, 45, -554, 33, -566, 0, -576, 0, -539, 38, -546, 9, -558, 47, -568, 38, -576, 9, -581, 47, -589, 0, -596, 0, -529, 19, -532, 19, -537, 34, -542, 34, -547, 0, -554, 0, -536, 24, -542, 39, -552, 39, -556, 24, -562, 0, -570, 0, -560, 28, -566, 28, -572, 0, -580, 0, -540, 36, -546, 41, -555, 36, -564, 41, -564, 43, -576, 43, -577, 0, -585, 0, -442, 29, -453, 2, -463, 2, -470, 29, -472, 0, -479, 0, -480, 17, -490, 17, -499, 0, -505]
[0, -425, 4, -431, 46, -440, 4, -445, 5, -453, 46, -464, 5, -471, 0, -481, 0, -566, 48, -569, 11, -570, 7, -578, 48, -578, 8, -587, 7, -587, 8, -587, 11, -593, 0, -600, 0, -583, 21, -588, 21, -596, 0, -602, 0, -433, 12, -436, 3, -442, 3, -454, 44, -464, 15, -473, 27, -481, 12, -488, 44, -493, 15, -499, 27, -509, 0, -516, 0, -542, 30, -547, 37, -554, 14, -559, 26, -565, 30, -572, 37, -572, 14, -576, 26, -586, 0, -596, 0, -487, 50, -492, 49, -498, 22, -503, 31, -510, 49, -519, 40, -529, 31, -539, 50, -549, 22, -558, 40, -565, 0, -574, 0, -473, 20, -479, 42, -487, 32, -494, 20, -501, 42, -506, 32, -511, 0, -520, 0, -435, 23, -440, 1, -443, 6, -450, 23, -463, 1, -469, 6, -471, 0, -478, 0, -437, 10, -443, 10, -452, 0, -460, 0, -490, 35, -495, 18, -504, 13, -514, 35, -522, 18, -527, 13, -532, 0, -541, 0, -506, 25, -514, 16, -520, 45, -528, 33, -540, 25, -548, 16, -548, 45, -554, 33, -566, 0, -576, 0, -539, 38, -546, 9, -558, 47, -568, 38, -576, 9, -581, 47, -589, 0, -596, 0, -529, 19, -532, 19, -537, 34, -542, 34, -547, 0, -554, 0, -536, 24, -542, 39, -552, 39, -556, 24, -562, 0, -570, 0, -560, 28, -566, 28, -572, 0, -580, 0, -540, 36, -546, 41, -555, 36, -564, 41, -564, 43, -576, 43, -577, 0, -585, 0, -442, 29, -453, 2, -463, 2, -470, 29, -472, 0, -479, 0, -480, 17, -490, 17, -499, 0, -505]
[0, -425, 4, -431, 46, -440, 4, -445, 5, -453, 46, -464, 5, -471, 0, -481, 0, -566, 48, -569, 11, -570, 7, -578, 48, -578, 8, -587, 7, -587, 8, -587, 11, -593, 0, -600, 0, -583, 21, -588, 21, -596, 0, -602, 0, -433, 12, -436, 3, -442, 3, -454, 44, -464, 15, -473, 27, -481, 12, -488, 44, -493, 15, -499, 27, -509, 0, -516, 0, -542, 30, -547, 37, -554, 14, -559, 26, -565, 30, -572, 37, -572, 14, -576, 26, -586, 0, -596, 0, -487, 50, -492, 49, -498, 22, -503, 31, -510, 49, -519, 40, -529, 31, -539, 50, -549, 22, -558, 40, -565, 0, -574, 0, -473, 20, -479, 42, -487, 32, -494, 20, -501, 42, -506, 32, -511, 0, -520, 0, -435, 23, -440, 1, -443, 6, -450, 23, -463, 1, -469, 6, -471, 0, -478, 0, -437, 10, -443, 10, -452, 0, -460, 0, -490, 35, -495, 18, -504, 13, -514, 35, -522, 18, -527, 13, -532, 0, -541, 0, -506, 25, -514, 16, -520, 45, -528, 33, -540, 25, -548, 16, -548, 45, -554, 33, -566, 0, -576, 0, -539, 38, -546, 9, -558, 47, -568, 38, -576, 9, -581, 47, -589, 0, -596, 0, -529, 19, -532, 19, -537, 34, -542, 34, -547, 0, -554, 0, -536, 24, -542, 39, -552, 39, -556, 24, -562, 0, -570, 0, -560, 28, -566, 28, -572, 0, -580, 0, -540, 36, -546, 41, -555, 36, -564, 41, -564, 43, -576, 43, -577, 0, -585, 0, -442, 29, -453, 2, -463, 2, -470, 29, -472, 0, -479, 0, -480, 17, -490, 17, -499, 0, -505]
