0	Solution - 30856	668	3008	453	0	60
1	Solution - 30856	668	3008	453	0	60
2	Solution - 30856	668	3008	453	0	60
3	Solution - 30678	669	3009	450	0	60
4	Solution - 30678	669	3009	450	0	60
5	Solution - 30678	669	3009	450	0	60
6	Solution - 30678	669	3009	450	0	60
7	Solution - 30678	669	3009	450	0	60
8	Solution - 30678	669	3009	450	0	60
9	Solution - 30678	669	3009	450	0	60
10	Solution - 30678	669	3009	450	0	60
11	Solution - 30678	669	3009	450	0	60
12	Solution - 30678	669	3009	450	0	60
13	Solution - 30678	669	3009	450	0	60
14	Solution - 30678	669	3009	450	0	60
15	Solution - 30678	669	3009	450	0	60
16	Solution - 30678	669	3009	450	0	60
17	Solution - 30678	669	3009	450	0	60
18	Solution - 30678	669	3009	450	0	60
19	Solution - 30678	669	3009	450	0	60
20	Solution - 30678	669	3009	450	0	60
21	Solution - 30678	669	3009	450	0	60
22	Solution - 30678	669	3009	450	0	60
23	Solution - 30678	669	3009	450	0	60
24	Solution - 30678	669	3009	450	0	60
25	Solution - 30678	669	3009	450	0	60
26	Solution - 30678	669	3009	450	0	60
27	Solution - 30678	669	3009	450	0	60
28	Solution - 30678	669	3009	450	0	60
29	Solution - 30678	669	3009	450	0	60
30	Solution - 30678	669	3009	450	0	60
31	Solution - 30678	669	3009	450	0	60
32	Solution - 30678	669	3009	450	0	60
33	Solution - 30678	669	3009	450	0	60
34	Solution - 30678	669	3009	450	0	60
35	Solution - 30678	669	3009	450	0	60
36	Solution - 30678	669	3009	450	0	60
37	Solution - 30678	669	3009	450	0	60
38	Solution - 30678	669	3009	450	0	60
39	Solution - 30678	669	3009	450	0	60
40	Solution - 30678	669	3009	450	0	60
41	Solution - 30678	669	3009	450	0	60
42	Solution - 30678	669	3009	450	0	60
43	Solution - 30678	669	3009	450	0	60
44	Solution - 30678	669	3009	450	0	60
45	Solution - 30678	669	3009	450	0	60
46	Solution - 30678	669	3009	450	0	60
47	Solution - 30678	669	3009	450	0	60
48	Solution - 30678	669	3009	450	0	60
49	Solution - 30678	669	3009	450	0	60
50	Solution - 30678	669	3009	450	0	60
51	Solution - 30678	669	3009	450	0	60
52	Solution - 30678	669	3009	450	0	60
53	Solution - 30678	669	3009	450	0	60
54	Solution - 30678	669	3009	450	0	60
55	Solution - 30678	669	3009	450	0	60
56	Solution - 30678	669	3009	450	0	60
57	Solution - 30678	669	3009	450	0	60
58	Solution - 30678	669	3009	450	0	60
59	Solution - 30678	669	3009	450	0	60
60	Solution - 30678	669	3009	450	0	60
61	Solution - 30678	669	3009	450	0	60
62	Solution - 30678	669	3009	450	0	60
63	Solution - 30678	669	3009	450	0	60
64	Solution - 30678	669	3009	450	0	60
65	Solution - 30678	669	3009	450	0	60
66	Solution - 30678	669	3009	450	0	60
67	Solution - 30678	669	3009	450	0	60
68	Solution - 30678	669	3009	450	0	60
69	Solution - 30678	669	3009	450	0	60
70	Solution - 30678	669	3009	450	0	60
71	Solution - 30678	669	3009	450	0	60
72	Solution - 30678	669	3009	450	0	60
73	Solution - 30678	669	3009	450	0	60
74	Solution - 30567	670	3017	448	0	60
75	Solution - 30567	670	3017	448	0	60
76	Solution - 30567	670	3017	448	0	60
77	Solution - 30567	670	3017	448	0	60
78	Solution - 30567	670	3017	448	0	60
79	Solution - 30567	670	3017	448	0	60
80	Solution - 30567	670	3017	448	0	60
81	Solution - 30567	670	3017	448	0	60
82	Solution - 30567	670	3017	448	0	60
83	Solution - 30567	670	3017	448	0	60
84	Solution - 30567	670	3017	448	0	60
85	Solution - 30567	670	3017	448	0	60
86	Solution - 30567	670	3017	448	0	60
87	Solution - 30567	670	3017	448	0	60
88	Solution - 30567	670	3017	448	0	60
89	Solution - 30567	670	3017	448	0	60
90	Solution - 30567	670	3017	448	0	60
91	Solution - 29667	670	3017	433	0	60
92	Solution - 29667	670	3017	433	0	60
93	Solution - 29667	670	3017	433	0	60
94	Solution - 29667	670	3017	433	0	60
95	Solution - 29667	670	3017	433	0	60
96	Solution - 29667	670	3017	433	0	60
97	Solution - 29667	670	3017	433	0	60
98	Solution - 29667	670	3017	433	0	60
99	Solution - 29667	670	3017	433	0	60
