0	Solution - 31621	669	3014	458	0	61
1	Solution - 31621	669	3014	458	0	61
2	Solution - 31621	669	3014	458	0	61
3	Solution - 31621	669	3014	458	0	61
4	Solution - 31621	669	3014	458	0	61
5	Solution - 31621	669	3014	458	0	61
6	Solution - 31621	669	3014	458	0	61
7	Solution - 31621	669	3014	458	0	61
8	Solution - 31621	669	3014	458	0	61
9	Solution - 31621	669	3014	458	0	61
10	Solution - 31621	669	3014	458	0	61
11	Solution - 31621	669	3014	458	0	61
12	Solution - 31621	669	3014	458	0	61
13	Solution - 31621	669	3014	458	0	61
14	Solution - 31621	669	3014	458	0	61
15	Solution - 31621	669	3014	458	0	61
16	Solution - 31621	669	3014	458	0	61
17	Solution - 31621	669	3014	458	0	61
18	Solution - 31621	669	3014	458	0	61
19	Solution - 31621	669	3014	458	0	61
20	Solution - 31621	669	3014	458	0	61
21	Solution - 31621	669	3014	458	0	61
22	Solution - 31621	669	3014	458	0	61
23	Solution - 31003	667	3008	448	0	61
24	Solution - 31003	667	3008	448	0	61
25	Solution - 31003	667	3008	448	0	61
26	Solution - 31003	667	3008	448	0	61
27	Solution - 31003	667	3008	448	0	61
28	Solution - 31003	667	3008	448	0	61
29	Solution - 31003	667	3008	448	0	61
30	Solution - 31003	667	3008	448	0	61
31	Solution - 31003	667	3008	448	0	61
32	Solution - 31003	667	3008	448	0	61
33	Solution - 31003	667	3008	448	0	61
34	Solution - 31003	667	3008	448	0	61
35	Solution - 31003	667	3008	448	0	61
36	Solution - 31003	667	3008	448	0	61
37	Solution - 31003	667	3008	448	0	61
38	Solution - 31003	667	3008	448	0	61
39	Solution - 31003	667	3008	448	0	61
40	Solution - 30890	662	2988	454	0	60
41	Solution - 30890	662	2988	454	0	60
42	Solution - 30890	662	2988	454	0	60
43	Solution - 30121	664	2997	441	1	60
44	Solution - 30121	664	2997	441	1	60
45	Solution - 30121	664	2997	441	1	60
46	Solution - 30121	664	2997	441	1	60
47	Solution - 30121	664	2997	441	1	60
48	Solution - 30121	664	2997	441	1	60
49	Solution - 30121	664	2997	441	1	60
50	Solution - 30121	664	2997	441	1	60
51	Solution - 30121	664	2997	441	1	60
52	Solution - 30121	664	2997	441	1	60
53	Solution - 30121	664	2997	441	1	60
54	Solution - 30121	664	2997	441	1	60
55	Solution - 30121	664	2997	441	1	60
56	Solution - 30121	664	2997	441	1	60
57	Solution - 30121	664	2997	441	1	60
58	Solution - 30121	664	2997	441	1	60
59	Solution - 30121	664	2997	441	1	60
60	Solution - 30121	664	2997	441	1	60
61	Solution - 30121	664	2997	441	1	60
62	Solution - 30121	664	2997	441	1	60
63	Solution - 30121	664	2997	441	1	60
64	Solution - 30121	664	2997	441	1	60
65	Solution - 30121	664	2997	441	1	60
66	Solution - 30121	664	2997	441	1	60
67	Solution - 30121	664	2997	441	1	60
68	Solution - 30121	664	2997	441	1	60
69	Solution - 30121	664	2997	441	1	60
70	Solution - 30121	664	2997	441	1	60
71	Solution - 30121	664	2997	441	1	60
72	Solution - 30121	664	2997	441	1	60
73	Solution - 30121	664	2997	441	1	60
74	Solution - 30121	664	2997	441	1	60
75	Solution - 30121	664	2997	441	1	60
76	Solution - 30121	664	2997	441	1	60
77	Solution - 30121	664	2997	441	1	60
78	Solution - 30121	664	2997	441	1	60
79	Solution - 30121	664	2997	441	1	60
80	Solution - 30121	664	2997	441	1	60
81	Solution - 30121	664	2997	441	1	60
82	Solution - 30121	664	2997	441	1	60
83	Solution - 30121	664	2997	441	1	60
84	Solution - 30121	664	2997	441	1	60
85	Solution - 30121	664	2997	441	1	60
86	Solution - 30121	664	2997	441	1	60
87	Solution - 30121	664	2997	441	1	60
88	Solution - 30121	664	2997	441	1	60
89	Solution - 30121	664	2997	441	1	60
90	Solution - 30121	664	2997	441	1	60
91	Solution - 30121	664	2997	441	1	60
92	Solution - 30121	664	2997	441	1	60
93	Solution - 30121	664	2997	441	1	60
94	Solution - 30121	664	2997	441	1	60
95	Solution - 30121	664	2997	441	1	60
96	Solution - 30121	664	2997	441	1	60
97	Solution - 30121	664	2997	441	1	60
98	Solution - 30121	664	2997	441	1	60
99	Solution - 30121	664	2997	441	1	60
