31621
31621
31621
31621
31621
31621
31621
31621
31621
31621
31621
31621
31621
31621
31621
31621
31621
31621
31621
31621
31621
31621
31621
31003
31003
31003
31003
31003
31003
31003
31003
31003
31003
31003
31003
31003
31003
31003
31003
31003
30890
30890
30890
30121
30121
30121
30121
30121
30121
30121
30121
30121
30121
30121
30121
30121
30121
30121
30121
30121
30121
30121
30121
30121
30121
30121
30121
30121
30121
30121
30121
30121
30121
30121
30121
30121
30121
30121
30121
30121
30121
30121
30121
30121
30121
30121
30121
30121
30121
30121
30121
30121
30121
30121
30121
30121
30121
30121
30121
30121
