Solution - 31693	670	3024	459	0	61
Solution - 31693	670	3024	459	0	61
Solution - 31693	670	3024	459	0	61
Solution - 31693	670	3024	459	0	61
Solution - 29667	670	3017	433	0	60
Solution - 31693	670	3024	459	0	61
Solution - 31693	670	3024	459	0	61
Solution - 31693	670	3024	459	0	61
Solution - 31693	670	3024	459	0	61
Solution - 31693	670	3024	459	0	61
Solution - 31693	670	3024	459	0	61
Solution - 31693	670	3024	459	0	61
Solution - 31693	670	3024	459	0	61
Solution - 31693	670	3024	459	0	61
Solution - 31693	670	3024	459	0	61
Solution - 31693	670	3024	459	0	61
Solution - 31693	670	3024	459	0	61
Solution - 31693	670	3024	459	0	61
Solution - 30233	670	3028	435	1	61
Solution - 31693	670	3024	459	0	61
Solution - 31693	670	3024	459	0	61
Solution - 31693	670	3024	459	0	61
Solution - 31693	670	3024	459	0	61
Solution - 31693	670	3024	459	0	61
Solution - 31693	670	3024	459	0	61
Solution - 31693	670	3024	459	0	61
Solution - 31693	670	3024	459	0	61
Solution - 31693	670	3024	459	0	61
Solution - 31693	670	3024	459	0	61
Solution - 30121	664	2997	441	1	60
