30856
30856
30856
30678
30678
30678
30678
30678
30678
30678
30678
30678
30678
30678
30678
30678
30678
30678
30678
30678
30678
30678
30678
30678
30678
30678
30678
30678
30678
30678
30678
30678
30678
30678
30678
30678
30678
30678
30678
30678
30678
30678
30678
30678
30678
30678
30678
30678
30678
30678
30678
30678
30678
30678
30678
30678
30678
30678
30678
30678
30678
30678
30678
30678
30678
30678
30678
30678
30678
30678
30678
30678
30678
30678
30567
30567
30567
30567
30567
30567
30567
30567
30567
30567
30567
30567
30567
30567
30567
30567
30567
29667
29667
29667
29667
29667
29667
29667
29667
29667
