0	Solution - 7728	330	1478	185	0	32
1	Solution - 7728	330	1478	185	0	32
2	Solution - 7728	330	1478	185	0	32
3	Solution - 7728	330	1478	185	0	32
4	Solution - 7728	330	1478	185	0	32
5	Solution - 7728	330	1478	185	0	32
6	Solution - 7728	330	1478	185	0	32
7	Solution - 7728	330	1478	185	0	32
8	Solution - 7728	330	1478	185	0	32
9	Solution - 7728	330	1478	185	0	32
10	Solution - 7728	330	1478	185	0	32
11	Solution - 7728	330	1478	185	0	32
12	Solution - 7728	330	1478	185	0	32
13	Solution - 7728	330	1478	185	0	32
14	Solution - 7728	330	1478	185	0	32
15	Solution - 7728	330	1478	185	0	32
16	Solution - 7544	327	1482	185	0	31
17	Solution - 7544	327	1482	185	0	31
18	Solution - 7544	327	1482	185	0	31
19	Solution - 7544	327	1482	185	0	31
20	Solution - 7544	327	1482	185	0	31
21	Solution - 7544	327	1482	185	0	31
22	Solution - 6740	330	1481	159	0	31
23	Solution - 6740	330	1481	159	0	31
24	Solution - 6740	330	1481	159	0	31
25	Solution - 6740	330	1481	159	0	31
26	Solution - 6740	330	1481	159	0	31
27	Solution - 6740	330	1481	159	0	31
28	Solution - 6740	330	1481	159	0	31
29	Solution - 6740	330	1481	159	0	31
30	Solution - 6740	330	1481	159	0	31
31	Solution - 6740	330	1481	159	0	31
32	Solution - 6740	330	1481	159	0	31
33	Solution - 6740	330	1481	159	0	31
34	Solution - 6740	330	1481	159	0	31
35	Solution - 6740	330	1481	159	0	31
36	Solution - 6740	330	1481	159	0	31
37	Solution - 6740	330	1481	159	0	31
38	Solution - 6740	330	1481	159	0	31
39	Solution - 6740	330	1481	159	0	31
40	Solution - 6740	330	1481	159	0	31
41	Solution - 6740	330	1481	159	0	31
42	Solution - 6740	330	1481	159	0	31
43	Solution - 6740	330	1481	159	0	31
44	Solution - 6740	330	1481	159	0	31
45	Solution - 6740	330	1481	159	0	31
46	Solution - 6740	330	1481	159	0	31
47	Solution - 6740	330	1481	159	0	31
48	Solution - 6740	330	1481	159	0	31
49	Solution - 6740	330	1481	159	0	31
50	Solution - 6740	330	1481	159	0	31
51	Solution - 6740	330	1481	159	0	31
52	Solution - 6740	330	1481	159	0	31
53	Solution - 6740	330	1481	159	0	31
54	Solution - 6740	330	1481	159	0	31
55	Solution - 6740	330	1481	159	0	31
56	Solution - 6740	330	1481	159	0	31
57	Solution - 6740	330	1481	159	0	31
58	Solution - 6740	330	1481	159	0	31
59	Solution - 6740	330	1481	159	0	31
60	Solution - 6740	330	1481	159	0	31
61	Solution - 6740	330	1481	159	0	31
62	Solution - 6740	330	1481	159	0	31
63	Solution - 6740	330	1481	159	0	31
64	Solution - 6740	330	1481	159	0	31
65	Solution - 6740	330	1481	159	0	31
66	Solution - 6740	330	1481	159	0	31
67	Solution - 6740	330	1481	159	0	31
68	Solution - 6740	330	1481	159	0	31
69	Solution - 6740	330	1481	159	0	31
70	Solution - 6740	330	1481	159	0	31
71	Solution - 6740	330	1481	159	0	31
72	Solution - 6740	330	1481	159	0	31
73	Solution - 6740	330	1481	159	0	31
74	Solution - 6740	330	1481	159	0	31
75	Solution - 6740	330	1481	159	0	31
76	Solution - 6740	330	1481	159	0	31
77	Solution - 6740	330	1481	159	0	31
78	Solution - 6740	330	1481	159	0	31
79	Solution - 6740	330	1481	159	0	31
80	Solution - 6740	330	1481	159	0	31
81	Solution - 6740	330	1481	159	0	31
82	Solution - 6740	330	1481	159	0	31
83	Solution - 6740	330	1481	159	0	31
84	Solution - 6740	330	1481	159	0	31
85	Solution - 6740	330	1481	159	0	31
86	Solution - 6740	330	1481	159	0	31
87	Solution - 6740	330	1481	159	0	31
88	Solution - 6740	330	1481	159	0	31
89	Solution - 6740	330	1481	159	0	31
90	Solution - 6740	330	1481	159	0	31
91	Solution - 6740	330	1481	159	0	31
92	Solution - 6740	330	1481	159	0	31
93	Solution - 6740	330	1481	159	0	31
94	Solution - 6740	330	1481	159	0	31
95	Solution - 6740	330	1481	159	0	31
96	Solution - 6740	330	1481	159	0	31
97	Solution - 6740	330	1481	159	0	31
98	Solution - 6740	330	1481	159	0	31
99	Solution - 6740	330	1481	159	0	31
