0	Solution - 7771	346	1557	163	0	36
1	Solution - 7771	346	1557	163	0	36
2	Solution - 7771	346	1557	163	0	36
3	Solution - 7771	346	1557	163	0	36
4	Solution - 7771	346	1557	163	0	36
5	Solution - 7771	346	1557	163	0	36
6	Solution - 7771	346	1557	163	0	36
7	Solution - 7771	346	1557	163	0	36
8	Solution - 7771	346	1557	163	0	36
9	Solution - 7771	346	1557	163	0	36
10	Solution - 7771	346	1557	163	0	36
11	Solution - 7771	346	1557	163	0	36
12	Solution - 7771	346	1557	163	0	36
13	Solution - 7771	346	1557	163	0	36
14	Solution - 7771	346	1557	163	0	36
15	Solution - 7038	323	1479	154	0	34
16	Solution - 7038	323	1479	154	0	34
17	Solution - 7038	323	1479	154	0	34
18	Solution - 7038	323	1479	154	0	34
19	Solution - 7038	323	1479	154	0	34
20	Solution - 7038	323	1479	154	0	34
21	Solution - 7038	323	1479	154	0	34
22	Solution - 7038	323	1479	154	0	34
23	Solution - 7038	323	1479	154	0	34
24	Solution - 7038	323	1479	154	0	34
25	Solution - 7038	323	1479	154	0	34
26	Solution - 7038	323	1479	154	0	34
27	Solution - 7038	323	1479	154	0	34
28	Solution - 7038	323	1479	154	0	34
29	Solution - 7038	323	1479	154	0	34
30	Solution - 7038	323	1479	154	0	34
31	Solution - 7038	323	1479	154	0	34
32	Solution - 7038	323	1479	154	0	34
33	Solution - 7038	323	1479	154	0	34
34	Solution - 7038	323	1479	154	0	34
35	Solution - 7038	323	1479	154	0	34
36	Solution - 7038	323	1479	154	0	34
37	Solution - 7038	323	1479	154	0	34
38	Solution - 7038	323	1479	154	0	34
39	Solution - 7038	323	1479	154	0	34
40	Solution - 7038	323	1479	154	0	34
41	Solution - 7038	323	1479	154	0	34
42	Solution - 7038	323	1479	154	0	34
43	Solution - 7038	323	1479	154	0	34
44	Solution - 7038	323	1479	154	0	34
45	Solution - 7038	323	1479	154	0	34
46	Solution - 7038	323	1479	154	0	34
47	Solution - 7038	323	1479	154	0	34
48	Solution - 7038	323	1479	154	0	34
49	Solution - 7038	323	1479	154	0	34
50	Solution - 7038	323	1479	154	0	34
51	Solution - 7038	323	1479	154	0	34
52	Solution - 7038	323	1479	154	0	34
53	Solution - 7038	323	1479	154	0	34
54	Solution - 7038	323	1479	154	0	34
55	Solution - 7038	323	1479	154	0	34
56	Solution - 7038	323	1479	154	0	34
57	Solution - 7038	323	1479	154	0	34
58	Solution - 7038	323	1479	154	0	34
59	Solution - 7038	323	1479	154	0	34
60	Solution - 7038	323	1479	154	0	34
61	Solution - 7038	323	1479	154	0	34
62	Solution - 7038	323	1479	154	0	34
63	Solution - 7038	323	1479	154	0	34
64	Solution - 7038	323	1479	154	0	34
65	Solution - 7038	323	1479	154	0	34
66	Solution - 7038	323	1479	154	0	34
67	Solution - 7038	323	1479	154	0	34
68	Solution - 7038	323	1479	154	0	34
69	Solution - 7038	323	1479	154	0	34
70	Solution - 7038	323	1479	154	0	34
71	Solution - 7038	323	1479	154	0	34
72	Solution - 7038	323	1479	154	0	34
73	Solution - 7038	323	1479	154	0	34
74	Solution - 7038	323	1479	154	0	34
75	Solution - 7038	323	1479	154	0	34
76	Solution - 7038	323	1479	154	0	34
77	Solution - 7038	323	1479	154	0	34
78	Solution - 7038	323	1479	154	0	34
79	Solution - 7038	323	1479	154	0	34
80	Solution - 7038	323	1479	154	0	34
81	Solution - 7038	323	1479	154	0	34
82	Solution - 7038	323	1479	154	0	34
83	Solution - 7038	323	1479	154	0	34
84	Solution - 7038	323	1479	154	0	34
85	Solution - 7038	323	1479	154	0	34
86	Solution - 7038	323	1479	154	0	34
87	Solution - 7038	323	1479	154	0	34
88	Solution - 7038	323	1479	154	0	34
89	Solution - 7038	323	1479	154	0	34
90	Solution - 7038	323	1479	154	0	34
91	Solution - 7038	323	1479	154	0	34
92	Solution - 7038	323	1479	154	0	34
93	Solution - 7038	323	1479	154	0	34
94	Solution - 7038	323	1479	154	0	34
95	Solution - 7038	323	1479	154	0	34
96	Solution - 7038	323	1479	154	0	34
97	Solution - 7038	323	1479	154	0	34
98	Solution - 7038	323	1479	154	0	34
99	Solution - 7038	323	1479	154	0	34
