9440
7294
7294
6967
6967
6967
6967
6967
6967
6967
6967
6967
6967
6967
6967
6967
6967
6967
6967
6967
6967
6967
6967
6967
6967
6967
6967
6967
6967
6967
6967
6967
6967
6967
6967
6967
6967
6967
6967
6967
6967
6967
6967
6967
6967
6967
6967
6967
6967
6967
6967
6967
6967
6967
6967
6967
6967
6967
6967
6967
6967
6967
6967
6967
6967
6967
6967
6967
6967
6967
6967
6967
6967
6967
6967
6967
6967
6967
6967
6967
6967
6967
6967
6967
6967
6967
6967
6967
6967
6967
6967
6967
6967
6967
6967
6967
6967
6967
6967
6967
