8436
8356
8356
8356
8293
8293
7994
7994
7994
7994
7994
7994
7994
7994
7957
7957
7957
7957
7312
7312
7311
7311
7311
7311
7311
6867
6867
6867
6867
6867
6867
6867
6867
6867
6867
6867
6867
6867
6867
6867
6867
6867
6867
6867
6867
6867
6867
6867
6867
6867
6867
6867
6867
6867
6867
6867
6867
6867
6867
6867
6867
6867
6867
6867
6867
6867
6867
6867
6867
6867
6867
6867
6867
6867
6867
6867
6867
6867
6867
6734
6734
6734
6734
6734
6734
6734
6734
6734
6734
6734
6734
6734
6734
6734
6734
6734
6734
6734
6734
6734
