8351
8203
8203
8203
8044
8044
6896
6896
6896
6896
6896
6896
6896
6896
6896
6896
6896
6896
6896
6896
6896
6896
6896
6896
6896
6896
6896
6896
6896
6896
6896
6896
6809
6809
6809
6809
6809
6809
6809
6809
6809
6809
6809
6809
6809
6809
6809
6809
6809
6809
6809
6809
6809
6809
6809
6809
6809
6809
6809
6809
6809
6809
6809
6809
6809
6809
6809
6809
6809
6809
6809
6809
6809
6809
6809
6809
6809
6809
6809
6809
6809
6809
6809
6809
6809
6809
6809
6809
6809
6809
6809
6809
6809
6721
6721
6721
6721
6379
6379
6379
