7315
7315
7315
7315
7315
7315
7315
7315
7315
7315
7315
7315
7315
6973
6973
6973
6973
6973
6973
6973
6973
6973
6973
6973
6973
6973
6973
6973
6973
6973
6973
6973
6797
6797
6797
6797
6797
6797
6797
6797
6797
6797
6797
6797
6797
6797
6797
6797
6797
6797
6797
6797
6797
6797
6797
6797
6797
6797
6797
6797
6797
6797
6797
6797
6797
6797
6797
6797
6797
6797
6797
6797
6797
6797
6797
6797
6797
6797
6797
6797
6797
6797
6797
6797
6797
6797
6797
6797
6797
6797
6797
6797
6797
6797
6797
6797
6797
6797
6797
6797
