0	Solution - 8514	340	1524	190	0	35
1	Solution - 8033	344	1545	192	0	32
2	Solution - 7920	331	1477	191	0	32
3	Solution - 7920	331	1477	191	0	32
4	Solution - 7920	331	1477	191	0	32
5	Solution - 7920	331	1477	191	0	32
6	Solution - 7920	331	1477	191	0	32
7	Solution - 7920	331	1477	191	0	32
8	Solution - 7312	332	1508	171	0	32
9	Solution - 7106	328	1468	177	0	30
10	Solution - 7106	328	1468	177	0	30
11	Solution - 7106	328	1468	177	0	30
12	Solution - 7106	328	1468	177	0	30
13	Solution - 7106	328	1468	177	0	30
14	Solution - 7106	328	1468	177	0	30
15	Solution - 7106	328	1468	177	0	30
16	Solution - 7106	328	1468	177	0	30
17	Solution - 7106	328	1468	177	0	30
18	Solution - 7106	328	1468	177	0	30
19	Solution - 7106	328	1468	177	0	30
20	Solution - 7106	328	1468	177	0	30
21	Solution - 7106	328	1468	177	0	30
22	Solution - 7106	328	1468	177	0	30
23	Solution - 7106	328	1468	177	0	30
24	Solution - 7106	328	1468	177	0	30
25	Solution - 7106	328	1468	177	0	30
26	Solution - 7106	328	1468	177	0	30
27	Solution - 7106	328	1468	177	0	30
28	Solution - 7106	328	1468	177	0	30
29	Solution - 7106	328	1468	177	0	30
30	Solution - 7106	328	1468	177	0	30
31	Solution - 7106	328	1468	177	0	30
32	Solution - 7106	328	1468	177	0	30
33	Solution - 7106	328	1468	177	0	30
34	Solution - 7106	328	1468	177	0	30
35	Solution - 7106	328	1468	177	0	30
36	Solution - 7106	328	1468	177	0	30
37	Solution - 7106	328	1468	177	0	30
38	Solution - 7106	328	1468	177	0	30
39	Solution - 7106	328	1468	177	0	30
40	Solution - 7106	328	1468	177	0	30
41	Solution - 7106	328	1468	177	0	30
42	Solution - 7106	328	1468	177	0	30
43	Solution - 7106	328	1468	177	0	30
44	Solution - 7106	328	1468	177	0	30
45	Solution - 7106	328	1468	177	0	30
46	Solution - 7106	328	1468	177	0	30
47	Solution - 7106	328	1468	177	0	30
48	Solution - 7106	328	1468	177	0	30
49	Solution - 7106	328	1468	177	0	30
50	Solution - 7106	328	1468	177	0	30
51	Solution - 7106	328	1468	177	0	30
52	Solution - 7106	328	1468	177	0	30
53	Solution - 7106	328	1468	177	0	30
54	Solution - 7106	328	1468	177	0	30
55	Solution - 7106	328	1468	177	0	30
56	Solution - 7106	328	1468	177	0	30
57	Solution - 7106	328	1468	177	0	30
58	Solution - 7106	328	1468	177	0	30
59	Solution - 7106	328	1468	177	0	30
60	Solution - 6934	335	1517	154	0	33
61	Solution - 6934	335	1517	154	0	33
62	Solution - 6934	335	1517	154	0	33
63	Solution - 6934	335	1517	154	0	33
64	Solution - 6934	335	1517	154	0	33
65	Solution - 6934	335	1517	154	0	33
66	Solution - 6934	335	1517	154	0	33
67	Solution - 6934	335	1517	154	0	33
68	Solution - 6934	335	1517	154	0	33
69	Solution - 6934	335	1517	154	0	33
70	Solution - 6740	330	1481	159	0	31
71	Solution - 6740	330	1481	159	0	31
72	Solution - 6740	330	1481	159	0	31
73	Solution - 6740	330	1481	159	0	31
74	Solution - 6740	330	1481	159	0	31
75	Solution - 6740	330	1481	159	0	31
76	Solution - 6623	329	1480	166	0	29
77	Solution - 6623	329	1480	166	0	29
78	Solution - 6623	329	1480	166	0	29
79	Solution - 6623	329	1480	166	0	29
80	Solution - 6623	329	1480	166	0	29
81	Solution - 6623	329	1480	166	0	29
82	Solution - 6623	329	1480	166	0	29
83	Solution - 6623	329	1480	166	0	29
84	Solution - 6623	329	1480	166	0	29
85	Solution - 6623	329	1480	166	0	29
86	Solution - 6623	329	1480	166	0	29
87	Solution - 6623	329	1480	166	0	29
88	Solution - 6623	329	1480	166	0	29
89	Solution - 6623	329	1480	166	0	29
90	Solution - 6623	329	1480	166	0	29
91	Solution - 6623	329	1480	166	0	29
92	Solution - 6623	329	1480	166	0	29
93	Solution - 6623	329	1480	166	0	29
94	Solution - 6623	329	1480	166	0	29
95	Solution - 6487	321	1462	147	0	32
96	Solution - 6487	321	1462	147	0	32
97	Solution - 6487	321	1462	147	0	32
98	Solution - 6487	321	1462	147	0	32
99	Solution - 6487	321	1462	147	0	32
