8372
8372
8372
8372
8166
8166
7923
7923
6896
6896
6896
6896
6896
6896
6896
6896
6896
6896
6896
6896
6896
6896
6896
6896
6896
6896
6896
6896
6896
6896
6896
6896
6896
6896
6896
6896
6896
6896
6896
6896
6896
6896
6896
6896
6896
6896
6896
6896
6896
6896
6896
6896
6896
6896
6896
6896
6896
6896
6896
6896
6896
6896
6896
6896
6896
6896
6896
6896
6896
6896
6896
6896
6896
6729
6729
6729
6729
6729
6729
6729
6729
6729
6729
6729
6618
6618
6618
6618
6618
6618
6618
6618
6618
6618
6618
6618
6618
6618
6618
6618
