8159
8093
8093
8044
8044
8044
7860
7860
7860
7860
7860
7321
7321
7321
6973
6973
6973
6973
6973
6973
6973
6973
6973
6973
6973
6973
6973
6973
6973
6973
6973
6973
6973
6973
6973
6973
6973
6973
6973
6973
6973
6973
6973
6973
6973
6973
5990
5990
5990
5990
5990
5990
5990
5990
5990
5990
5990
5990
5990
5990
5990
5990
5990
5990
5990
5990
5990
5990
5990
5990
5990
5990
5990
5990
5990
5990
5990
5990
5990
5990
5990
5990
5990
5990
5990
5990
5990
5990
5990
5990
5990
5990
5990
5990
5990
5990
5990
5990
5990
5990
