9302
6585
6585
6585
6585
6585
6585
6585
6585
6585
6585
6585
6585
6585
6585
6585
6585
6585
6585
6585
6585
6585
6585
6579
6579
6579
6579
6579
6579
6579
6579
6579
6579
6579
6579
6579
6579
6579
6579
6579
6579
6579
6579
6579
6579
6579
6579
6579
6579
6579
6579
6579
6579
6579
6579
6579
6579
6579
6579
6579
6579
6579
6579
6579
6579
6579
6579
6579
6579
6579
6579
6579
6579
6579
6579
6579
6579
6579
6579
6579
6579
6579
6579
6579
6579
6579
6579
6579
6579
6579
6579
6579
6579
6579
6579
6579
6579
6579
6579
6579
