0	Solution - 9142	339	1539	227	0	32
1	Solution - 9142	339	1539	227	0	32
2	Solution - 9142	339	1539	227	0	32
3	Solution - 8932	341	1519	221	0	32
4	Solution - 7479	335	1501	171	0	33
5	Solution - 7479	335	1501	171	0	33
6	Solution - 7479	335	1501	171	0	33
7	Solution - 7479	335	1501	171	0	33
8	Solution - 7479	335	1501	171	0	33
9	Solution - 7479	335	1501	171	0	33
10	Solution - 7479	335	1501	171	0	33
11	Solution - 7479	335	1501	171	0	33
12	Solution - 7479	335	1501	171	0	33
13	Solution - 7479	335	1501	171	0	33
14	Solution - 7479	335	1501	171	0	33
15	Solution - 7479	335	1501	171	0	33
16	Solution - 6797	319	1462	152	0	33
17	Solution - 6797	319	1462	152	0	33
18	Solution - 6797	319	1462	152	0	33
19	Solution - 6797	319	1462	152	0	33
20	Solution - 6797	319	1462	152	0	33
21	Solution - 6797	319	1462	152	0	33
22	Solution - 6797	319	1462	152	0	33
23	Solution - 6797	319	1462	152	0	33
24	Solution - 6797	319	1462	152	0	33
25	Solution - 6797	319	1462	152	0	33
26	Solution - 6797	319	1462	152	0	33
27	Solution - 6797	319	1462	152	0	33
28	Solution - 6797	319	1462	152	0	33
29	Solution - 6797	319	1462	152	0	33
30	Solution - 6797	319	1462	152	0	33
31	Solution - 6797	319	1462	152	0	33
32	Solution - 6797	319	1462	152	0	33
33	Solution - 6797	319	1462	152	0	33
34	Solution - 6797	319	1462	152	0	33
35	Solution - 6797	319	1462	152	0	33
36	Solution - 6797	319	1462	152	0	33
37	Solution - 6797	319	1462	152	0	33
38	Solution - 6797	319	1462	152	0	33
39	Solution - 6797	319	1462	152	0	33
40	Solution - 6797	319	1462	152	0	33
41	Solution - 6797	319	1462	152	0	33
42	Solution - 6797	319	1462	152	0	33
43	Solution - 6797	319	1462	152	0	33
44	Solution - 6797	319	1462	152	0	33
45	Solution - 6797	319	1462	152	0	33
46	Solution - 6797	319	1462	152	0	33
47	Solution - 6797	319	1462	152	0	33
48	Solution - 6797	319	1462	152	0	33
49	Solution - 6797	319	1462	152	0	33
50	Solution - 6797	319	1462	152	0	33
51	Solution - 6797	319	1462	152	0	33
52	Solution - 6797	319	1462	152	0	33
53	Solution - 6797	319	1462	152	0	33
54	Solution - 6797	319	1462	152	0	33
55	Solution - 6797	319	1462	152	0	33
56	Solution - 6797	319	1462	152	0	33
57	Solution - 6797	319	1462	152	0	33
58	Solution - 6797	319	1462	152	0	33
59	Solution - 6797	319	1462	152	0	33
60	Solution - 6797	319	1462	152	0	33
61	Solution - 6797	319	1462	152	0	33
62	Solution - 6797	319	1462	152	0	33
63	Solution - 6797	319	1462	152	0	33
64	Solution - 6797	319	1462	152	0	33
65	Solution - 6797	319	1462	152	0	33
66	Solution - 6797	319	1462	152	0	33
67	Solution - 6797	319	1462	152	0	33
68	Solution - 6797	319	1462	152	0	33
69	Solution - 6797	319	1462	152	0	33
70	Solution - 6797	319	1462	152	0	33
71	Solution - 6797	319	1462	152	0	33
72	Solution - 6797	319	1462	152	0	33
73	Solution - 6797	319	1462	152	0	33
74	Solution - 6797	319	1462	152	0	33
75	Solution - 6797	319	1462	152	0	33
76	Solution - 6797	319	1462	152	0	33
77	Solution - 6797	319	1462	152	0	33
78	Solution - 6797	319	1462	152	0	33
79	Solution - 6797	319	1462	152	0	33
80	Solution - 6797	319	1462	152	0	33
81	Solution - 6797	319	1462	152	0	33
82	Solution - 6797	319	1462	152	0	33
83	Solution - 6797	319	1462	152	0	33
84	Solution - 6797	319	1462	152	0	33
85	Solution - 6797	319	1462	152	0	33
86	Solution - 6797	319	1462	152	0	33
87	Solution - 6797	319	1462	152	0	33
88	Solution - 6797	319	1462	152	0	33
89	Solution - 6797	319	1462	152	0	33
90	Solution - 6797	319	1462	152	0	33
91	Solution - 6797	319	1462	152	0	33
92	Solution - 6797	319	1462	152	0	33
93	Solution - 6797	319	1462	152	0	33
94	Solution - 6797	319	1462	152	0	33
95	Solution - 6797	319	1462	152	0	33
96	Solution - 6797	319	1462	152	0	33
97	Solution - 6797	319	1462	152	0	33
98	Solution - 6797	319	1462	152	0	33
99	Solution - 6797	319	1462	152	0	33
