8577
8574
8506
8506
7106
7106
6734
6734
6734
6734
6734
6734
6734
6734
6734
6734
6734
6734
6734
6734
6734
6734
6734
6734
6734
6734
6734
6734
6734
6734
6734
6734
6734
6734
6734
6734
6734
6734
6734
6734
6734
6734
6734
6734
6734
6734
6734
6734
6734
6734
6734
6734
6734
6734
6734
6734
6734
6734
6734
6734
6734
6734
6734
6734
6734
6734
6734
6734
6734
6734
6734
6734
6734
6734
6734
6734
6734
6734
6734
6734
6734
6734
6734
6734
6734
6734
6734
6734
6729
6729
6729
6729
6729
6729
6729
6729
6729
6729
6729
6729
