6867
6867
6867
6867
6867
6867
6867
6867
6867
6867
6867
6867
6867
6867
6867
6867
6797
6797
6797
6797
6797
6797
6797
6797
6797
6797
6797
6797
6797
6797
6797
6797
6797
6797
6797
6797
6797
6797
6797
6797
6797
6797
6797
6797
6797
6797
6797
6797
6797
6797
6797
6797
6797
6797
6797
6797
6797
6797
6797
6797
6797
6797
6797
6797
6797
6797
6797
6797
6797
6797
6797
6797
6797
6797
6797
6797
6797
6797
6797
6797
6797
6797
6797
6797
6797
6797
6797
6797
6797
6797
6797
6797
6797
6797
6797
6797
6797
6797
6797
6797
