9142
9142
9142
8932
7479
7479
7479
7479
7479
7479
7479
7479
7479
7479
7479
7479
6797
6797
6797
6797
6797
6797
6797
6797
6797
6797
6797
6797
6797
6797
6797
6797
6797
6797
6797
6797
6797
6797
6797
6797
6797
6797
6797
6797
6797
6797
6797
6797
6797
6797
6797
6797
6797
6797
6797
6797
6797
6797
6797
6797
6797
6797
6797
6797
6797
6797
6797
6797
6797
6797
6797
6797
6797
6797
6797
6797
6797
6797
6797
6797
6797
6797
6797
6797
6797
6797
6797
6797
6797
6797
6797
6797
6797
6797
6797
6797
6797
6797
6797
6797
