0	Solution - 9256	327	1473	233	1	32
1	Solution - 8900	342	1562	212	0	33
2	Solution - 8097	340	1527	178	0	35
3	Solution - 8006	341	1540	175	1	35
4	Solution - 8006	341	1540	175	1	35
5	Solution - 7669	324	1465	196	0	30
6	Solution - 7669	324	1465	196	0	30
7	Solution - 7669	324	1465	196	0	30
8	Solution - 7669	324	1465	196	0	30
9	Solution - 7669	324	1465	196	0	30
10	Solution - 7618	329	1469	194	0	30
11	Solution - 7618	329	1469	194	0	30
12	Solution - 7618	329	1469	194	0	30
13	Solution - 7618	329	1469	194	0	30
14	Solution - 7618	329	1469	194	0	30
15	Solution - 7618	329	1469	194	0	30
16	Solution - 7618	329	1469	194	0	30
17	Solution - 7618	329	1469	194	0	30
18	Solution - 7618	329	1469	194	0	30
19	Solution - 7618	329	1469	194	0	30
20	Solution - 7618	329	1469	194	0	30
21	Solution - 7618	329	1469	194	0	30
22	Solution - 7312	332	1508	171	0	32
23	Solution - 7312	332	1508	171	0	32
24	Solution - 7312	332	1508	171	0	32
25	Solution - 7312	332	1508	171	0	32
26	Solution - 7312	332	1508	171	0	32
27	Solution - 6967	318	1465	162	0	32
28	Solution - 6967	318	1465	162	0	32
29	Solution - 6967	318	1465	162	0	32
30	Solution - 6967	318	1465	162	0	32
31	Solution - 6967	318	1465	162	0	32
32	Solution - 6967	318	1465	162	0	32
33	Solution - 6967	318	1465	162	0	32
34	Solution - 6967	318	1465	162	0	32
35	Solution - 6967	318	1465	162	0	32
36	Solution - 6967	318	1465	162	0	32
37	Solution - 6967	318	1465	162	0	32
38	Solution - 6967	318	1465	162	0	32
39	Solution - 6967	318	1465	162	0	32
40	Solution - 6967	318	1465	162	0	32
41	Solution - 6967	318	1465	162	0	32
42	Solution - 6967	318	1465	162	0	32
43	Solution - 6967	318	1465	162	0	32
44	Solution - 6967	318	1465	162	0	32
45	Solution - 6967	318	1465	162	0	32
46	Solution - 6967	318	1465	162	0	32
47	Solution - 6967	318	1465	162	0	32
48	Solution - 6967	318	1465	162	0	32
49	Solution - 6967	318	1465	162	0	32
50	Solution - 6967	318	1465	162	0	32
51	Solution - 6967	318	1465	162	0	32
52	Solution - 6967	318	1465	162	0	32
53	Solution - 6967	318	1465	162	0	32
54	Solution - 6967	318	1465	162	0	32
55	Solution - 6967	318	1465	162	0	32
56	Solution - 6967	318	1465	162	0	32
57	Solution - 6967	318	1465	162	0	32
58	Solution - 6967	318	1465	162	0	32
59	Solution - 6967	318	1465	162	0	32
60	Solution - 6487	321	1462	147	0	32
61	Solution - 6487	321	1462	147	0	32
62	Solution - 6487	321	1462	147	0	32
63	Solution - 6487	321	1462	147	0	32
64	Solution - 6487	321	1462	147	0	32
65	Solution - 6487	321	1462	147	0	32
66	Solution - 6487	321	1462	147	0	32
67	Solution - 6487	321	1462	147	0	32
68	Solution - 6487	321	1462	147	0	32
69	Solution - 6487	321	1462	147	0	32
70	Solution - 6487	321	1462	147	0	32
71	Solution - 6487	321	1462	147	0	32
72	Solution - 6487	321	1462	147	0	32
73	Solution - 6487	321	1462	147	0	32
74	Solution - 6487	321	1462	147	0	32
75	Solution - 6487	321	1462	147	0	32
76	Solution - 6487	321	1462	147	0	32
77	Solution - 6487	321	1462	147	0	32
78	Solution - 6487	321	1462	147	0	32
79	Solution - 6487	321	1462	147	0	32
80	Solution - 6487	321	1462	147	0	32
81	Solution - 6487	321	1462	147	0	32
82	Solution - 6487	321	1462	147	0	32
83	Solution - 6487	321	1462	147	0	32
84	Solution - 6487	321	1462	147	0	32
85	Solution - 6487	321	1462	147	0	32
86	Solution - 6487	321	1462	147	0	32
87	Solution - 6487	321	1462	147	0	32
88	Solution - 6487	321	1462	147	0	32
89	Solution - 6487	321	1462	147	0	32
90	Solution - 6487	321	1462	147	0	32
91	Solution - 6487	321	1462	147	0	32
92	Solution - 6487	321	1462	147	0	32
93	Solution - 6487	321	1462	147	0	32
94	Solution - 6487	321	1462	147	0	32
95	Solution - 6487	321	1462	147	0	32
96	Solution - 6487	321	1462	147	0	32
97	Solution - 6487	321	1462	147	0	32
98	Solution - 6487	321	1462	147	0	32
99	Solution - 6487	321	1462	147	0	32
