9091
9091
8742
7146
7146
7146
7146
7146
7146
7146
7146
7146
7146
7146
7146
7146
7146
7146
7146
7146
7146
7146
7146
7146
7146
7146
7146
7146
7146
7146
7146
7146
7146
7146
7146
7146
7146
7146
7146
7146
7146
7146
7146
7146
7146
7146
7146
7146
7146
7146
7146
7146
7146
7146
7146
7146
7146
7146
7146
7146
6973
6973
6973
6973
6973
6973
6973
6973
6973
6973
6973
6973
6973
6973
6973
6973
6973
6973
6973
6973
6973
6973
6973
6973
6973
6928
6928
6928
6928
6928
6928
6928
6928
6928
6928
6928
6928
6928
6928
6928
