0	Solution - 8722	339	1515	202	0	34
1	Solution - 8722	339	1515	202	0	34
2	Solution - 8638	341	1531	199	0	34
3	Solution - 8638	341	1531	199	0	34
4	Solution - 8449	344	1538	199	0	33
5	Solution - 8449	344	1538	199	0	33
6	Solution - 8449	344	1538	199	0	33
7	Solution - 8449	344	1538	199	0	33
8	Solution - 8403	343	1559	197	0	33
9	Solution - 8403	343	1559	197	0	33
10	Solution - 8164	339	1535	185	0	34
11	Solution - 8044	337	1512	177	0	35
12	Solution - 8044	337	1512	177	0	35
13	Solution - 7479	335	1501	171	0	33
14	Solution - 6585	330	1481	154	0	31
15	Solution - 6585	330	1481	154	0	31
16	Solution - 6585	330	1481	154	0	31
17	Solution - 6585	330	1481	154	0	31
18	Solution - 6585	330	1481	154	0	31
19	Solution - 6585	330	1481	154	0	31
20	Solution - 6585	330	1481	154	0	31
21	Solution - 6585	330	1481	154	0	31
22	Solution - 6585	330	1481	154	0	31
23	Solution - 6585	330	1481	154	0	31
24	Solution - 6585	330	1481	154	0	31
25	Solution - 6585	330	1481	154	0	31
26	Solution - 6585	330	1481	154	0	31
27	Solution - 6585	330	1481	154	0	31
28	Solution - 6585	330	1481	154	0	31
29	Solution - 6585	330	1481	154	0	31
30	Solution - 6585	330	1481	154	0	31
31	Solution - 6585	330	1481	154	0	31
32	Solution - 6585	330	1481	154	0	31
33	Solution - 6585	330	1481	154	0	31
34	Solution - 6585	330	1481	154	0	31
35	Solution - 6585	330	1481	154	0	31
36	Solution - 6585	330	1481	154	0	31
37	Solution - 6585	330	1481	154	0	31
38	Solution - 6585	330	1481	154	0	31
39	Solution - 6585	330	1481	154	0	31
40	Solution - 6585	330	1481	154	0	31
41	Solution - 6585	330	1481	154	0	31
42	Solution - 6585	330	1481	154	0	31
43	Solution - 6585	330	1481	154	0	31
44	Solution - 6585	330	1481	154	0	31
45	Solution - 6585	330	1481	154	0	31
46	Solution - 6585	330	1481	154	0	31
47	Solution - 6585	330	1481	154	0	31
48	Solution - 6585	330	1481	154	0	31
49	Solution - 6585	330	1481	154	0	31
50	Solution - 6585	330	1481	154	0	31
51	Solution - 6585	330	1481	154	0	31
52	Solution - 6585	330	1481	154	0	31
53	Solution - 6585	330	1481	154	0	31
54	Solution - 6585	330	1481	154	0	31
55	Solution - 6585	330	1481	154	0	31
56	Solution - 6585	330	1481	154	0	31
57	Solution - 6585	330	1481	154	0	31
58	Solution - 5990	325	1460	145	0	29
59	Solution - 5990	325	1460	145	0	29
60	Solution - 5990	325	1460	145	0	29
61	Solution - 5990	325	1460	145	0	29
62	Solution - 5990	325	1460	145	0	29
63	Solution - 5990	325	1460	145	0	29
64	Solution - 5990	325	1460	145	0	29
65	Solution - 5990	325	1460	145	0	29
66	Solution - 5990	325	1460	145	0	29
67	Solution - 5990	325	1460	145	0	29
68	Solution - 5990	325	1460	145	0	29
69	Solution - 5990	325	1460	145	0	29
70	Solution - 5990	325	1460	145	0	29
71	Solution - 5990	325	1460	145	0	29
72	Solution - 5990	325	1460	145	0	29
73	Solution - 5990	325	1460	145	0	29
74	Solution - 5990	325	1460	145	0	29
75	Solution - 5990	325	1460	145	0	29
76	Solution - 5990	325	1460	145	0	29
77	Solution - 5990	325	1460	145	0	29
78	Solution - 5990	325	1460	145	0	29
79	Solution - 5990	325	1460	145	0	29
80	Solution - 5990	325	1460	145	0	29
81	Solution - 5990	325	1460	145	0	29
82	Solution - 5990	325	1460	145	0	29
83	Solution - 5990	325	1460	145	0	29
84	Solution - 5990	325	1460	145	0	29
85	Solution - 5990	325	1460	145	0	29
86	Solution - 5990	325	1460	145	0	29
87	Solution - 5990	325	1460	145	0	29
88	Solution - 5990	325	1460	145	0	29
89	Solution - 5990	325	1460	145	0	29
90	Solution - 5990	325	1460	145	0	29
91	Solution - 5990	325	1460	145	0	29
92	Solution - 5990	325	1460	145	0	29
93	Solution - 5990	325	1460	145	0	29
94	Solution - 5990	325	1460	145	0	29
95	Solution - 5990	325	1460	145	0	29
96	Solution - 5990	325	1460	145	0	29
97	Solution - 5990	325	1460	145	0	29
98	Solution - 5990	325	1460	145	0	29
99	Solution - 5990	325	1460	145	0	29
