8062
7933
7606
7606
7402
7402
7402
7402
7402
7402
7402
7402
7402
7402
7402
7402
7402
7402
7402
7402
7402
7402
7402
6928
6928
6928
6928
6928
6836
6836
6836
6836
6836
6836
6836
6836
6836
6836
6836
6740
6740
6740
6740
6740
6740
6740
6740
6740
6740
6740
6740
6740
6740
6740
6740
6740
6740
6740
6740
6740
6740
6740
6740
6740
6740
6740
6740
6740
6740
6740
6740
6740
6740
6740
6740
6740
6740
6740
6740
6740
6740
6740
6740
6740
6740
6740
6740
6740
6740
6740
6740
6740
6740
6740
6740
6740
6740
6740
6740
6740
