Solution - 8527	326	1469	204	0	33
Solution - 7814	337	1525	192	0	31
Solution - 8297	344	1545	178	0	36
Solution - 7544	329	1473	198	0	29
Solution - 9597	353	1579	219	0	35
Solution - 8676	343	1533	200	0	34
Solution - 8543	335	1488	210	0	32
Solution - 9061	336	1517	212	0	34
Solution - 8601	337	1532	204	0	33
Solution - 7923	331	1487	185	0	33
Solution - 9796	356	1596	212	0	37
Solution - 8605	338	1502	205	0	33
Solution - 8097	340	1527	178	0	35
Solution - 8624	345	1559	192	0	35
Solution - 8895	334	1511	235	0	30
Solution - 6896	333	1507	158	0	32
Solution - 7965	342	1537	179	0	34
Solution - 7916	327	1470	211	0	29
Solution - 8207	340	1532	181	0	35
Solution - 7768	330	1486	192	0	31
Solution - 8279	330	1481	196	0	33
Solution - 7885	340	1527	177	0	34
Solution - 8006	341	1540	175	1	35
Solution - 8191	339	1528	186	0	34
Solution - 8110	331	1489	185	0	34
Solution - 8676	343	1533	200	0	34
Solution - 8916	338	1543	201	0	35
Solution - 7935	334	1496	185	0	33
Solution - 8065	330	1495	208	0	30
Solution - 7935	334	1496	185	0	33
