8722
8722
8638
8638
8449
8449
8449
8449
8403
8403
8164
8044
8044
7479
6585
6585
6585
6585
6585
6585
6585
6585
6585
6585
6585
6585
6585
6585
6585
6585
6585
6585
6585
6585
6585
6585
6585
6585
6585
6585
6585
6585
6585
6585
6585
6585
6585
6585
6585
6585
6585
6585
6585
6585
6585
6585
6585
6585
5990
5990
5990
5990
5990
5990
5990
5990
5990
5990
5990
5990
5990
5990
5990
5990
5990
5990
5990
5990
5990
5990
5990
5990
5990
5990
5990
5990
5990
5990
5990
5990
5990
5990
5990
5990
5990
5990
5990
5990
5990
5990
