0	Solution - 7860	333	1495	208	0	29
1	Solution - 7860	333	1495	208	0	29
2	Solution - 7860	333	1495	208	0	29
3	Solution - 7860	333	1495	208	0	29
4	Solution - 7860	333	1495	208	0	29
5	Solution - 7860	333	1495	208	0	29
6	Solution - 7860	333	1495	208	0	29
7	Solution - 7860	333	1495	208	0	29
8	Solution - 7860	333	1495	208	0	29
9	Solution - 7860	333	1495	208	0	29
10	Solution - 7860	333	1495	208	0	29
11	Solution - 7860	333	1495	208	0	29
12	Solution - 7860	333	1495	208	0	29
13	Solution - 7860	333	1495	208	0	29
14	Solution - 7860	333	1495	208	0	29
15	Solution - 7561	338	1518	163	0	35
16	Solution - 7561	338	1518	163	0	35
17	Solution - 7561	338	1518	163	0	35
18	Solution - 7561	338	1518	163	0	35
19	Solution - 7561	338	1518	163	0	35
20	Solution - 7561	338	1518	163	0	35
21	Solution - 7561	338	1518	163	0	35
22	Solution - 7561	338	1518	163	0	35
23	Solution - 7561	338	1518	163	0	35
24	Solution - 7561	338	1518	163	0	35
25	Solution - 7561	338	1518	163	0	35
26	Solution - 7561	338	1518	163	0	35
27	Solution - 7561	338	1518	163	0	35
28	Solution - 7561	338	1518	163	0	35
29	Solution - 7561	338	1518	163	0	35
30	Solution - 7561	338	1518	163	0	35
31	Solution - 7561	338	1518	163	0	35
32	Solution - 7561	338	1518	163	0	35
33	Solution - 7561	338	1518	163	0	35
34	Solution - 7561	338	1518	163	0	35
35	Solution - 7561	338	1518	163	0	35
36	Solution - 7312	332	1508	171	0	32
37	Solution - 7312	332	1508	171	0	32
38	Solution - 7312	332	1508	171	0	32
39	Solution - 7312	332	1508	171	0	32
40	Solution - 7312	332	1508	171	0	32
41	Solution - 7312	332	1508	171	0	32
42	Solution - 7312	332	1508	171	0	32
43	Solution - 7312	332	1508	171	0	32
44	Solution - 7312	332	1508	171	0	32
45	Solution - 7312	332	1508	171	0	32
46	Solution - 7312	332	1508	171	0	32
47	Solution - 7312	332	1508	171	0	32
48	Solution - 7312	332	1508	171	0	32
49	Solution - 7312	332	1508	171	0	32
50	Solution - 7312	332	1508	171	0	32
51	Solution - 7312	332	1508	171	0	32
52	Solution - 7312	332	1508	171	0	32
53	Solution - 7312	332	1508	171	0	32
54	Solution - 7311	332	1507	171	0	32
55	Solution - 7311	332	1507	171	0	32
56	Solution - 7311	332	1507	171	0	32
57	Solution - 7311	332	1507	171	0	32
58	Solution - 7311	332	1507	171	0	32
59	Solution - 7311	332	1507	171	0	32
60	Solution - 7311	332	1507	171	0	32
61	Solution - 7311	332	1507	171	0	32
62	Solution - 7311	332	1507	171	0	32
63	Solution - 7311	332	1507	171	0	32
64	Solution - 7311	332	1507	171	0	32
65	Solution - 7311	332	1507	171	0	32
66	Solution - 7311	332	1507	171	0	32
67	Solution - 7311	332	1507	171	0	32
68	Solution - 7311	332	1507	171	0	32
69	Solution - 7311	332	1507	171	0	32
70	Solution - 7311	332	1507	171	0	32
71	Solution - 7311	332	1507	171	0	32
72	Solution - 7311	332	1507	171	0	32
73	Solution - 7311	332	1507	171	0	32
74	Solution - 7311	332	1507	171	0	32
75	Solution - 7311	332	1507	171	0	32
76	Solution - 7311	332	1507	171	0	32
77	Solution - 7311	332	1507	171	0	32
78	Solution - 7311	332	1507	171	0	32
79	Solution - 7311	332	1507	171	0	32
80	Solution - 7311	332	1507	171	0	32
81	Solution - 7311	332	1507	171	0	32
82	Solution - 7311	332	1507	171	0	32
83	Solution - 7311	332	1507	171	0	32
84	Solution - 7311	332	1507	171	0	32
85	Solution - 7311	332	1507	171	0	32
86	Solution - 6896	333	1507	158	0	32
87	Solution - 6896	333	1507	158	0	32
88	Solution - 6896	333	1507	158	0	32
89	Solution - 6896	333	1507	158	0	32
90	Solution - 6896	333	1507	158	0	32
91	Solution - 6896	333	1507	158	0	32
92	Solution - 6896	333	1507	158	0	32
93	Solution - 6896	333	1507	158	0	32
94	Solution - 6896	333	1507	158	0	32
95	Solution - 6896	333	1507	158	0	32
96	Solution - 6896	333	1507	158	0	32
97	Solution - 6896	333	1507	158	0	32
98	Solution - 6896	333	1507	158	0	32
99	Solution - 6896	333	1507	158	0	32
