0	Solution - 8921	332	1517	208	0	34
1	Solution - 8687	341	1530	213	0	32
2	Solution - 8436	342	1545	177	0	37
3	Solution - 8168	337	1528	191	0	33
4	Solution - 8168	337	1528	191	0	33
5	Solution - 8168	337	1528	191	0	33
6	Solution - 8168	337	1528	191	0	33
7	Solution - 8168	337	1528	191	0	33
8	Solution - 8168	337	1528	191	0	33
9	Solution - 8168	337	1528	191	0	33
10	Solution - 8168	337	1528	191	0	33
11	Solution - 8168	337	1528	191	0	33
12	Solution - 8156	339	1527	185	0	34
13	Solution - 7480	339	1509	176	0	32
14	Solution - 6723	326	1469	154	0	32
15	Solution - 6723	326	1469	154	0	32
16	Solution - 6723	326	1469	154	0	32
17	Solution - 6723	326	1469	154	0	32
18	Solution - 6723	326	1469	154	0	32
19	Solution - 6723	326	1469	154	0	32
20	Solution - 6723	326	1469	154	0	32
21	Solution - 6723	326	1469	154	0	32
22	Solution - 6723	326	1469	154	0	32
23	Solution - 6723	326	1469	154	0	32
24	Solution - 6723	326	1469	154	0	32
25	Solution - 6723	326	1469	154	0	32
26	Solution - 6723	326	1469	154	0	32
27	Solution - 6723	326	1469	154	0	32
28	Solution - 6723	326	1469	154	0	32
29	Solution - 6723	326	1469	154	0	32
30	Solution - 6723	326	1469	154	0	32
31	Solution - 6723	326	1469	154	0	32
32	Solution - 6723	326	1469	154	0	32
33	Solution - 6723	326	1469	154	0	32
34	Solution - 6723	326	1469	154	0	32
35	Solution - 6723	326	1469	154	0	32
36	Solution - 6723	326	1469	154	0	32
37	Solution - 6723	326	1469	154	0	32
38	Solution - 6723	326	1469	154	0	32
39	Solution - 6723	326	1469	154	0	32
40	Solution - 6723	326	1469	154	0	32
41	Solution - 6723	326	1469	154	0	32
42	Solution - 6723	326	1469	154	0	32
43	Solution - 6723	326	1469	154	0	32
44	Solution - 6723	326	1469	154	0	32
45	Solution - 6723	326	1469	154	0	32
46	Solution - 6723	326	1469	154	0	32
47	Solution - 6723	326	1469	154	0	32
48	Solution - 6723	326	1469	154	0	32
49	Solution - 6723	326	1469	154	0	32
50	Solution - 6723	326	1469	154	0	32
51	Solution - 6723	326	1469	154	0	32
52	Solution - 6723	326	1469	154	0	32
53	Solution - 6723	326	1469	154	0	32
54	Solution - 6723	326	1469	154	0	32
55	Solution - 6723	326	1469	154	0	32
56	Solution - 6723	326	1469	154	0	32
57	Solution - 6723	326	1469	154	0	32
58	Solution - 6723	326	1469	154	0	32
59	Solution - 6723	326	1469	154	0	32
60	Solution - 6723	326	1469	154	0	32
61	Solution - 6723	326	1469	154	0	32
62	Solution - 6723	326	1469	154	0	32
63	Solution - 6723	326	1469	154	0	32
64	Solution - 6723	326	1469	154	0	32
65	Solution - 6723	326	1469	154	0	32
66	Solution - 6723	326	1469	154	0	32
67	Solution - 6723	326	1469	154	0	32
68	Solution - 6723	326	1469	154	0	32
69	Solution - 6723	326	1469	154	0	32
70	Solution - 6723	326	1469	154	0	32
71	Solution - 6723	326	1469	154	0	32
72	Solution - 6723	326	1469	154	0	32
73	Solution - 6723	326	1469	154	0	32
74	Solution - 6723	326	1469	154	0	32
75	Solution - 6723	326	1469	154	0	32
76	Solution - 6723	326	1469	154	0	32
77	Solution - 6723	326	1469	154	0	32
78	Solution - 6723	326	1469	154	0	32
79	Solution - 6723	326	1469	154	0	32
80	Solution - 6723	326	1469	154	0	32
81	Solution - 6723	326	1469	154	0	32
82	Solution - 6723	326	1469	154	0	32
83	Solution - 6723	326	1469	154	0	32
84	Solution - 6723	326	1469	154	0	32
85	Solution - 6723	326	1469	154	0	32
86	Solution - 6723	326	1469	154	0	32
87	Solution - 6723	326	1469	154	0	32
88	Solution - 6715	324	1474	149	0	33
89	Solution - 6715	324	1474	149	0	33
90	Solution - 6715	324	1474	149	0	33
91	Solution - 6715	324	1474	149	0	33
92	Solution - 6715	324	1474	149	0	33
93	Solution - 6715	324	1474	149	0	33
94	Solution - 6715	324	1474	149	0	33
95	Solution - 6715	324	1474	149	0	33
96	Solution - 6715	324	1474	149	0	33
97	Solution - 6715	324	1474	149	0	33
98	Solution - 6715	324	1474	149	0	33
99	Solution - 6715	324	1474	149	0	33
