9130
7900
7670
7670
7670
7670
7670
7670
7670
7670
7670
7670
7670
7670
7670
7670
7670
7670
7670
7670
7670
7670
7312
7312
7312
7312
7312
7312
7312
7312
7312
7312
7312
7312
7312
7312
7312
7312
7312
7312
7312
7312
7312
7312
7312
7312
6513
6513
6513
6513
6513
6513
6513
6513
6513
6513
6513
6513
6513
6513
6513
6513
6513
6513
6513
6513
6513
6513
6513
6513
6513
6513
6513
6513
6513
6513
6513
6513
6513
6513
6513
6513
6513
6513
6513
6513
6513
6513
6513
6513
6513
6513
6513
6513
6513
6513
6513
6513
6513
6513
