8514
8033
7920
7920
7920
7920
7920
7920
7312
7106
7106
7106
7106
7106
7106
7106
7106
7106
7106
7106
7106
7106
7106
7106
7106
7106
7106
7106
7106
7106
7106
7106
7106
7106
7106
7106
7106
7106
7106
7106
7106
7106
7106
7106
7106
7106
7106
7106
7106
7106
7106
7106
7106
7106
7106
7106
7106
7106
7106
7106
6934
6934
6934
6934
6934
6934
6934
6934
6934
6934
6740
6740
6740
6740
6740
6740
6623
6623
6623
6623
6623
6623
6623
6623
6623
6623
6623
6623
6623
6623
6623
6623
6623
6623
6623
6487
6487
6487
6487
6487
