6896
6896
6896
6896
6896
6896
6896
6896
6896
6896
6896
6896
6896
6896
6896
6896
6896
6896
6896
6896
6896
6896
6896
6896
6896
6896
6896
6896
6896
6896
6896
6896
6896
6896
6896
6729
6729
6729
6729
6729
6729
6729
6729
6729
6729
6729
6729
6729
6729
6729
6729
6729
6729
6729
6729
6729
6729
6729
6729
6729
6729
6729
6729
6729
6729
6729
6729
6729
6729
6729
6729
6729
6729
6729
6729
6729
6729
6729
6729
6729
6729
6729
6729
6729
6729
6729
6729
6729
6729
6729
6729
6729
6729
6729
6729
6729
6729
6729
6729
6729
