6967
6967
6967
6967
6967
6967
6967
6967
6967
6967
6967
6967
6967
6967
6967
6967
6967
6967
6809
6809
6809
6809
6809
6809
6809
6809
6809
6809
6809
6809
6809
6809
6809
6809
6809
6809
6809
6809
6809
6809
6809
6809
6809
6809
6809
6734
6734
6734
6734
6734
6734
6734
6734
6734
6734
6734
6734
6734
6734
6734
6734
6734
6734
6734
6734
6734
6734
6734
6734
6734
6734
6734
6734
6723
6723
6723
6723
6723
6723
6723
6723
6723
6723
6723
6723
6723
6723
6723
6723
6723
6723
6723
6723
6723
6723
6723
6723
6723
6723
6723
