8350
8343
8343
8343
8343
8343
7636
7636
7636
7636
6889
6889
6734
6734
6734
6734
6734
6734
6734
6734
6734
6734
6734
6734
6734
6734
6734
6734
6734
6734
6734
6734
6734
6734
6734
6734
6734
6734
6734
6734
6734
6734
6734
6734
6734
6734
6734
6734
6734
6734
6734
6734
6734
6734
6734
6734
6734
6734
6734
6734
6734
6734
6734
6734
6734
6734
6734
6734
6734
6734
6734
6734
6734
6734
6734
6734
6734
6734
6734
6734
6734
6734
6734
6734
6734
6734
6734
6734
6734
6734
6734
6734
6734
6734
6734
6734
6734
6734
6734
6734
