8148
8148
8148
8148
8148
8044
8044
8044
8044
8044
6867
6867
6867
6867
6867
6867
6867
6867
6867
6867
6579
6579
6579
6579
6579
6579
6579
6579
6579
6579
6579
6579
6579
6579
6579
6579
6579
6579
6579
6579
6579
6579
6579
6579
6579
6579
6579
6579
6579
6579
6579
6579
6579
6579
6579
6579
6579
6579
6579
6579
6579
6579
6579
6579
6579
6579
6579
6579
6579
6579
6579
6579
6579
6579
6579
6579
6579
6579
6579
6579
6579
6579
6579
6579
6579
6579
6579
6579
6579
6579
6579
6579
6579
6430
6430
6430
6430
6430
6430
6430
