8257
6896
6896
6896
6896
6896
6896
6896
6896
6896
6896
6896
6896
6896
6896
6896
6896
6896
6896
6896
6896
6896
6896
6896
6896
6896
6896
6896
6836
6836
6836
6836
6836
6836
6836
6836
6836
6836
6836
6836
6836
6836
6836
6836
6836
6836
6836
6836
6836
6723
6723
6723
6723
6723
6723
6723
6723
6723
6723
6723
6723
6723
6723
6723
6723
6723
6723
6723
6723
6723
6723
6723
6723
6723
6723
6723
6723
6723
6723
6723
6723
6723
6723
6723
6723
6723
6723
6723
6723
6723
6723
6723
6723
6723
6723
6723
6723
6723
6723
6723
