0	Solution - 9516	337	1529	225	1	34
1	Solution - 8296	344	1544	178	0	36
2	Solution - 8296	344	1544	178	0	36
3	Solution - 7714	330	1496	184	0	32
4	Solution - 7714	330	1496	184	0	32
5	Solution - 7714	330	1496	184	0	32
6	Solution - 7714	330	1496	184	0	32
7	Solution - 7714	330	1496	184	0	32
8	Solution - 7714	330	1496	184	0	32
9	Solution - 7714	330	1496	184	0	32
10	Solution - 7714	330	1496	184	0	32
11	Solution - 7714	330	1496	184	0	32
12	Solution - 7714	330	1496	184	0	32
13	Solution - 7714	330	1496	184	0	32
14	Solution - 7714	330	1496	184	0	32
15	Solution - 7714	330	1496	184	0	32
16	Solution - 7714	330	1496	184	0	32
17	Solution - 7714	330	1496	184	0	32
18	Solution - 7714	330	1496	184	0	32
19	Solution - 7714	330	1496	184	0	32
20	Solution - 7714	330	1496	184	0	32
21	Solution - 7714	330	1496	184	0	32
22	Solution - 7714	330	1496	184	0	32
23	Solution - 7714	330	1496	184	0	32
24	Solution - 7714	330	1496	184	0	32
25	Solution - 7714	330	1496	184	0	32
26	Solution - 7714	330	1496	184	0	32
27	Solution - 7714	330	1496	184	0	32
28	Solution - 7714	330	1496	184	0	32
29	Solution - 7714	330	1496	184	0	32
30	Solution - 6618	317	1450	147	0	33
31	Solution - 6618	317	1450	147	0	33
32	Solution - 6618	317	1450	147	0	33
33	Solution - 6618	317	1450	147	0	33
34	Solution - 6618	317	1450	147	0	33
35	Solution - 6618	317	1450	147	0	33
36	Solution - 6618	317	1450	147	0	33
37	Solution - 6618	317	1450	147	0	33
38	Solution - 6618	317	1450	147	0	33
39	Solution - 6618	317	1450	147	0	33
40	Solution - 6618	317	1450	147	0	33
41	Solution - 6618	317	1450	147	0	33
42	Solution - 6618	317	1450	147	0	33
43	Solution - 6618	317	1450	147	0	33
44	Solution - 6618	317	1450	147	0	33
45	Solution - 6618	317	1450	147	0	33
46	Solution - 6618	317	1450	147	0	33
47	Solution - 6618	317	1450	147	0	33
48	Solution - 6618	317	1450	147	0	33
49	Solution - 6618	317	1450	147	0	33
50	Solution - 6618	317	1450	147	0	33
51	Solution - 6618	317	1450	147	0	33
52	Solution - 6618	317	1450	147	0	33
53	Solution - 6618	317	1450	147	0	33
54	Solution - 6618	317	1450	147	0	33
55	Solution - 6618	317	1450	147	0	33
56	Solution - 6618	317	1450	147	0	33
57	Solution - 6618	317	1450	147	0	33
58	Solution - 6618	317	1450	147	0	33
59	Solution - 6618	317	1450	147	0	33
60	Solution - 6618	317	1450	147	0	33
61	Solution - 6618	317	1450	147	0	33
62	Solution - 6618	317	1450	147	0	33
63	Solution - 6618	317	1450	147	0	33
64	Solution - 6618	317	1450	147	0	33
65	Solution - 6618	317	1450	147	0	33
66	Solution - 6618	317	1450	147	0	33
67	Solution - 6618	317	1450	147	0	33
68	Solution - 6618	317	1450	147	0	33
69	Solution - 6618	317	1450	147	0	33
70	Solution - 6618	317	1450	147	0	33
71	Solution - 6618	317	1450	147	0	33
72	Solution - 6618	317	1450	147	0	33
73	Solution - 6618	317	1450	147	0	33
74	Solution - 6618	317	1450	147	0	33
75	Solution - 6618	317	1450	147	0	33
76	Solution - 6618	317	1450	147	0	33
77	Solution - 6618	317	1450	147	0	33
78	Solution - 6618	317	1450	147	0	33
79	Solution - 6618	317	1450	147	0	33
80	Solution - 6618	317	1450	147	0	33
81	Solution - 6618	317	1450	147	0	33
82	Solution - 6618	317	1450	147	0	33
83	Solution - 6618	317	1450	147	0	33
84	Solution - 6618	317	1450	147	0	33
85	Solution - 6618	317	1450	147	0	33
86	Solution - 6618	317	1450	147	0	33
87	Solution - 6618	317	1450	147	0	33
88	Solution - 6618	317	1450	147	0	33
89	Solution - 6618	317	1450	147	0	33
90	Solution - 6618	317	1450	147	0	33
91	Solution - 6618	317	1450	147	0	33
92	Solution - 6618	317	1450	147	0	33
93	Solution - 6618	317	1450	147	0	33
94	Solution - 6618	317	1450	147	0	33
95	Solution - 6618	317	1450	147	0	33
96	Solution - 6618	317	1450	147	0	33
97	Solution - 6618	317	1450	147	0	33
98	Solution - 6618	317	1450	147	0	33
99	Solution - 6618	317	1450	147	0	33
