0	Solution - 9189	344	1549	228	0	32
1	Solution - 9189	344	1549	228	0	32
2	Solution - 8532	346	1556	195	0	34
3	Solution - 8532	346	1556	195	0	34
4	Solution - 8449	337	1520	206	0	32
5	Solution - 8436	342	1545	177	0	37
6	Solution - 7923	331	1487	185	0	33
7	Solution - 7923	331	1487	185	0	33
8	Solution - 7923	331	1487	185	0	33
9	Solution - 7923	331	1487	185	0	33
10	Solution - 7923	331	1487	185	0	33
11	Solution - 7923	331	1487	185	0	33
12	Solution - 7189	325	1485	163	0	33
13	Solution - 7189	325	1485	163	0	33
14	Solution - 7189	325	1485	163	0	33
15	Solution - 7189	325	1485	163	0	33
16	Solution - 7189	325	1485	163	0	33
17	Solution - 7189	325	1485	163	0	33
18	Solution - 7189	325	1485	163	0	33
19	Solution - 7189	325	1485	163	0	33
20	Solution - 7189	325	1485	163	0	33
21	Solution - 7189	325	1485	163	0	33
22	Solution - 7189	325	1485	163	0	33
23	Solution - 7189	325	1485	163	0	33
24	Solution - 7189	325	1485	163	0	33
25	Solution - 7189	325	1485	163	0	33
26	Solution - 7189	325	1485	163	0	33
27	Solution - 7189	325	1485	163	0	33
28	Solution - 7189	325	1485	163	0	33
29	Solution - 7189	325	1485	163	0	33
30	Solution - 7189	325	1485	163	0	33
31	Solution - 7189	325	1485	163	0	33
32	Solution - 7189	325	1485	163	0	33
33	Solution - 7189	325	1485	163	0	33
34	Solution - 7189	325	1485	163	0	33
35	Solution - 7189	325	1485	163	0	33
36	Solution - 7189	325	1485	163	0	33
37	Solution - 7189	325	1485	163	0	33
38	Solution - 7189	325	1485	163	0	33
39	Solution - 7189	325	1485	163	0	33
40	Solution - 7189	325	1485	163	0	33
41	Solution - 7189	325	1485	163	0	33
42	Solution - 7189	325	1485	163	0	33
43	Solution - 7189	325	1485	163	0	33
44	Solution - 7189	325	1485	163	0	33
45	Solution - 7189	325	1485	163	0	33
46	Solution - 7189	325	1485	163	0	33
47	Solution - 7189	325	1485	163	0	33
48	Solution - 7189	325	1485	163	0	33
49	Solution - 7189	325	1485	163	0	33
50	Solution - 7189	325	1485	163	0	33
51	Solution - 7189	325	1485	163	0	33
52	Solution - 7189	325	1485	163	0	33
53	Solution - 6967	318	1465	162	0	32
54	Solution - 6967	318	1465	162	0	32
55	Solution - 6967	318	1465	162	0	32
56	Solution - 6967	318	1465	162	0	32
57	Solution - 6967	318	1465	162	0	32
58	Solution - 6967	318	1465	162	0	32
59	Solution - 6967	318	1465	162	0	32
60	Solution - 6967	318	1465	162	0	32
61	Solution - 6967	318	1465	162	0	32
62	Solution - 6967	318	1465	162	0	32
63	Solution - 6967	318	1465	162	0	32
64	Solution - 6967	318	1465	162	0	32
65	Solution - 6967	318	1465	162	0	32
66	Solution - 6967	318	1465	162	0	32
67	Solution - 6967	318	1465	162	0	32
68	Solution - 6967	318	1465	162	0	32
69	Solution - 6896	333	1507	158	0	32
70	Solution - 6896	333	1507	158	0	32
71	Solution - 6896	333	1507	158	0	32
72	Solution - 6896	333	1507	158	0	32
73	Solution - 6896	333	1507	158	0	32
74	Solution - 6896	333	1507	158	0	32
75	Solution - 6896	333	1507	158	0	32
76	Solution - 6896	333	1507	158	0	32
77	Solution - 6896	333	1507	158	0	32
78	Solution - 6896	333	1507	158	0	32
79	Solution - 6896	333	1507	158	0	32
80	Solution - 6896	333	1507	158	0	32
81	Solution - 6896	333	1507	158	0	32
82	Solution - 6896	333	1507	158	0	32
83	Solution - 6896	333	1507	158	0	32
84	Solution - 6896	333	1507	158	0	32
85	Solution - 6896	333	1507	158	0	32
86	Solution - 6896	333	1507	158	0	32
87	Solution - 6896	333	1507	158	0	32
88	Solution - 6896	333	1507	158	0	32
89	Solution - 6896	333	1507	158	0	32
90	Solution - 6896	333	1507	158	0	32
91	Solution - 6896	333	1507	158	0	32
92	Solution - 6896	333	1507	158	0	32
93	Solution - 6896	333	1507	158	0	32
94	Solution - 6896	333	1507	158	0	32
95	Solution - 6740	330	1481	159	0	31
96	Solution - 6740	330	1481	159	0	31
97	Solution - 6740	330	1481	159	0	31
98	Solution - 6740	330	1481	159	0	31
99	Solution - 6740	330	1481	159	0	31
