9256
8900
8097
8006
8006
7669
7669
7669
7669
7669
7618
7618
7618
7618
7618
7618
7618
7618
7618
7618
7618
7618
7312
7312
7312
7312
7312
6967
6967
6967
6967
6967
6967
6967
6967
6967
6967
6967
6967
6967
6967
6967
6967
6967
6967
6967
6967
6967
6967
6967
6967
6967
6967
6967
6967
6967
6967
6967
6967
6967
6487
6487
6487
6487
6487
6487
6487
6487
6487
6487
6487
6487
6487
6487
6487
6487
6487
6487
6487
6487
6487
6487
6487
6487
6487
6487
6487
6487
6487
6487
6487
6487
6487
6487
6487
6487
6487
6487
6487
6487
