7728
7728
7728
7728
7728
7728
7728
7728
7728
7728
7728
7728
7728
7728
7728
7728
7544
7544
7544
7544
7544
7544
6740
6740
6740
6740
6740
6740
6740
6740
6740
6740
6740
6740
6740
6740
6740
6740
6740
6740
6740
6740
6740
6740
6740
6740
6740
6740
6740
6740
6740
6740
6740
6740
6740
6740
6740
6740
6740
6740
6740
6740
6740
6740
6740
6740
6740
6740
6740
6740
6740
6740
6740
6740
6740
6740
6740
6740
6740
6740
6740
6740
6740
6740
6740
6740
6740
6740
6740
6740
6740
6740
6740
6740
6740
6740
6740
6740
6740
6740
