0	Solution - 9547	343	1556	239	0	32
1	Solution - 8655	336	1529	194	0	35
2	Solution - 8655	336	1529	194	0	35
3	Solution - 8308	349	1559	200	0	32
4	Solution - 8033	334	1504	177	0	35
5	Solution - 8033	334	1504	177	0	35
6	Solution - 8033	334	1504	177	0	35
7	Solution - 8033	334	1504	177	0	35
8	Solution - 8033	334	1504	177	0	35
9	Solution - 8033	334	1504	177	0	35
10	Solution - 8033	334	1504	177	0	35
11	Solution - 8033	334	1504	177	0	35
12	Solution - 8033	334	1504	177	0	35
13	Solution - 8033	334	1504	177	0	35
14	Solution - 8033	334	1504	177	0	35
15	Solution - 8033	334	1504	177	0	35
16	Solution - 8033	334	1504	177	0	35
17	Solution - 7900	338	1523	183	1	33
18	Solution - 7900	338	1523	183	1	33
19	Solution - 7900	338	1523	183	1	33
20	Solution - 7900	338	1523	183	1	33
21	Solution - 7900	338	1523	183	1	33
22	Solution - 7900	338	1523	183	1	33
23	Solution - 7900	338	1523	183	1	33
24	Solution - 7900	338	1523	183	1	33
25	Solution - 7900	338	1523	183	1	33
26	Solution - 7900	338	1523	183	1	33
27	Solution - 7900	338	1523	183	1	33
28	Solution - 7106	328	1468	177	0	30
29	Solution - 7106	328	1468	177	0	30
30	Solution - 7106	328	1468	177	0	30
31	Solution - 7106	328	1468	177	0	30
32	Solution - 7106	328	1468	177	0	30
33	Solution - 7106	328	1468	177	0	30
34	Solution - 7106	328	1468	177	0	30
35	Solution - 7106	328	1468	177	0	30
36	Solution - 7106	328	1468	177	0	30
37	Solution - 7106	328	1468	177	0	30
38	Solution - 7106	328	1468	177	0	30
39	Solution - 7106	328	1468	177	0	30
40	Solution - 7106	328	1468	177	0	30
41	Solution - 7106	328	1468	177	0	30
42	Solution - 7106	328	1468	177	0	30
43	Solution - 7106	328	1468	177	0	30
44	Solution - 7106	328	1468	177	0	30
45	Solution - 6973	319	1470	162	0	32
46	Solution - 6973	319	1470	162	0	32
47	Solution - 6973	319	1470	162	0	32
48	Solution - 6973	319	1470	162	0	32
49	Solution - 6973	319	1470	162	0	32
50	Solution - 6973	319	1470	162	0	32
51	Solution - 6973	319	1470	162	0	32
52	Solution - 6973	319	1470	162	0	32
53	Solution - 6973	319	1470	162	0	32
54	Solution - 6973	319	1470	162	0	32
55	Solution - 6973	319	1470	162	0	32
56	Solution - 6973	319	1470	162	0	32
57	Solution - 6973	319	1470	162	0	32
58	Solution - 6973	319	1470	162	0	32
59	Solution - 6973	319	1470	162	0	32
60	Solution - 6973	319	1470	162	0	32
61	Solution - 6973	319	1470	162	0	32
62	Solution - 6973	319	1470	162	0	32
63	Solution - 6973	319	1470	162	0	32
64	Solution - 6973	319	1470	162	0	32
65	Solution - 6973	319	1470	162	0	32
66	Solution - 6973	319	1470	162	0	32
67	Solution - 6973	319	1470	162	0	32
68	Solution - 6973	319	1470	162	0	32
69	Solution - 6973	319	1470	162	0	32
70	Solution - 6973	319	1470	162	0	32
71	Solution - 6973	319	1470	162	0	32
72	Solution - 5990	325	1460	145	0	29
73	Solution - 5990	325	1460	145	0	29
74	Solution - 5990	325	1460	145	0	29
75	Solution - 5990	325	1460	145	0	29
76	Solution - 5990	325	1460	145	0	29
77	Solution - 5990	325	1460	145	0	29
78	Solution - 5990	325	1460	145	0	29
79	Solution - 5990	325	1460	145	0	29
80	Solution - 5990	325	1460	145	0	29
81	Solution - 5990	325	1460	145	0	29
82	Solution - 5990	325	1460	145	0	29
83	Solution - 5990	325	1460	145	0	29
84	Solution - 5990	325	1460	145	0	29
85	Solution - 5990	325	1460	145	0	29
86	Solution - 5990	325	1460	145	0	29
87	Solution - 5990	325	1460	145	0	29
88	Solution - 5990	325	1460	145	0	29
89	Solution - 5990	325	1460	145	0	29
90	Solution - 5990	325	1460	145	0	29
91	Solution - 5990	325	1460	145	0	29
92	Solution - 5990	325	1460	145	0	29
93	Solution - 5990	325	1460	145	0	29
94	Solution - 5990	325	1460	145	0	29
95	Solution - 5990	325	1460	145	0	29
96	Solution - 5990	325	1460	145	0	29
97	Solution - 5990	325	1460	145	0	29
98	Solution - 5990	325	1460	145	0	29
99	Solution - 5990	325	1460	145	0	29
