8212
7934
7934
7934
7296
7296
7296
7296
7296
7296
7296
7296
7296
7296
7296
7296
7296
7296
7296
7296
7296
7296
7296
6740
6740
6740
6740
6740
6740
6740
6740
6740
6740
6740
6740
6740
6740
6740
6740
6740
6740
6740
6740
6740
6740
6740
6740
6740
6740
6740
6740
6740
6740
6740
6740
6740
6740
6740
6740
6740
6740
6740
6740
6740
6740
6740
6740
6740
6740
6740
6740
6740
6740
6740
6740
6740
6740
6740
6740
6740
6740
6740
6740
6740
6740
6740
6740
6740
6740
6740
6740
6740
6740
6740
6740
6740
6740
6740
6740
6740
