6967
6967
6967
6967
6967
6967
6967
6967
6171
6171
6171
6171
6171
6171
6171
6171
6171
6171
6171
6171
6171
6171
6171
6171
6171
6171
6171
6171
6171
6171
6171
6171
6171
6171
6171
6171
6171
6171
6171
6171
6171
6171
6171
6171
6171
6171
6171
6171
6171
6171
6171
6171
6171
6171
6171
6171
6171
6171
6171
6171
6171
6171
6171
6171
6171
6171
6171
6171
6171
6171
6171
6171
6171
6171
6171
6171
6171
6171
6171
6171
6171
6171
6171
6171
6171
6171
6171
6171
6171
6171
6171
6171
6171
6171
6171
6171
6171
6171
6171
6171
