0	Solution - 8167	335	1508	186	0	34
1	Solution - 8167	335	1508	186	0	34
2	Solution - 8167	335	1508	186	0	34
3	Solution - 8167	335	1508	186	0	34
4	Solution - 7728	330	1478	185	0	32
5	Solution - 7709	313	1422	206	1	29
6	Solution - 7709	313	1422	206	1	29
7	Solution - 7709	313	1422	206	1	29
8	Solution - 7709	313	1422	206	1	29
9	Solution - 7709	313	1422	206	1	29
10	Solution - 7709	313	1422	206	1	29
11	Solution - 7709	313	1422	206	1	29
12	Solution - 7709	313	1422	206	1	29
13	Solution - 7709	313	1422	206	1	29
14	Solution - 7709	313	1422	206	1	29
15	Solution - 7709	313	1422	206	1	29
16	Solution - 7709	313	1422	206	1	29
17	Solution - 7709	313	1422	206	1	29
18	Solution - 7709	313	1422	206	1	29
19	Solution - 7709	313	1422	206	1	29
20	Solution - 7709	313	1422	206	1	29
21	Solution - 7709	313	1422	206	1	29
22	Solution - 7709	313	1422	206	1	29
23	Solution - 7709	313	1422	206	1	29
24	Solution - 7583	335	1488	180	0	32
25	Solution - 7583	335	1488	180	0	32
26	Solution - 7583	335	1488	180	0	32
27	Solution - 7583	335	1488	180	0	32
28	Solution - 7583	335	1488	180	0	32
29	Solution - 7583	335	1488	180	0	32
30	Solution - 7583	335	1488	180	0	32
31	Solution - 7583	335	1488	180	0	32
32	Solution - 7583	335	1488	180	0	32
33	Solution - 7583	335	1488	180	0	32
34	Solution - 7583	335	1488	180	0	32
35	Solution - 7583	335	1488	180	0	32
36	Solution - 7583	335	1488	180	0	32
37	Solution - 7583	335	1488	180	0	32
38	Solution - 7583	335	1488	180	0	32
39	Solution - 7583	335	1488	180	0	32
40	Solution - 7583	335	1488	180	0	32
41	Solution - 7583	335	1488	180	0	32
42	Solution - 7583	335	1488	180	0	32
43	Solution - 7583	335	1488	180	0	32
44	Solution - 7583	335	1488	180	0	32
45	Solution - 7583	335	1488	180	0	32
46	Solution - 7583	335	1488	180	0	32
47	Solution - 7583	335	1488	180	0	32
48	Solution - 7583	335	1488	180	0	32
49	Solution - 7583	335	1488	180	0	32
50	Solution - 7583	335	1488	180	0	32
51	Solution - 7301	333	1481	177	0	31
52	Solution - 7301	333	1481	177	0	31
53	Solution - 7301	333	1481	177	0	31
54	Solution - 7301	333	1481	177	0	31
55	Solution - 6928	333	1507	159	0	32
56	Solution - 6928	333	1507	159	0	32
57	Solution - 6928	333	1507	159	0	32
58	Solution - 6928	333	1507	159	0	32
59	Solution - 6928	333	1507	159	0	32
60	Solution - 6928	333	1507	159	0	32
61	Solution - 6928	333	1507	159	0	32
62	Solution - 6928	333	1507	159	0	32
63	Solution - 6928	333	1507	159	0	32
64	Solution - 6928	333	1507	159	0	32
65	Solution - 6928	333	1507	159	0	32
66	Solution - 6928	333	1507	159	0	32
67	Solution - 6928	333	1507	159	0	32
68	Solution - 6928	333	1507	159	0	32
69	Solution - 6928	333	1507	159	0	32
70	Solution - 6928	333	1507	159	0	32
71	Solution - 6928	333	1507	159	0	32
72	Solution - 6928	333	1507	159	0	32
73	Solution - 6928	333	1507	159	0	32
74	Solution - 6928	333	1507	159	0	32
75	Solution - 6928	333	1507	159	0	32
76	Solution - 6928	333	1507	159	0	32
77	Solution - 6928	333	1507	159	0	32
78	Solution - 6928	333	1507	159	0	32
79	Solution - 6928	333	1507	159	0	32
80	Solution - 6928	333	1507	159	0	32
81	Solution - 6928	333	1507	159	0	32
82	Solution - 6928	333	1507	159	0	32
83	Solution - 6928	333	1507	159	0	32
84	Solution - 6928	333	1507	159	0	32
85	Solution - 6928	333	1507	159	0	32
86	Solution - 6928	333	1507	159	0	32
87	Solution - 6928	333	1507	159	0	32
88	Solution - 6928	333	1507	159	0	32
89	Solution - 6928	333	1507	159	0	32
90	Solution - 6928	333	1507	159	0	32
91	Solution - 6928	333	1507	159	0	32
92	Solution - 6928	333	1507	159	0	32
93	Solution - 6928	333	1507	159	0	32
94	Solution - 6928	333	1507	159	0	32
95	Solution - 6928	333	1507	159	0	32
96	Solution - 6928	333	1507	159	0	32
97	Solution - 6928	333	1507	159	0	32
98	Solution - 6928	333	1507	159	0	32
99	Solution - 6896	333	1507	158	0	32
