8212
8033
7432
7432
7432
7432
7432
7432
7432
7432
7432
7432
7432
7432
7432
7432
7432
7432
7432
7432
7432
7432
7432
7432
7432
7432
7432
7432
7432
6364
6364
6364
6364
6364
6364
6364
6364
6364
6364
6364
6364
6364
6364
6364
6364
6364
6364
6364
6364
6364
6364
6364
6364
6364
6364
6364
6364
6364
6364
6364
6364
6364
6364
6364
6364
6364
6364
6364
6364
6364
6364
6364
6364
6364
6364
6364
6364
6364
6364
6364
6364
6364
6364
6364
6364
6364
6364
6364
6364
6364
6364
6364
6364
6364
6364
6364
6364
6364
6364
6364
