0	Solution - 7957	338	1529	174	0	35
1	Solution - 7957	338	1529	174	0	35
2	Solution - 7957	338	1529	174	0	35
3	Solution - 6973	319	1470	162	0	32
4	Solution - 6973	319	1470	162	0	32
5	Solution - 6973	319	1470	162	0	32
6	Solution - 6973	319	1470	162	0	32
7	Solution - 6973	319	1470	162	0	32
8	Solution - 6973	319	1470	162	0	32
9	Solution - 6973	319	1470	162	0	32
10	Solution - 6973	319	1470	162	0	32
11	Solution - 6973	319	1470	162	0	32
12	Solution - 6973	319	1470	162	0	32
13	Solution - 6973	319	1470	162	0	32
14	Solution - 6973	319	1470	162	0	32
15	Solution - 6973	319	1470	162	0	32
16	Solution - 6973	319	1470	162	0	32
17	Solution - 6973	319	1470	162	0	32
18	Solution - 6973	319	1470	162	0	32
19	Solution - 6973	319	1470	162	0	32
20	Solution - 6973	319	1470	162	0	32
21	Solution - 6973	319	1470	162	0	32
22	Solution - 6973	319	1470	162	0	32
23	Solution - 6973	319	1470	162	0	32
24	Solution - 6973	319	1470	162	0	32
25	Solution - 6973	319	1470	162	0	32
26	Solution - 6973	319	1470	162	0	32
27	Solution - 6973	319	1470	162	0	32
28	Solution - 6973	319	1470	162	0	32
29	Solution - 6973	319	1470	162	0	32
30	Solution - 6973	319	1470	162	0	32
31	Solution - 6973	319	1470	162	0	32
32	Solution - 6973	319	1470	162	0	32
33	Solution - 6973	319	1470	162	0	32
34	Solution - 6973	319	1470	162	0	32
35	Solution - 6973	319	1470	162	0	32
36	Solution - 6973	319	1470	162	0	32
37	Solution - 6973	319	1470	162	0	32
38	Solution - 6973	319	1470	162	0	32
39	Solution - 6973	319	1470	162	0	32
40	Solution - 6973	319	1470	162	0	32
41	Solution - 6797	340	1529	154	0	32
42	Solution - 6797	340	1529	154	0	32
43	Solution - 6797	340	1529	154	0	32
44	Solution - 6734	329	1476	159	0	31
45	Solution - 6734	329	1476	159	0	31
46	Solution - 6734	329	1476	159	0	31
47	Solution - 6734	329	1476	159	0	31
48	Solution - 6734	329	1476	159	0	31
49	Solution - 6734	329	1476	159	0	31
50	Solution - 6734	329	1476	159	0	31
51	Solution - 6734	329	1476	159	0	31
52	Solution - 6734	329	1476	159	0	31
53	Solution - 6734	329	1476	159	0	31
54	Solution - 6734	329	1476	159	0	31
55	Solution - 6734	329	1476	159	0	31
56	Solution - 6734	329	1476	159	0	31
57	Solution - 6734	329	1476	159	0	31
58	Solution - 6734	329	1476	159	0	31
59	Solution - 6734	329	1476	159	0	31
60	Solution - 6734	329	1476	159	0	31
61	Solution - 6734	329	1476	159	0	31
62	Solution - 6734	329	1476	159	0	31
63	Solution - 6734	329	1476	159	0	31
64	Solution - 6734	329	1476	159	0	31
65	Solution - 6734	329	1476	159	0	31
66	Solution - 6734	329	1476	159	0	31
67	Solution - 6734	329	1476	159	0	31
68	Solution - 6734	329	1476	159	0	31
69	Solution - 6734	329	1476	159	0	31
70	Solution - 6734	329	1476	159	0	31
71	Solution - 6734	329	1476	159	0	31
72	Solution - 6734	329	1476	159	0	31
73	Solution - 6734	329	1476	159	0	31
74	Solution - 6734	329	1476	159	0	31
75	Solution - 6734	329	1476	159	0	31
76	Solution - 6734	329	1476	159	0	31
77	Solution - 6734	329	1476	159	0	31
78	Solution - 6734	329	1476	159	0	31
79	Solution - 6734	329	1476	159	0	31
80	Solution - 6734	329	1476	159	0	31
81	Solution - 6734	329	1476	159	0	31
82	Solution - 6535	336	1495	147	0	32
83	Solution - 6535	336	1495	147	0	32
84	Solution - 6535	336	1495	147	0	32
85	Solution - 6535	336	1495	147	0	32
86	Solution - 6535	336	1495	147	0	32
87	Solution - 6535	336	1495	147	0	32
88	Solution - 6535	336	1495	147	0	32
89	Solution - 6535	336	1495	147	0	32
90	Solution - 6535	336	1495	147	0	32
91	Solution - 6535	336	1495	147	0	32
92	Solution - 6535	336	1495	147	0	32
93	Solution - 6535	336	1495	147	0	32
94	Solution - 6535	336	1495	147	0	32
95	Solution - 6535	336	1495	147	0	32
96	Solution - 6535	336	1495	147	0	32
97	Solution - 6535	336	1495	147	0	32
98	Solution - 6535	336	1495	147	0	32
99	Solution - 6535	336	1495	147	0	32
