8167
8167
8167
8167
7728
7709
7709
7709
7709
7709
7709
7709
7709
7709
7709
7709
7709
7709
7709
7709
7709
7709
7709
7709
7583
7583
7583
7583
7583
7583
7583
7583
7583
7583
7583
7583
7583
7583
7583
7583
7583
7583
7583
7583
7583
7583
7583
7583
7583
7583
7583
7301
7301
7301
7301
6928
6928
6928
6928
6928
6928
6928
6928
6928
6928
6928
6928
6928
6928
6928
6928
6928
6928
6928
6928
6928
6928
6928
6928
6928
6928
6928
6928
6928
6928
6928
6928
6928
6928
6928
6928
6928
6928
6928
6928
6928
6928
6928
6928
6896
