8427
6967
6967
6967
6967
6967
6967
6967
6967
6967
6967
6967
6967
6967
6967
6967
6967
6967
6967
6967
6967
6967
6967
6967
6967
6967
6967
6579
6579
6579
6579
6579
6579
6579
6579
6579
6579
6579
6579
6579
6579
6579
6579
6579
6579
6579
6579
6579
6579
6579
6579
6579
6579
6579
6579
6579
6579
6579
6579
6579
6579
6579
6579
6579
6579
6579
6579
6579
6579
6579
6579
6579
6579
6579
6579
6579
6579
6579
6579
6579
6579
6579
6579
6579
6579
6579
6579
6579
6579
6579
6579
6579
6579
6579
6579
6579
6579
6579
6579
6579
