8044
8044
7312
7312
7312
7312
7312
7311
7311
6513
6513
6513
6513
6513
6513
6513
6513
6513
6513
6513
6513
6513
6513
6513
6513
6513
6513
6513
6513
6513
6513
6513
6513
6513
6513
6513
6513
6513
6513
6513
6513
6513
6513
6513
6513
6513
6513
6513
6513
6513
6513
6513
6513
6513
6513
6513
6513
6513
6513
6513
6513
6513
6513
6513
6513
6513
6513
6513
6513
6513
6513
6513
6513
6513
6513
6513
6513
6513
6513
6513
6513
6513
6513
6513
6513
6513
6513
6513
6513
6513
6513
6513
6513
6513
6513
6513
6513
6513
6513
6513
