0	Solution - 8860	335	1529	212	0	33
1	Solution - 8830	338	1529	211	0	33
2	Solution - 8122	338	1528	184	0	34
3	Solution - 8122	338	1528	184	0	34
4	Solution - 7195	329	1490	168	0	32
5	Solution - 7195	329	1490	168	0	32
6	Solution - 7195	329	1490	168	0	32
7	Solution - 7195	329	1490	168	0	32
8	Solution - 7195	329	1490	168	0	32
9	Solution - 7195	329	1490	168	0	32
10	Solution - 7195	329	1490	168	0	32
11	Solution - 7195	329	1490	168	0	32
12	Solution - 7195	329	1490	168	0	32
13	Solution - 7195	329	1490	168	0	32
14	Solution - 7195	329	1490	168	0	32
15	Solution - 7195	329	1490	168	0	32
16	Solution - 7195	329	1490	168	0	32
17	Solution - 7195	329	1490	168	0	32
18	Solution - 7195	329	1490	168	0	32
19	Solution - 7195	329	1490	168	0	32
20	Solution - 7195	329	1490	168	0	32
21	Solution - 7195	329	1490	168	0	32
22	Solution - 7195	329	1490	168	0	32
23	Solution - 7195	329	1490	168	0	32
24	Solution - 6585	330	1481	154	0	31
25	Solution - 6585	330	1481	154	0	31
26	Solution - 6548	336	1502	157	0	30
27	Solution - 6548	336	1502	157	0	30
28	Solution - 6548	336	1502	157	0	30
29	Solution - 6548	336	1502	157	0	30
30	Solution - 6548	336	1502	157	0	30
31	Solution - 6548	336	1502	157	0	30
32	Solution - 6548	336	1502	157	0	30
33	Solution - 6548	336	1502	157	0	30
34	Solution - 6548	336	1502	157	0	30
35	Solution - 6548	336	1502	157	0	30
36	Solution - 6548	336	1502	157	0	30
37	Solution - 6548	336	1502	157	0	30
38	Solution - 6548	336	1502	157	0	30
39	Solution - 6548	336	1502	157	0	30
40	Solution - 6548	336	1502	157	0	30
41	Solution - 6548	336	1502	157	0	30
42	Solution - 6548	336	1502	157	0	30
43	Solution - 6548	336	1502	157	0	30
44	Solution - 6548	336	1502	157	0	30
45	Solution - 6548	336	1502	157	0	30
46	Solution - 6548	336	1502	157	0	30
47	Solution - 6548	336	1502	157	0	30
48	Solution - 6548	336	1502	157	0	30
49	Solution - 6548	336	1502	157	0	30
50	Solution - 6548	336	1502	157	0	30
51	Solution - 6548	336	1502	157	0	30
52	Solution - 6548	336	1502	157	0	30
53	Solution - 6548	336	1502	157	0	30
54	Solution - 6548	336	1502	157	0	30
55	Solution - 6548	336	1502	157	0	30
56	Solution - 6548	336	1502	157	0	30
57	Solution - 6548	336	1502	157	0	30
58	Solution - 6548	336	1502	157	0	30
59	Solution - 6548	336	1502	157	0	30
60	Solution - 6548	336	1502	157	0	30
61	Solution - 6548	336	1502	157	0	30
62	Solution - 6365	332	1473	152	0	30
63	Solution - 6365	332	1473	152	0	30
64	Solution - 6365	332	1473	152	0	30
65	Solution - 6365	332	1473	152	0	30
66	Solution - 6365	332	1473	152	0	30
67	Solution - 6365	332	1473	152	0	30
68	Solution - 6365	332	1473	152	0	30
69	Solution - 6365	332	1473	152	0	30
70	Solution - 6365	332	1473	152	0	30
71	Solution - 6365	332	1473	152	0	30
72	Solution - 6365	332	1473	152	0	30
73	Solution - 6365	332	1473	152	0	30
74	Solution - 6365	332	1473	152	0	30
75	Solution - 6365	332	1473	152	0	30
76	Solution - 6365	332	1473	152	0	30
77	Solution - 6365	332	1473	152	0	30
78	Solution - 6365	332	1473	152	0	30
79	Solution - 6365	332	1473	152	0	30
80	Solution - 6365	332	1473	152	0	30
81	Solution - 6365	332	1473	152	0	30
82	Solution - 6365	332	1473	152	0	30
83	Solution - 6365	332	1473	152	0	30
84	Solution - 6365	332	1473	152	0	30
85	Solution - 6365	332	1473	152	0	30
86	Solution - 6365	332	1473	152	0	30
87	Solution - 6365	332	1473	152	0	30
88	Solution - 6365	332	1473	152	0	30
89	Solution - 6365	332	1473	152	0	30
90	Solution - 6365	332	1473	152	0	30
91	Solution - 6365	332	1473	152	0	30
92	Solution - 6365	332	1473	152	0	30
93	Solution - 6365	332	1473	152	0	30
94	Solution - 6365	332	1473	152	0	30
95	Solution - 6365	332	1473	152	0	30
96	Solution - 6365	332	1473	152	0	30
97	Solution - 6365	332	1473	152	0	30
98	Solution - 6365	332	1473	152	0	30
99	Solution - 6365	332	1473	152	0	30
