0	Solution - 8359	341	1522	203	0	32
1	Solution - 7923	331	1487	185	0	33
2	Solution - 7923	331	1487	185	0	33
3	Solution - 7923	331	1487	185	0	33
4	Solution - 7819	337	1530	192	0	31
5	Solution - 7128	335	1513	176	0	30
6	Solution - 7128	335	1513	176	0	30
7	Solution - 7128	335	1513	176	0	30
8	Solution - 7128	335	1513	176	0	30
9	Solution - 7128	335	1513	176	0	30
10	Solution - 7128	335	1513	176	0	30
11	Solution - 7128	335	1513	176	0	30
12	Solution - 7128	335	1513	176	0	30
13	Solution - 7128	335	1513	176	0	30
14	Solution - 7128	335	1513	176	0	30
15	Solution - 7128	335	1513	176	0	30
16	Solution - 7128	335	1513	176	0	30
17	Solution - 7128	335	1513	176	0	30
18	Solution - 7128	335	1513	176	0	30
19	Solution - 7128	335	1513	176	0	30
20	Solution - 7128	335	1513	176	0	30
21	Solution - 7128	335	1513	176	0	30
22	Solution - 7128	335	1513	176	0	30
23	Solution - 7128	335	1513	176	0	30
24	Solution - 7128	335	1513	176	0	30
25	Solution - 7128	335	1513	176	0	30
26	Solution - 7128	335	1513	176	0	30
27	Solution - 7128	335	1513	176	0	30
28	Solution - 7128	335	1513	176	0	30
29	Solution - 7128	335	1513	176	0	30
30	Solution - 7128	335	1513	176	0	30
31	Solution - 7128	335	1513	176	0	30
32	Solution - 7128	335	1513	176	0	30
33	Solution - 7128	335	1513	176	0	30
34	Solution - 7128	335	1513	176	0	30
35	Solution - 7128	335	1513	176	0	30
36	Solution - 7128	335	1513	176	0	30
37	Solution - 7128	335	1513	176	0	30
38	Solution - 7128	335	1513	176	0	30
39	Solution - 7128	335	1513	176	0	30
40	Solution - 7128	335	1513	176	0	30
41	Solution - 7128	335	1513	176	0	30
42	Solution - 7128	335	1513	176	0	30
43	Solution - 7128	335	1513	176	0	30
44	Solution - 7128	335	1513	176	0	30
45	Solution - 7128	335	1513	176	0	30
46	Solution - 6928	333	1507	159	0	32
47	Solution - 6928	333	1507	159	0	32
48	Solution - 6928	333	1507	159	0	32
49	Solution - 6928	333	1507	159	0	32
50	Solution - 6928	333	1507	159	0	32
51	Solution - 6928	333	1507	159	0	32
52	Solution - 6928	333	1507	159	0	32
53	Solution - 6928	333	1507	159	0	32
54	Solution - 6928	333	1507	159	0	32
55	Solution - 6928	333	1507	159	0	32
56	Solution - 6928	333	1507	159	0	32
57	Solution - 6928	333	1507	159	0	32
58	Solution - 6928	333	1507	159	0	32
59	Solution - 6928	333	1507	159	0	32
60	Solution - 6928	333	1507	159	0	32
61	Solution - 6928	333	1507	159	0	32
62	Solution - 6928	333	1507	159	0	32
63	Solution - 6177	319	1448	147	0	30
64	Solution - 6177	319	1448	147	0	30
65	Solution - 6177	319	1448	147	0	30
66	Solution - 6177	319	1448	147	0	30
67	Solution - 6177	319	1448	147	0	30
68	Solution - 6177	319	1448	147	0	30
69	Solution - 6177	319	1448	147	0	30
70	Solution - 6177	319	1448	147	0	30
71	Solution - 6177	319	1448	147	0	30
72	Solution - 6177	319	1448	147	0	30
73	Solution - 6177	319	1448	147	0	30
74	Solution - 6177	319	1448	147	0	30
75	Solution - 6177	319	1448	147	0	30
76	Solution - 6177	319	1448	147	0	30
77	Solution - 6177	319	1448	147	0	30
78	Solution - 6177	319	1448	147	0	30
79	Solution - 6177	319	1448	147	0	30
80	Solution - 6177	319	1448	147	0	30
81	Solution - 6177	319	1448	147	0	30
82	Solution - 6177	319	1448	147	0	30
83	Solution - 6177	319	1448	147	0	30
84	Solution - 6177	319	1448	147	0	30
85	Solution - 6177	319	1448	147	0	30
86	Solution - 6177	319	1448	147	0	30
87	Solution - 6177	319	1448	147	0	30
88	Solution - 6177	319	1448	147	0	30
89	Solution - 6177	319	1448	147	0	30
90	Solution - 6177	319	1448	147	0	30
91	Solution - 6177	319	1448	147	0	30
92	Solution - 6177	319	1448	147	0	30
93	Solution - 6177	319	1448	147	0	30
94	Solution - 6177	319	1448	147	0	30
95	Solution - 6177	319	1448	147	0	30
96	Solution - 6177	319	1448	147	0	30
97	Solution - 6177	319	1448	147	0	30
98	Solution - 6177	319	1448	147	0	30
99	Solution - 6177	319	1448	147	0	30
