7997
7935
7935
7935
7935
7935
7935
7935
7935
7612
7612
7612
7612
7612
7612
7612
7612
7612
7612
7612
7612
7612
7612
7612
7612
7612
7612
7612
7612
7612
7612
7612
7315
7315
7315
7315
7315
7315
7315
7315
7315
7315
7315
7315
7315
7315
7315
7315
7315
7315
7315
6967
6967
6967
6967
6967
6967
6967
6967
6967
6967
6967
6967
6967
6967
6967
6967
6967
6967
6967
6967
6967
6579
6579
6579
6579
6579
6579
6579
6579
6579
6579
6579
6171
6171
6171
6171
6171
6171
6171
6171
6171
6171
6171
6171
6171
6171
6171
6171
6171
