Solution - 20763	621	2802	289	0	60
Solution - 20763	621	2802	289	0	60
Solution - 20763	621	2802	289	0	60
Solution - 20763	621	2802	289	0	60
Solution - 20763	621	2802	289	0	60
Solution - 20763	621	2802	289	0	60
Solution - 20763	621	2802	289	0	60
Solution - 20763	621	2802	289	0	60
Solution - 20763	621	2802	289	0	60
Solution - 20763	621	2802	289	0	60
Solution - 20763	621	2802	289	0	60
Solution - 20763	621	2802	289	0	60
Solution - 20763	621	2802	289	0	60
Solution - 20763	621	2802	289	0	60
Solution - 20763	621	2802	289	0	60
Solution - 20763	621	2802	289	0	60
Solution - 20763	621	2802	289	0	60
Solution - 20763	621	2802	289	0	60
Solution - 20763	621	2802	289	0	60
Solution - 20763	621	2802	289	0	60
Solution - 20763	621	2802	289	0	60
Solution - 20763	621	2802	289	0	60
Solution - 20763	621	2802	289	0	60
Solution - 20763	621	2802	289	0	60
Solution - 20763	621	2802	289	0	60
Solution - 20763	621	2802	289	0	60
Solution - 20763	621	2802	289	0	60
Solution - 20763	621	2802	289	0	60
Solution - 20763	621	2802	289	0	60
Solution - 20763	621	2802	289	0	60
