0
0
0
0
0
0
0
0
0
0
0
0
0
0
0
0
0
16367
16367
16367
16367
16367
16367
16367
16367
16367
16367
16367
16367
16367
16367
16367
16367
16367
16367
16367
16367
16367
16367
16367
16367
16367
16367
16367
16367
16367
16367
16367
16367
16367
16367
16367
16367
16367
16367
16367
16367
16367
16367
16367
16367
16367
16367
16367
16367
16367
16367
16367
16367
16367
16367
16367
16367
16367
16367
16367
16367
16367
16367
16367
16367
16367
16367
16367
16367
16367
16189
16189
16189
16189
16189
16189
16189
16189
16189
16189
16189
16189
16189
16189
