0	Solution - 16859	492	2220	329	1	43
1	Solution - 16859	492	2220	329	1	43
2	Solution - 16859	492	2220	329	1	43
3	Solution - 16859	492	2220	329	1	43
4	Solution - 16859	492	2220	329	1	43
5	Solution - 16859	492	2220	329	1	43
6	Solution - 16859	492	2220	329	1	43
7	Solution - 16859	492	2220	329	1	43
8	Solution - 16859	492	2220	329	1	43
9	Solution - 16859	492	2220	329	1	43
10	Solution - 16859	492	2220	329	1	43
11	Solution - 16859	492	2220	329	1	43
12	Solution - 16859	492	2220	329	1	43
13	Solution - 16859	492	2220	329	1	43
14	Solution - 16859	492	2220	329	1	43
15	Solution - 16859	492	2220	329	1	43
16	Solution - 16859	492	2220	329	1	43
17	Solution - 16859	492	2220	329	1	43
18	Solution - 16859	492	2220	329	1	43
19	Solution - 16859	492	2220	329	1	43
20	Solution - 16859	492	2220	329	1	43
21	Solution - 16859	492	2220	329	1	43
22	Solution - 16859	492	2220	329	1	43
23	Solution - 16859	492	2220	329	1	43
24	Solution - 16859	492	2220	329	1	43
25	Solution - 16859	492	2220	329	1	43
26	Solution - 16859	492	2220	329	1	43
27	Solution - 16859	492	2220	329	1	43
28	Solution - 16859	492	2220	329	1	43
29	Solution - 16859	492	2220	329	1	43
30	Solution - 16859	492	2220	329	1	43
31	Solution - 16859	492	2220	329	1	43
32	Solution - 16859	492	2220	329	1	43
33	Solution - 16859	492	2220	329	1	43
34	Solution - 16810	491	2215	328	1	43
35	Solution - 16691	492	2224	325	1	43
36	Solution - 16691	492	2224	325	1	43
37	Solution - 16691	492	2224	325	1	43
38	Solution - 16691	492	2224	325	1	43
39	Solution - 16691	492	2224	325	1	43
40	Solution - 16691	492	2224	325	1	43
41	Solution - 16691	492	2224	325	1	43
42	Solution - 16691	492	2224	325	1	43
43	Solution - 16691	492	2224	325	1	43
44	Solution - 16691	492	2224	325	1	43
45	Solution - 16691	492	2224	325	1	43
46	Solution - 16691	492	2224	325	1	43
47	Solution - 16691	492	2224	325	1	43
48	Solution - 16691	492	2224	325	1	43
49	Solution - 16691	492	2224	325	1	43
50	Solution - 16691	492	2224	325	1	43
51	Solution - 16691	492	2224	325	1	43
52	Solution - 16476	490	2210	328	1	42
53	Solution - 16476	490	2210	328	1	42
54	Solution - 16476	490	2210	328	1	42
55	Solution - 16476	490	2210	328	1	42
56	Solution - 16476	490	2210	328	1	42
57	Solution - 16476	490	2210	328	1	42
58	Solution - 16476	490	2210	328	1	42
59	Solution - 16476	490	2210	328	1	42
60	Solution - 16476	490	2210	328	1	42
61	Solution - 16476	490	2210	328	1	42
62	Solution - 16476	490	2210	328	1	42
63	Solution - 16476	490	2210	328	1	42
64	Solution - 16476	490	2210	328	1	42
65	Solution - 16476	490	2210	328	1	42
66	Solution - 16476	490	2210	328	1	42
67	Solution - 16476	490	2210	328	1	42
68	Solution - 16476	490	2210	328	1	42
69	Solution - 16476	490	2210	328	1	42
70	Solution - 16476	490	2210	328	1	42
71	Solution - 16476	490	2210	328	1	42
72	Solution - 16476	490	2210	328	1	42
73	Solution - 16476	490	2210	328	1	42
74	Solution - 16476	490	2210	328	1	42
75	Solution - 16476	490	2210	328	1	42
76	Solution - 16476	490	2210	328	1	42
77	Solution - 16476	490	2210	328	1	42
78	Solution - 16476	490	2210	328	1	42
79	Solution - 16476	490	2210	328	1	42
80	Solution - 16476	490	2210	328	1	42
81	Solution - 16476	490	2210	328	1	42
82	Solution - 16476	490	2210	328	1	42
83	Solution - 16476	490	2210	328	1	42
84	Solution - 16476	490	2210	328	1	42
85	Solution - 16476	490	2210	328	1	42
86	Solution - 16451	492	2225	327	1	42
87	Solution - 16451	492	2225	327	1	42
88	Solution - 16451	492	2225	327	1	42
89	Solution - 16451	492	2225	327	1	42
90	Solution - 16451	492	2225	327	1	42
91	Solution - 16451	492	2225	327	1	42
92	Solution - 16451	492	2225	327	1	42
93	Solution - 16451	492	2225	327	1	42
94	Solution - 16451	492	2225	327	1	42
95	Solution - 16451	492	2225	327	1	42
96	Solution - 16451	492	2225	327	1	42
97	Solution - 16451	492	2225	327	1	42
98	Solution - 16451	492	2225	327	1	42
99	Solution - 16451	492	2225	327	1	42
