0
0
0
16478
16478
16478
16478
16478
16478
16478
16478
16478
16478
16478
16478
16478
16400
16400
16400
16400
16400
16345
16345
16345
16345
16345
16099
16099
16099
16099
16099
16099
16099
16099
16099
16099
16099
16099
16099
16099
16099
16099
16099
16099
16099
16099
16099
16099
16099
16099
16099
16099
16099
16099
16099
16099
16099
16099
16099
16099
16099
16099
16099
16099
16099
16099
16099
16099
16099
16099
16099
16099
16099
16099
16099
16099
16099
16099
16099
16099
16099
16099
16099
16099
16099
16099
16099
16099
16099
16099
16099
16099
16099
16099
16099
16099
16099
16099
16099
16099
