0
0
0
0
0
0
0
0
0
0
17066
17066
17066
17066
17066
17066
17066
17066
17066
17066
17066
17066
17066
17066
17066
17066
17066
17066
17066
17066
17066
16676
16676
16676
16676
16676
16187
16187
16187
16187
16187
16187
16187
16187
16187
16187
16187
16187
16187
16187
16187
16187
16187
16187
16187
16187
16187
16187
16187
16187
16187
16187
16187
16187
16187
16187
16187
16187
16187
16187
16187
16187
16187
16187
16187
16187
16187
16187
16187
16187
16187
16187
16187
16187
16187
16187
16087
16087
16087
16087
16087
16087
16087
16087
16087
16087
16087
16087
16087
16087
