Solution - 17082	493	2227	334	0	43
Solution - 17082	493	2227	334	0	43
Solution - 17082	493	2227	334	0	43
Solution - 17082	493	2227	334	0	43
Solution - 17082	493	2227	334	0	43
Solution - 16451	492	2225	327	1	42
Solution - 17082	493	2227	334	0	43
Solution - 17082	493	2227	334	0	43
Solution - 17082	493	2227	334	0	43
Solution - 17082	493	2227	334	0	43
Solution - 17082	493	2227	334	0	43
Solution - 17082	493	2227	334	0	43
Solution - 17082	493	2227	334	0	43
Solution - 17082	493	2227	334	0	43
Solution - 17082	493	2227	334	0	43
Solution - 16189	494	2236	313	0	43
Solution - 17082	493	2227	334	0	43
Solution - 17082	493	2227	334	0	43
Solution - 17082	493	2227	334	0	43
Solution - 17082	493	2227	334	0	43
Solution - 17082	493	2227	334	0	43
Solution - 17082	493	2227	334	0	43
Solution - 17082	493	2227	334	0	43
Solution - 17082	493	2227	334	0	43
Solution - 17082	493	2227	334	0	43
Solution - 16087	495	2219	311	1	43
Solution - 17082	493	2227	334	0	43
Solution - 16099	493	2233	311	1	43
Solution - 17082	493	2227	334	0	43
Solution - 17082	493	2227	334	0	43
