16859
16859
16859
16859
16859
16859
16859
16859
16859
16859
16859
16859
16859
16859
16859
16859
16859
16859
16859
16859
16859
16859
16859
16859
16859
16859
16859
16859
16859
16859
16859
16859
16859
16859
16810
16691
16691
16691
16691
16691
16691
16691
16691
16691
16691
16691
16691
16691
16691
16691
16691
16691
16476
16476
16476
16476
16476
16476
16476
16476
16476
16476
16476
16476
16476
16476
16476
16476
16476
16476
16476
16476
16476
16476
16476
16476
16476
16476
16476
16476
16476
16476
16476
16476
16476
16476
16451
16451
16451
16451
16451
16451
16451
16451
16451
16451
16451
16451
16451
16451
