0	Solution - 0	0	0	0	0	0
1	Solution - 0	0	0	0	0	0
2	Solution - 0	0	0	0	0	0
3	Solution - 16478	493	2225	320	0	43
4	Solution - 16478	493	2225	320	0	43
5	Solution - 16478	493	2225	320	0	43
6	Solution - 16478	493	2225	320	0	43
7	Solution - 16478	493	2225	320	0	43
8	Solution - 16478	493	2225	320	0	43
9	Solution - 16478	493	2225	320	0	43
10	Solution - 16478	493	2225	320	0	43
11	Solution - 16478	493	2225	320	0	43
12	Solution - 16478	493	2225	320	0	43
13	Solution - 16478	493	2225	320	0	43
14	Solution - 16478	493	2225	320	0	43
15	Solution - 16478	493	2225	320	0	43
16	Solution - 16400	493	2233	318	0	43
17	Solution - 16400	493	2233	318	0	43
18	Solution - 16400	493	2233	318	0	43
19	Solution - 16400	493	2233	318	0	43
20	Solution - 16400	493	2233	318	0	43
21	Solution - 16345	490	2224	317	1	43
22	Solution - 16345	490	2224	317	1	43
23	Solution - 16345	490	2224	317	1	43
24	Solution - 16345	490	2224	317	1	43
25	Solution - 16345	490	2224	317	1	43
26	Solution - 16099	493	2233	311	1	43
27	Solution - 16099	493	2233	311	1	43
28	Solution - 16099	493	2233	311	1	43
29	Solution - 16099	493	2233	311	1	43
30	Solution - 16099	493	2233	311	1	43
31	Solution - 16099	493	2233	311	1	43
32	Solution - 16099	493	2233	311	1	43
33	Solution - 16099	493	2233	311	1	43
34	Solution - 16099	493	2233	311	1	43
35	Solution - 16099	493	2233	311	1	43
36	Solution - 16099	493	2233	311	1	43
37	Solution - 16099	493	2233	311	1	43
38	Solution - 16099	493	2233	311	1	43
39	Solution - 16099	493	2233	311	1	43
40	Solution - 16099	493	2233	311	1	43
41	Solution - 16099	493	2233	311	1	43
42	Solution - 16099	493	2233	311	1	43
43	Solution - 16099	493	2233	311	1	43
44	Solution - 16099	493	2233	311	1	43
45	Solution - 16099	493	2233	311	1	43
46	Solution - 16099	493	2233	311	1	43
47	Solution - 16099	493	2233	311	1	43
48	Solution - 16099	493	2233	311	1	43
49	Solution - 16099	493	2233	311	1	43
50	Solution - 16099	493	2233	311	1	43
51	Solution - 16099	493	2233	311	1	43
52	Solution - 16099	493	2233	311	1	43
53	Solution - 16099	493	2233	311	1	43
54	Solution - 16099	493	2233	311	1	43
55	Solution - 16099	493	2233	311	1	43
56	Solution - 16099	493	2233	311	1	43
57	Solution - 16099	493	2233	311	1	43
58	Solution - 16099	493	2233	311	1	43
59	Solution - 16099	493	2233	311	1	43
60	Solution - 16099	493	2233	311	1	43
61	Solution - 16099	493	2233	311	1	43
62	Solution - 16099	493	2233	311	1	43
63	Solution - 16099	493	2233	311	1	43
64	Solution - 16099	493	2233	311	1	43
65	Solution - 16099	493	2233	311	1	43
66	Solution - 16099	493	2233	311	1	43
67	Solution - 16099	493	2233	311	1	43
68	Solution - 16099	493	2233	311	1	43
69	Solution - 16099	493	2233	311	1	43
70	Solution - 16099	493	2233	311	1	43
71	Solution - 16099	493	2233	311	1	43
72	Solution - 16099	493	2233	311	1	43
73	Solution - 16099	493	2233	311	1	43
74	Solution - 16099	493	2233	311	1	43
75	Solution - 16099	493	2233	311	1	43
76	Solution - 16099	493	2233	311	1	43
77	Solution - 16099	493	2233	311	1	43
78	Solution - 16099	493	2233	311	1	43
79	Solution - 16099	493	2233	311	1	43
80	Solution - 16099	493	2233	311	1	43
81	Solution - 16099	493	2233	311	1	43
82	Solution - 16099	493	2233	311	1	43
83	Solution - 16099	493	2233	311	1	43
84	Solution - 16099	493	2233	311	1	43
85	Solution - 16099	493	2233	311	1	43
86	Solution - 16099	493	2233	311	1	43
87	Solution - 16099	493	2233	311	1	43
88	Solution - 16099	493	2233	311	1	43
89	Solution - 16099	493	2233	311	1	43
90	Solution - 16099	493	2233	311	1	43
91	Solution - 16099	493	2233	311	1	43
92	Solution - 16099	493	2233	311	1	43
93	Solution - 16099	493	2233	311	1	43
94	Solution - 16099	493	2233	311	1	43
95	Solution - 16099	493	2233	311	1	43
96	Solution - 16099	493	2233	311	1	43
97	Solution - 16099	493	2233	311	1	43
98	Solution - 16099	493	2233	311	1	43
99	Solution - 16099	493	2233	311	1	43
