32743
31849
31849
31849
31849
29495
29495
29495
29495
29495
29495
26573
26573
26573
26573
26573
26573
26573
26573
26573
26573
26573
26573
26573
26573
26573
26573
26573
26573
26573
26573
26573
26573
26573
26573
26573
26573
26573
26573
26573
26573
26573
26573
26573
26573
26573
26573
26573
26573
26573
26573
26573
26573
26573
26573
26573
26573
26573
26573
26573
26573
26573
26573
26573
26573
26573
26573
26573
26573
26573
26573
26573
26573
26573
26573
26573
26573
26573
26573
26573
26573
26573
26573
26573
26573
26573
26573
26573
26573
26573
26573
26573
26573
26573
26573
26573
26573
26573
26573
26573
