0	Solution - 30543	717	3192	386	0	69
1	Solution - 30543	717	3192	386	0	69
2	Solution - 28336	718	3230	364	0	67
3	Solution - 28336	718	3230	364	0	67
4	Solution - 28336	718	3230	364	0	67
5	Solution - 28336	718	3230	364	0	67
6	Solution - 28336	718	3230	364	0	67
7	Solution - 28336	718	3230	364	0	67
8	Solution - 28336	718	3230	364	0	67
9	Solution - 28336	718	3230	364	0	67
10	Solution - 28336	718	3230	364	0	67
11	Solution - 28336	718	3230	364	0	67
12	Solution - 28336	718	3230	364	0	67
13	Solution - 28336	718	3230	364	0	67
14	Solution - 28336	718	3230	364	0	67
15	Solution - 28323	720	3246	353	0	69
16	Solution - 28323	720	3246	353	0	69
17	Solution - 28323	720	3246	353	0	69
18	Solution - 28323	720	3246	353	0	69
19	Solution - 28323	720	3246	353	0	69
20	Solution - 28323	720	3246	353	0	69
21	Solution - 28323	720	3246	353	0	69
22	Solution - 28323	720	3246	353	0	69
23	Solution - 28323	720	3246	353	0	69
24	Solution - 28323	720	3246	353	0	69
25	Solution - 28323	720	3246	353	0	69
26	Solution - 28323	720	3246	353	0	69
27	Solution - 28323	720	3246	353	0	69
28	Solution - 28323	720	3246	353	0	69
29	Solution - 28323	720	3246	353	0	69
30	Solution - 28323	720	3246	353	0	69
31	Solution - 28323	720	3246	353	0	69
32	Solution - 28323	720	3246	353	0	69
33	Solution - 28323	720	3246	353	0	69
34	Solution - 28323	720	3246	353	0	69
35	Solution - 28323	720	3246	353	0	69
36	Solution - 28323	720	3246	353	0	69
37	Solution - 28323	720	3246	353	0	69
38	Solution - 28323	720	3246	353	0	69
39	Solution - 28323	720	3246	353	0	69
40	Solution - 28323	720	3246	353	0	69
41	Solution - 28323	720	3246	353	0	69
42	Solution - 28323	720	3246	353	0	69
43	Solution - 28323	720	3246	353	0	69
44	Solution - 28323	720	3246	353	0	69
45	Solution - 28323	720	3246	353	0	69
46	Solution - 28323	720	3246	353	0	69
47	Solution - 28323	720	3246	353	0	69
48	Solution - 26760	723	3217	326	0	70
49	Solution - 26760	723	3217	326	0	70
50	Solution - 26342	723	3245	339	0	66
51	Solution - 26342	723	3245	339	0	66
52	Solution - 26342	723	3245	339	0	66
53	Solution - 26342	723	3245	339	0	66
54	Solution - 26342	723	3245	339	0	66
55	Solution - 26342	723	3245	339	0	66
56	Solution - 26342	723	3245	339	0	66
57	Solution - 26342	723	3245	339	0	66
58	Solution - 26342	723	3245	339	0	66
59	Solution - 26342	723	3245	339	0	66
60	Solution - 26342	723	3245	339	0	66
61	Solution - 26342	723	3245	339	0	66
62	Solution - 26342	723	3245	339	0	66
63	Solution - 26342	723	3245	339	0	66
64	Solution - 26342	723	3245	339	0	66
65	Solution - 26342	723	3245	339	0	66
66	Solution - 26342	723	3245	339	0	66
67	Solution - 26342	723	3245	339	0	66
68	Solution - 26342	723	3245	339	0	66
69	Solution - 26342	723	3245	339	0	66
70	Solution - 26342	723	3245	339	0	66
71	Solution - 26342	723	3245	339	0	66
72	Solution - 26342	723	3245	339	0	66
73	Solution - 26342	723	3245	339	0	66
74	Solution - 26342	723	3245	339	0	66
75	Solution - 26342	723	3245	339	0	66
76	Solution - 26342	723	3245	339	0	66
77	Solution - 26342	723	3245	339	0	66
78	Solution - 26342	723	3245	339	0	66
79	Solution - 26342	723	3245	339	0	66
80	Solution - 26342	723	3245	339	0	66
81	Solution - 26342	723	3245	339	0	66
82	Solution - 26342	723	3245	339	0	66
83	Solution - 26342	723	3245	339	0	66
84	Solution - 26342	723	3245	339	0	66
85	Solution - 26342	723	3245	339	0	66
86	Solution - 26342	723	3245	339	0	66
87	Solution - 26342	723	3245	339	0	66
88	Solution - 26342	723	3245	339	0	66
89	Solution - 26342	723	3245	339	0	66
90	Solution - 26342	723	3245	339	0	66
91	Solution - 26342	723	3245	339	0	66
92	Solution - 26342	723	3245	339	0	66
93	Solution - 26342	723	3245	339	0	66
94	Solution - 26342	723	3245	339	0	66
95	Solution - 26342	723	3245	339	0	66
96	Solution - 26342	723	3245	339	0	66
97	Solution - 26342	723	3245	339	0	66
98	Solution - 26342	723	3245	339	0	66
99	Solution - 26342	723	3245	339	0	66
