Solution - 26573	705	3165	311	0	73
Solution - 25710	730	3245	315	1	69
Solution - 26470	707	3185	318	0	71
Solution - 25742	711	3191	312	0	70
Solution - 26516	724	3214	318	0	71
Solution - 27162	709	3165	328	0	71
Solution - 26916	713	3208	315	0	73
Solution - 25198	723	3246	299	0	71
Solution - 26269	721	3218	319	0	70
Solution - 27504	709	3179	328	0	72
Solution - 26342	723	3245	339	0	66
Solution - 26664	727	3236	329	0	69
Solution - 26805	715	3176	342	0	67
Solution - 25734	715	3222	307	0	71
Solution - 24596	732	3274	290	0	71
Solution - 24905	722	3238	295	0	71
Solution - 26874	714	3183	333	0	69
Solution - 27569	715	3211	333	0	71
Solution - 25949	716	3190	329	0	67
Solution - 26640	705	3155	335	0	68
Solution - 25680	728	3226	306	0	71
Solution - 26617	700	3147	330	0	69
Solution - 27060	706	3170	322	0	72
Solution - 26103	719	3216	326	0	68
Solution - 26408	726	3242	330	0	68
Solution - 26006	702	3152	312	0	71
Solution - 25017	699	3146	316	0	67
Solution - 26247	707	3175	315	0	71
Solution - 25530	713	3187	309	0	70
Solution - 25406	728	3258	306	0	70
