27548
27548
27548
27548
27548
27548
27548
27548
27548
27548
27548
27548
27548
27548
27548
27548
27548
27548
27548
27548
27548
27548
27548
27548
27548
27548
27548
27548
27548
27548
27548
27548
27548
27548
27548
27548
27548
27548
27548
27548
27548
27548
27548
27548
27548
27548
27548
27548
27548
27548
27548
27548
27548
27548
27548
27548
27548
27548
27548
27548
27548
27548
27548
27548
27548
27548
27548
27548
25680
25680
25680
25680
25680
25680
25680
25680
25680
25680
25680
25680
25680
25680
25680
25680
25680
25680
25680
25680
25680
25680
25680
25680
25680
25680
25680
25680
25680
25680
25680
25680
