31625
31625
31625
31625
30362
30362
30362
30362
30362
29796
26640
26640
26640
26640
26640
26640
26640
26640
26640
26640
26640
26640
26640
26640
26640
26640
26640
26640
26640
26640
26640
26640
26640
26640
26640
26640
26640
26640
26640
26640
26640
26640
26640
26640
26640
26640
26640
26640
26640
26640
26640
26640
26640
26640
26640
26640
26640
26640
26640
26640
26640
26640
26640
26640
26640
26640
26640
26640
26640
26640
26640
26640
26640
26640
26640
26640
26640
26640
26640
26640
26640
26640
26640
26640
26640
26640
26640
26640
26640
26640
26640
26640
26640
26640
26640
26640
26640
26640
26640
26640
