36077
33508
30578
30578
30578
30578
30383
30383
30383
30383
30383
30383
30383
30383
30383
30383
28056
28056
28056
27647
27647
27647
27647
27647
27647
27647
27647
27647
27647
27647
27647
27647
27647
27647
27647
27647
27647
27647
27647
27647
27647
27647
26805
26805
26805
26805
26805
26805
26805
26805
26805
26805
26805
26805
26805
26805
26805
26805
26805
26805
26805
26805
26805
26805
26805
26805
26805
26805
26805
26805
26805
26805
26805
26805
26805
26805
26805
26805
26805
26805
26805
26805
26805
26805
26805
26805
26805
26805
26805
26805
26805
26805
26805
26805
26805
26805
26805
26805
26805
26805
