30204
30204
30204
30204
30204
30204
29998
29998
29998
29998
29998
29998
27641
27641
27641
27641
27641
27641
27641
27641
27641
27641
27641
27641
27641
27641
27641
27641
27641
27641
27641
27641
27641
27641
27641
27641
27641
27641
27641
27641
27641
27641
27641
27641
27641
27641
27641
27641
27641
27641
27641
27641
27641
27641
27641
27641
27641
27641
27641
27641
27641
27641
27641
27641
27641
27641
27641
27641
27641
27641
27641
27641
27641
27641
27641
27641
27641
27641
27641
27641
27512
27512
27512
27512
27512
27512
27512
27512
27512
27504
27504
27504
27504
27504
27504
27504
27504
27504
27504
27504
