33733
33325
32123
32123
32123
32123
28267
28267
28267
28267
28267
28267
28267
28267
28267
28267
28267
28267
28267
28267
26752
26752
26752
26752
26752
26006
26006
26006
26006
26006
26006
26006
26006
26006
26006
26006
26006
26006
26006
26006
26006
26006
26006
26006
26006
26006
26006
26006
26006
26006
26006
26006
26006
26006
26006
26006
26006
26006
26006
26006
26006
26006
26006
26006
26006
26006
26006
26006
26006
26006
26006
26006
26006
26006
26006
26006
26006
26006
26006
26006
26006
26006
26006
26006
26006
26006
26006
26006
26006
26006
26006
26006
26006
26006
26006
26006
26006
26006
26006
26006
