31527
26664
26664
26664
26664
26664
26664
26664
26664
26664
26664
26664
26664
26664
26664
26664
26664
26664
26664
26664
26664
26664
26664
26664
26664
26664
26664
26664
26664
26664
26664
26664
26664
26664
26664
26664
26664
26664
26664
26664
26664
26664
26664
26664
26664
26664
26664
26664
26664
26664
26664
26664
26664
26664
26664
26664
26664
26664
26664
26664
26664
26664
26664
26664
26664
26664
26664
26664
26664
26664
26664
26664
26664
26664
26664
26664
26664
26664
26664
26664
26664
26664
26664
26664
26664
26664
26664
26664
26664
26664
26664
26664
26664
26664
26664
26664
26664
26664
26664
26664
