0	Solution - 38172	721	3229	482	0	71
1	Solution - 32373	736	3287	405	0	70
2	Solution - 28864	728	3272	336	0	74
3	Solution - 28864	728	3272	336	0	74
4	Solution - 28639	729	3273	347	0	71
5	Solution - 28639	729	3273	347	0	71
6	Solution - 28639	729	3273	347	0	71
7	Solution - 27484	732	3251	331	0	71
8	Solution - 27484	732	3251	331	0	71
9	Solution - 27484	732	3251	331	0	71
10	Solution - 27484	732	3251	331	0	71
11	Solution - 27484	732	3251	331	0	71
12	Solution - 27484	732	3251	331	0	71
13	Solution - 27484	732	3251	331	0	71
14	Solution - 27484	732	3251	331	0	71
15	Solution - 27484	732	3251	331	0	71
16	Solution - 27484	732	3251	331	0	71
17	Solution - 27484	732	3251	331	0	71
18	Solution - 27484	732	3251	331	0	71
19	Solution - 27484	732	3251	331	0	71
20	Solution - 27484	732	3251	331	0	71
21	Solution - 27484	732	3251	331	0	71
22	Solution - 27484	732	3251	331	0	71
23	Solution - 27484	732	3251	331	0	71
24	Solution - 27484	732	3251	331	0	71
25	Solution - 27484	732	3251	331	0	71
26	Solution - 27484	732	3251	331	0	71
27	Solution - 27484	732	3251	331	0	71
28	Solution - 27484	732	3251	331	0	71
29	Solution - 27484	732	3251	331	0	71
30	Solution - 27484	732	3251	331	0	71
31	Solution - 27484	732	3251	331	0	71
32	Solution - 27484	732	3251	331	0	71
33	Solution - 27484	732	3251	331	0	71
34	Solution - 27484	732	3251	331	0	71
35	Solution - 27484	732	3251	331	0	71
36	Solution - 27484	732	3251	331	0	71
37	Solution - 27484	732	3251	331	0	71
38	Solution - 27484	732	3251	331	0	71
39	Solution - 27484	732	3251	331	0	71
40	Solution - 27484	732	3251	331	0	71
41	Solution - 27484	732	3251	331	0	71
42	Solution - 27484	732	3251	331	0	71
43	Solution - 27484	732	3251	331	0	71
44	Solution - 27484	732	3251	331	0	71
45	Solution - 27484	732	3251	331	0	71
46	Solution - 27484	732	3251	331	0	71
47	Solution - 27484	732	3251	331	0	71
48	Solution - 27484	732	3251	331	0	71
49	Solution - 27484	732	3251	331	0	71
50	Solution - 27484	732	3251	331	0	71
51	Solution - 27484	732	3251	331	0	71
52	Solution - 27484	732	3251	331	0	71
53	Solution - 27484	732	3251	331	0	71
54	Solution - 27484	732	3251	331	0	71
55	Solution - 27484	732	3251	331	0	71
56	Solution - 27484	732	3251	331	0	71
57	Solution - 27484	732	3251	331	0	71
58	Solution - 27484	732	3251	331	0	71
59	Solution - 27484	732	3251	331	0	71
60	Solution - 27484	732	3251	331	0	71
61	Solution - 27484	732	3251	331	0	71
62	Solution - 27484	732	3251	331	0	71
63	Solution - 27484	732	3251	331	0	71
64	Solution - 27484	732	3251	331	0	71
65	Solution - 27484	732	3251	331	0	71
66	Solution - 27484	732	3251	331	0	71
67	Solution - 27193	728	3248	327	0	71
68	Solution - 27193	728	3248	327	0	71
69	Solution - 27193	728	3248	327	0	71
70	Solution - 27193	728	3248	327	0	71
71	Solution - 27193	728	3248	327	0	71
72	Solution - 26436	721	3245	321	0	70
73	Solution - 26436	721	3245	321	0	70
74	Solution - 26103	719	3216	326	0	68
75	Solution - 26103	719	3216	326	0	68
76	Solution - 26103	719	3216	326	0	68
77	Solution - 26103	719	3216	326	0	68
78	Solution - 26103	719	3216	326	0	68
79	Solution - 26103	719	3216	326	0	68
80	Solution - 26103	719	3216	326	0	68
81	Solution - 26103	719	3216	326	0	68
82	Solution - 26103	719	3216	326	0	68
83	Solution - 26103	719	3216	326	0	68
84	Solution - 26103	719	3216	326	0	68
85	Solution - 26103	719	3216	326	0	68
86	Solution - 26103	719	3216	326	0	68
87	Solution - 26103	719	3216	326	0	68
88	Solution - 26103	719	3216	326	0	68
89	Solution - 26103	719	3216	326	0	68
90	Solution - 26103	719	3216	326	0	68
91	Solution - 26103	719	3216	326	0	68
92	Solution - 26103	719	3216	326	0	68
93	Solution - 26103	719	3216	326	0	68
94	Solution - 26103	719	3216	326	0	68
95	Solution - 26103	719	3216	326	0	68
96	Solution - 26103	719	3216	326	0	68
97	Solution - 26103	719	3216	326	0	68
98	Solution - 26103	719	3216	326	0	68
99	Solution - 26103	719	3216	326	0	68
