0	Solution - 33698	724	3225	419	0	71
1	Solution - 29130	725	3275	359	0	70
2	Solution - 29130	725	3275	359	0	70
3	Solution - 29130	725	3275	359	0	70
4	Solution - 29130	725	3275	359	0	70
5	Solution - 29130	725	3275	359	0	70
6	Solution - 29130	725	3275	359	0	70
7	Solution - 29130	725	3275	359	0	70
8	Solution - 29130	725	3275	359	0	70
9	Solution - 29130	725	3275	359	0	70
10	Solution - 29130	725	3275	359	0	70
11	Solution - 29130	725	3275	359	0	70
12	Solution - 29130	725	3275	359	0	70
13	Solution - 29130	725	3275	359	0	70
14	Solution - 27479	700	3136	333	0	71
15	Solution - 27479	700	3136	333	0	71
16	Solution - 27479	700	3136	333	0	71
17	Solution - 27479	700	3136	333	0	71
18	Solution - 27479	700	3136	333	0	71
19	Solution - 27479	700	3136	333	0	71
20	Solution - 27479	700	3136	333	0	71
21	Solution - 27479	700	3136	333	0	71
22	Solution - 27479	700	3136	333	0	71
23	Solution - 27479	700	3136	333	0	71
24	Solution - 27060	706	3170	322	0	72
25	Solution - 27060	706	3170	322	0	72
26	Solution - 27060	706	3170	322	0	72
27	Solution - 27060	706	3170	322	0	72
28	Solution - 27060	706	3170	322	0	72
29	Solution - 27060	706	3170	322	0	72
30	Solution - 27060	706	3170	322	0	72
31	Solution - 27060	706	3170	322	0	72
32	Solution - 27060	706	3170	322	0	72
33	Solution - 27060	706	3170	322	0	72
34	Solution - 27060	706	3170	322	0	72
35	Solution - 27060	706	3170	322	0	72
36	Solution - 27060	706	3170	322	0	72
37	Solution - 27060	706	3170	322	0	72
38	Solution - 27060	706	3170	322	0	72
39	Solution - 27060	706	3170	322	0	72
40	Solution - 27060	706	3170	322	0	72
41	Solution - 27060	706	3170	322	0	72
42	Solution - 27060	706	3170	322	0	72
43	Solution - 27060	706	3170	322	0	72
44	Solution - 27060	706	3170	322	0	72
45	Solution - 27060	706	3170	322	0	72
46	Solution - 27060	706	3170	322	0	72
47	Solution - 27060	706	3170	322	0	72
48	Solution - 27060	706	3170	322	0	72
49	Solution - 27060	706	3170	322	0	72
50	Solution - 27060	706	3170	322	0	72
51	Solution - 27060	706	3170	322	0	72
52	Solution - 27060	706	3170	322	0	72
53	Solution - 27060	706	3170	322	0	72
54	Solution - 27060	706	3170	322	0	72
55	Solution - 27060	706	3170	322	0	72
56	Solution - 27060	706	3170	322	0	72
57	Solution - 27060	706	3170	322	0	72
58	Solution - 27060	706	3170	322	0	72
59	Solution - 27060	706	3170	322	0	72
60	Solution - 27060	706	3170	322	0	72
61	Solution - 27060	706	3170	322	0	72
62	Solution - 27060	706	3170	322	0	72
63	Solution - 27060	706	3170	322	0	72
64	Solution - 27060	706	3170	322	0	72
65	Solution - 27060	706	3170	322	0	72
66	Solution - 27060	706	3170	322	0	72
67	Solution - 27060	706	3170	322	0	72
68	Solution - 27060	706	3170	322	0	72
69	Solution - 27060	706	3170	322	0	72
70	Solution - 27060	706	3170	322	0	72
71	Solution - 27060	706	3170	322	0	72
72	Solution - 27060	706	3170	322	0	72
73	Solution - 27060	706	3170	322	0	72
74	Solution - 27060	706	3170	322	0	72
75	Solution - 27060	706	3170	322	0	72
76	Solution - 27060	706	3170	322	0	72
77	Solution - 27060	706	3170	322	0	72
78	Solution - 27060	706	3170	322	0	72
79	Solution - 27060	706	3170	322	0	72
80	Solution - 27060	706	3170	322	0	72
81	Solution - 27060	706	3170	322	0	72
82	Solution - 27060	706	3170	322	0	72
83	Solution - 27060	706	3170	322	0	72
84	Solution - 27060	706	3170	322	0	72
85	Solution - 27060	706	3170	322	0	72
86	Solution - 27060	706	3170	322	0	72
87	Solution - 27060	706	3170	322	0	72
88	Solution - 27060	706	3170	322	0	72
89	Solution - 27060	706	3170	322	0	72
90	Solution - 27060	706	3170	322	0	72
91	Solution - 27060	706	3170	322	0	72
92	Solution - 27060	706	3170	322	0	72
93	Solution - 27060	706	3170	322	0	72
94	Solution - 27060	706	3170	322	0	72
95	Solution - 27060	706	3170	322	0	72
96	Solution - 27060	706	3170	322	0	72
97	Solution - 27060	706	3170	322	0	72
98	Solution - 27060	706	3170	322	0	72
99	Solution - 27060	706	3170	322	0	72
