0	Solution - 33057	736	3282	409	0	71
1	Solution - 31620	722	3248	395	0	70
2	Solution - 31620	722	3248	395	0	70
3	Solution - 27496	727	3249	336	0	70
4	Solution - 27496	727	3249	336	0	70
5	Solution - 27496	727	3249	336	0	70
6	Solution - 27496	727	3249	336	0	70
7	Solution - 27496	727	3249	336	0	70
8	Solution - 27496	727	3249	336	0	70
9	Solution - 27496	727	3249	336	0	70
10	Solution - 27496	727	3249	336	0	70
11	Solution - 27496	727	3249	336	0	70
12	Solution - 27496	727	3249	336	0	70
13	Solution - 27496	727	3249	336	0	70
14	Solution - 27496	727	3249	336	0	70
15	Solution - 27496	727	3249	336	0	70
16	Solution - 27496	727	3249	336	0	70
17	Solution - 27496	727	3249	336	0	70
18	Solution - 27496	727	3249	336	0	70
19	Solution - 27496	727	3249	336	0	70
20	Solution - 27496	727	3249	336	0	70
21	Solution - 27496	727	3249	336	0	70
22	Solution - 27496	727	3249	336	0	70
23	Solution - 27496	727	3249	336	0	70
24	Solution - 27072	709	3179	336	0	69
25	Solution - 27072	709	3179	336	0	69
26	Solution - 27072	709	3179	336	0	69
27	Solution - 27072	709	3179	336	0	69
28	Solution - 27072	709	3179	336	0	69
29	Solution - 27072	709	3179	336	0	69
30	Solution - 27072	709	3179	336	0	69
31	Solution - 27072	709	3179	336	0	69
32	Solution - 27072	709	3179	336	0	69
33	Solution - 27072	709	3179	336	0	69
34	Solution - 27072	709	3179	336	0	69
35	Solution - 27072	709	3179	336	0	69
36	Solution - 27072	709	3179	336	0	69
37	Solution - 27072	709	3179	336	0	69
38	Solution - 27072	709	3179	336	0	69
39	Solution - 27072	709	3179	336	0	69
40	Solution - 27072	709	3179	336	0	69
41	Solution - 27072	709	3179	336	0	69
42	Solution - 27072	709	3179	336	0	69
43	Solution - 27072	709	3179	336	0	69
44	Solution - 27072	709	3179	336	0	69
45	Solution - 27072	709	3179	336	0	69
46	Solution - 27072	709	3179	336	0	69
47	Solution - 27072	709	3179	336	0	69
48	Solution - 27072	709	3179	336	0	69
49	Solution - 27072	709	3179	336	0	69
50	Solution - 27072	709	3179	336	0	69
51	Solution - 27072	709	3179	336	0	69
52	Solution - 27072	709	3179	336	0	69
53	Solution - 27072	709	3179	336	0	69
54	Solution - 27072	709	3179	336	0	69
55	Solution - 27072	709	3179	336	0	69
56	Solution - 27072	709	3179	336	0	69
57	Solution - 27072	709	3179	336	0	69
58	Solution - 27072	709	3179	336	0	69
59	Solution - 27072	709	3179	336	0	69
60	Solution - 27072	709	3179	336	0	69
61	Solution - 27072	709	3179	336	0	69
62	Solution - 27072	709	3179	336	0	69
63	Solution - 27072	709	3179	336	0	69
64	Solution - 27072	709	3179	336	0	69
65	Solution - 27072	709	3179	336	0	69
66	Solution - 27072	709	3179	336	0	69
67	Solution - 27072	709	3179	336	0	69
68	Solution - 27072	709	3179	336	0	69
69	Solution - 27072	709	3179	336	0	69
70	Solution - 27072	709	3179	336	0	69
71	Solution - 27072	709	3179	336	0	69
72	Solution - 27072	709	3179	336	0	69
73	Solution - 27072	709	3179	336	0	69
74	Solution - 26470	707	3185	318	0	71
75	Solution - 26470	707	3185	318	0	71
76	Solution - 26470	707	3185	318	0	71
77	Solution - 26470	707	3185	318	0	71
78	Solution - 26470	707	3185	318	0	71
79	Solution - 26470	707	3185	318	0	71
80	Solution - 26470	707	3185	318	0	71
81	Solution - 26470	707	3185	318	0	71
82	Solution - 26470	707	3185	318	0	71
83	Solution - 26470	707	3185	318	0	71
84	Solution - 26470	707	3185	318	0	71
85	Solution - 26470	707	3185	318	0	71
86	Solution - 26470	707	3185	318	0	71
87	Solution - 26470	707	3185	318	0	71
88	Solution - 26470	707	3185	318	0	71
89	Solution - 26470	707	3185	318	0	71
90	Solution - 26470	707	3185	318	0	71
91	Solution - 26470	707	3185	318	0	71
92	Solution - 26470	707	3185	318	0	71
93	Solution - 26470	707	3185	318	0	71
94	Solution - 26470	707	3185	318	0	71
95	Solution - 26470	707	3185	318	0	71
96	Solution - 26470	707	3185	318	0	71
97	Solution - 26470	707	3185	318	0	71
98	Solution - 26470	707	3185	318	0	71
99	Solution - 26470	707	3185	318	0	71
