32254
32254
29328
25949
25949
25949
25949
25949
25949
25949
25949
25949
25949
25949
25949
25949
25949
25949
25949
25949
25949
25949
25949
25949
25949
25949
25949
25949
25949
25949
25949
25949
25949
25949
25949
25949
25949
25949
25949
25949
25949
25949
25949
25949
25949
25949
25949
25949
25949
25949
25949
25949
25949
25949
25949
25949
25949
25949
25949
25949
25949
25949
25949
25949
25949
25949
25949
25949
25949
25949
25949
25949
25949
25949
25949
25949
25949
25949
25949
25949
25949
25949
25949
25949
25949
25949
25949
25949
25949
25949
25949
25949
25949
25949
25949
25949
25949
25949
25949
25949
