0	Solution - 33733	727	3270	413	0	72
1	Solution - 33325	717	3208	420	0	70
2	Solution - 32123	727	3256	402	0	70
3	Solution - 32123	727	3256	402	0	70
4	Solution - 32123	727	3256	402	0	70
5	Solution - 32123	727	3256	402	0	70
6	Solution - 28267	732	3245	347	1	70
7	Solution - 28267	732	3245	347	1	70
8	Solution - 28267	732	3245	347	1	70
9	Solution - 28267	732	3245	347	1	70
10	Solution - 28267	732	3245	347	1	70
11	Solution - 28267	732	3245	347	1	70
12	Solution - 28267	732	3245	347	1	70
13	Solution - 28267	732	3245	347	1	70
14	Solution - 28267	732	3245	347	1	70
15	Solution - 28267	732	3245	347	1	70
16	Solution - 28267	732	3245	347	1	70
17	Solution - 28267	732	3245	347	1	70
18	Solution - 28267	732	3245	347	1	70
19	Solution - 28267	732	3245	347	1	70
20	Solution - 26752	712	3193	341	0	67
21	Solution - 26752	712	3193	341	0	67
22	Solution - 26752	712	3193	341	0	67
23	Solution - 26752	712	3193	341	0	67
24	Solution - 26752	712	3193	341	0	67
25	Solution - 26006	702	3152	312	0	71
26	Solution - 26006	702	3152	312	0	71
27	Solution - 26006	702	3152	312	0	71
28	Solution - 26006	702	3152	312	0	71
29	Solution - 26006	702	3152	312	0	71
30	Solution - 26006	702	3152	312	0	71
31	Solution - 26006	702	3152	312	0	71
32	Solution - 26006	702	3152	312	0	71
33	Solution - 26006	702	3152	312	0	71
34	Solution - 26006	702	3152	312	0	71
35	Solution - 26006	702	3152	312	0	71
36	Solution - 26006	702	3152	312	0	71
37	Solution - 26006	702	3152	312	0	71
38	Solution - 26006	702	3152	312	0	71
39	Solution - 26006	702	3152	312	0	71
40	Solution - 26006	702	3152	312	0	71
41	Solution - 26006	702	3152	312	0	71
42	Solution - 26006	702	3152	312	0	71
43	Solution - 26006	702	3152	312	0	71
44	Solution - 26006	702	3152	312	0	71
45	Solution - 26006	702	3152	312	0	71
46	Solution - 26006	702	3152	312	0	71
47	Solution - 26006	702	3152	312	0	71
48	Solution - 26006	702	3152	312	0	71
49	Solution - 26006	702	3152	312	0	71
50	Solution - 26006	702	3152	312	0	71
51	Solution - 26006	702	3152	312	0	71
52	Solution - 26006	702	3152	312	0	71
53	Solution - 26006	702	3152	312	0	71
54	Solution - 26006	702	3152	312	0	71
55	Solution - 26006	702	3152	312	0	71
56	Solution - 26006	702	3152	312	0	71
57	Solution - 26006	702	3152	312	0	71
58	Solution - 26006	702	3152	312	0	71
59	Solution - 26006	702	3152	312	0	71
60	Solution - 26006	702	3152	312	0	71
61	Solution - 26006	702	3152	312	0	71
62	Solution - 26006	702	3152	312	0	71
63	Solution - 26006	702	3152	312	0	71
64	Solution - 26006	702	3152	312	0	71
65	Solution - 26006	702	3152	312	0	71
66	Solution - 26006	702	3152	312	0	71
67	Solution - 26006	702	3152	312	0	71
68	Solution - 26006	702	3152	312	0	71
69	Solution - 26006	702	3152	312	0	71
70	Solution - 26006	702	3152	312	0	71
71	Solution - 26006	702	3152	312	0	71
72	Solution - 26006	702	3152	312	0	71
73	Solution - 26006	702	3152	312	0	71
74	Solution - 26006	702	3152	312	0	71
75	Solution - 26006	702	3152	312	0	71
76	Solution - 26006	702	3152	312	0	71
77	Solution - 26006	702	3152	312	0	71
78	Solution - 26006	702	3152	312	0	71
79	Solution - 26006	702	3152	312	0	71
80	Solution - 26006	702	3152	312	0	71
81	Solution - 26006	702	3152	312	0	71
82	Solution - 26006	702	3152	312	0	71
83	Solution - 26006	702	3152	312	0	71
84	Solution - 26006	702	3152	312	0	71
85	Solution - 26006	702	3152	312	0	71
86	Solution - 26006	702	3152	312	0	71
87	Solution - 26006	702	3152	312	0	71
88	Solution - 26006	702	3152	312	0	71
89	Solution - 26006	702	3152	312	0	71
90	Solution - 26006	702	3152	312	0	71
91	Solution - 26006	702	3152	312	0	71
92	Solution - 26006	702	3152	312	0	71
93	Solution - 26006	702	3152	312	0	71
94	Solution - 26006	702	3152	312	0	71
95	Solution - 26006	702	3152	312	0	71
96	Solution - 26006	702	3152	312	0	71
97	Solution - 26006	702	3152	312	0	71
98	Solution - 26006	702	3152	312	0	71
99	Solution - 26006	702	3152	312	0	71
