0	Solution - 31413	739	3314	380	0	72
1	Solution - 31387	725	3222	392	0	70
2	Solution - 31092	705	3171	378	0	72
3	Solution - 31092	705	3171	378	0	72
4	Solution - 31092	705	3171	378	0	72
5	Solution - 29318	717	3191	363	0	70
6	Solution - 28950	719	3207	368	0	68
7	Solution - 28950	719	3207	368	0	68
8	Solution - 28950	719	3207	368	0	68
9	Solution - 28950	719	3207	368	0	68
10	Solution - 28950	719	3207	368	0	68
11	Solution - 28950	719	3207	368	0	68
12	Solution - 27936	731	3262	347	0	69
13	Solution - 27936	731	3262	347	0	69
14	Solution - 27936	731	3262	347	0	69
15	Solution - 27936	731	3262	347	0	69
16	Solution - 27936	731	3262	347	0	69
17	Solution - 27936	731	3262	347	0	69
18	Solution - 27936	731	3262	347	0	69
19	Solution - 27936	731	3262	347	0	69
20	Solution - 27936	731	3262	347	0	69
21	Solution - 27834	729	3253	356	0	67
22	Solution - 27834	729	3253	356	0	67
23	Solution - 27834	729	3253	356	0	67
24	Solution - 27834	729	3253	356	0	67
25	Solution - 27834	729	3253	356	0	67
26	Solution - 27834	729	3253	356	0	67
27	Solution - 27834	729	3253	356	0	67
28	Solution - 27834	729	3253	356	0	67
29	Solution - 27834	729	3253	356	0	67
30	Solution - 27834	729	3253	356	0	67
31	Solution - 27834	729	3253	356	0	67
32	Solution - 27834	729	3253	356	0	67
33	Solution - 27834	729	3253	356	0	67
34	Solution - 27834	729	3253	356	0	67
35	Solution - 27834	729	3253	356	0	67
36	Solution - 27569	714	3195	338	0	70
37	Solution - 27569	714	3195	338	0	70
38	Solution - 27569	714	3195	338	0	70
39	Solution - 27569	714	3195	338	0	70
40	Solution - 27569	714	3195	338	0	70
41	Solution - 27569	714	3195	338	0	70
42	Solution - 27569	714	3195	338	0	70
43	Solution - 26516	724	3214	318	0	71
44	Solution - 26516	724	3214	318	0	71
45	Solution - 26516	724	3214	318	0	71
46	Solution - 26516	724	3214	318	0	71
47	Solution - 26516	724	3214	318	0	71
48	Solution - 26516	724	3214	318	0	71
49	Solution - 26516	724	3214	318	0	71
50	Solution - 26516	724	3214	318	0	71
51	Solution - 26516	724	3214	318	0	71
52	Solution - 26516	724	3214	318	0	71
53	Solution - 26516	724	3214	318	0	71
54	Solution - 26516	724	3214	318	0	71
55	Solution - 26516	724	3214	318	0	71
56	Solution - 26516	724	3214	318	0	71
57	Solution - 26516	724	3214	318	0	71
58	Solution - 26516	724	3214	318	0	71
59	Solution - 26516	724	3214	318	0	71
60	Solution - 26516	724	3214	318	0	71
61	Solution - 26516	724	3214	318	0	71
62	Solution - 26516	724	3214	318	0	71
63	Solution - 26516	724	3214	318	0	71
64	Solution - 26516	724	3214	318	0	71
65	Solution - 26516	724	3214	318	0	71
66	Solution - 26516	724	3214	318	0	71
67	Solution - 26516	724	3214	318	0	71
68	Solution - 26516	724	3214	318	0	71
69	Solution - 26516	724	3214	318	0	71
70	Solution - 26516	724	3214	318	0	71
71	Solution - 26516	724	3214	318	0	71
72	Solution - 26516	724	3214	318	0	71
73	Solution - 26516	724	3214	318	0	71
74	Solution - 26516	724	3214	318	0	71
75	Solution - 26516	724	3214	318	0	71
76	Solution - 26516	724	3214	318	0	71
77	Solution - 26516	724	3214	318	0	71
78	Solution - 26516	724	3214	318	0	71
79	Solution - 26516	724	3214	318	0	71
80	Solution - 26516	724	3214	318	0	71
81	Solution - 26516	724	3214	318	0	71
82	Solution - 26516	724	3214	318	0	71
83	Solution - 26516	724	3214	318	0	71
84	Solution - 26516	724	3214	318	0	71
85	Solution - 26516	724	3214	318	0	71
86	Solution - 26516	724	3214	318	0	71
87	Solution - 26516	724	3214	318	0	71
88	Solution - 26516	724	3214	318	0	71
89	Solution - 26516	724	3214	318	0	71
90	Solution - 26516	724	3214	318	0	71
91	Solution - 26516	724	3214	318	0	71
92	Solution - 26516	724	3214	318	0	71
93	Solution - 26516	724	3214	318	0	71
94	Solution - 26516	724	3214	318	0	71
95	Solution - 26516	724	3214	318	0	71
96	Solution - 26516	724	3214	318	0	71
97	Solution - 26516	724	3214	318	0	71
98	Solution - 26516	724	3214	318	0	71
99	Solution - 26516	724	3214	318	0	71
