33698
29130
29130
29130
29130
29130
29130
29130
29130
29130
29130
29130
29130
29130
27479
27479
27479
27479
27479
27479
27479
27479
27479
27479
27060
27060
27060
27060
27060
27060
27060
27060
27060
27060
27060
27060
27060
27060
27060
27060
27060
27060
27060
27060
27060
27060
27060
27060
27060
27060
27060
27060
27060
27060
27060
27060
27060
27060
27060
27060
27060
27060
27060
27060
27060
27060
27060
27060
27060
27060
27060
27060
27060
27060
27060
27060
27060
27060
27060
27060
27060
27060
27060
27060
27060
27060
27060
27060
27060
27060
27060
27060
27060
27060
27060
27060
27060
27060
27060
27060
