32314
27082
27082
27082
27082
27082
27082
24930
24930
24930
24930
24930
24930
24930
24930
24930
24930
24930
24930
24930
24930
24930
24930
24930
24930
24930
24930
24930
24930
24930
24930
24930
24930
24930
24930
24930
24930
24930
24930
24930
24930
24930
24930
24930
24930
24930
24930
24930
24930
24930
24930
24930
24930
24930
24930
24930
24930
24930
24930
24930
24930
24930
24930
24930
24930
24930
24930
24930
24930
24930
24930
24930
24930
24930
24930
24930
24905
24905
24905
24905
24905
24905
24905
24905
24905
24905
24905
24905
24905
24905
24905
24905
24905
24905
24905
24905
24905
24905
24905
24905
