0	Solution - 36077	734	3303	445	0	72
1	Solution - 33508	714	3187	417	0	71
2	Solution - 30578	724	3254	380	0	70
3	Solution - 30578	724	3254	380	0	70
4	Solution - 30578	724	3254	380	0	70
5	Solution - 30578	724	3254	380	0	70
6	Solution - 30383	728	3228	383	0	69
7	Solution - 30383	728	3228	383	0	69
8	Solution - 30383	728	3228	383	0	69
9	Solution - 30383	728	3228	383	0	69
10	Solution - 30383	728	3228	383	0	69
11	Solution - 30383	728	3228	383	0	69
12	Solution - 30383	728	3228	383	0	69
13	Solution - 30383	728	3228	383	0	69
14	Solution - 30383	728	3228	383	0	69
15	Solution - 30383	728	3228	383	0	69
16	Solution - 28056	723	3243	330	0	73
17	Solution - 28056	723	3243	330	0	73
18	Solution - 28056	723	3243	330	0	73
19	Solution - 27647	730	3274	333	0	71
20	Solution - 27647	730	3274	333	0	71
21	Solution - 27647	730	3274	333	0	71
22	Solution - 27647	730	3274	333	0	71
23	Solution - 27647	730	3274	333	0	71
24	Solution - 27647	730	3274	333	0	71
25	Solution - 27647	730	3274	333	0	71
26	Solution - 27647	730	3274	333	0	71
27	Solution - 27647	730	3274	333	0	71
28	Solution - 27647	730	3274	333	0	71
29	Solution - 27647	730	3274	333	0	71
30	Solution - 27647	730	3274	333	0	71
31	Solution - 27647	730	3274	333	0	71
32	Solution - 27647	730	3274	333	0	71
33	Solution - 27647	730	3274	333	0	71
34	Solution - 27647	730	3274	333	0	71
35	Solution - 27647	730	3274	333	0	71
36	Solution - 27647	730	3274	333	0	71
37	Solution - 27647	730	3274	333	0	71
38	Solution - 27647	730	3274	333	0	71
39	Solution - 27647	730	3274	333	0	71
40	Solution - 27647	730	3274	333	0	71
41	Solution - 27647	730	3274	333	0	71
42	Solution - 26805	715	3176	342	0	67
43	Solution - 26805	715	3176	342	0	67
44	Solution - 26805	715	3176	342	0	67
45	Solution - 26805	715	3176	342	0	67
46	Solution - 26805	715	3176	342	0	67
47	Solution - 26805	715	3176	342	0	67
48	Solution - 26805	715	3176	342	0	67
49	Solution - 26805	715	3176	342	0	67
50	Solution - 26805	715	3176	342	0	67
51	Solution - 26805	715	3176	342	0	67
52	Solution - 26805	715	3176	342	0	67
53	Solution - 26805	715	3176	342	0	67
54	Solution - 26805	715	3176	342	0	67
55	Solution - 26805	715	3176	342	0	67
56	Solution - 26805	715	3176	342	0	67
57	Solution - 26805	715	3176	342	0	67
58	Solution - 26805	715	3176	342	0	67
59	Solution - 26805	715	3176	342	0	67
60	Solution - 26805	715	3176	342	0	67
61	Solution - 26805	715	3176	342	0	67
62	Solution - 26805	715	3176	342	0	67
63	Solution - 26805	715	3176	342	0	67
64	Solution - 26805	715	3176	342	0	67
65	Solution - 26805	715	3176	342	0	67
66	Solution - 26805	715	3176	342	0	67
67	Solution - 26805	715	3176	342	0	67
68	Solution - 26805	715	3176	342	0	67
69	Solution - 26805	715	3176	342	0	67
70	Solution - 26805	715	3176	342	0	67
71	Solution - 26805	715	3176	342	0	67
72	Solution - 26805	715	3176	342	0	67
73	Solution - 26805	715	3176	342	0	67
74	Solution - 26805	715	3176	342	0	67
75	Solution - 26805	715	3176	342	0	67
76	Solution - 26805	715	3176	342	0	67
77	Solution - 26805	715	3176	342	0	67
78	Solution - 26805	715	3176	342	0	67
79	Solution - 26805	715	3176	342	0	67
80	Solution - 26805	715	3176	342	0	67
81	Solution - 26805	715	3176	342	0	67
82	Solution - 26805	715	3176	342	0	67
83	Solution - 26805	715	3176	342	0	67
84	Solution - 26805	715	3176	342	0	67
85	Solution - 26805	715	3176	342	0	67
86	Solution - 26805	715	3176	342	0	67
87	Solution - 26805	715	3176	342	0	67
88	Solution - 26805	715	3176	342	0	67
89	Solution - 26805	715	3176	342	0	67
90	Solution - 26805	715	3176	342	0	67
91	Solution - 26805	715	3176	342	0	67
92	Solution - 26805	715	3176	342	0	67
93	Solution - 26805	715	3176	342	0	67
94	Solution - 26805	715	3176	342	0	67
95	Solution - 26805	715	3176	342	0	67
96	Solution - 26805	715	3176	342	0	67
97	Solution - 26805	715	3176	342	0	67
98	Solution - 26805	715	3176	342	0	67
99	Solution - 26805	715	3176	342	0	67
