31551
29910
29910
29910
29910
29910
29910
28640
28640
28640
28640
28640
28640
28640
28640
28640
28640
28640
28640
28640
28640
28640
28640
28640
27989
27989
24596
24596
24596
24596
24596
24596
24596
24596
24596
24596
24596
24596
24596
24596
24596
24596
24596
24596
24596
24596
24596
24596
24596
24596
24596
24596
24596
24596
24596
24596
24596
24596
24596
24596
24596
24596
24596
24596
24596
24596
24596
24596
24596
24596
24596
24596
24596
24596
24596
24596
24596
24596
24596
24596
24596
24596
24596
24596
24596
24596
24596
24596
24596
24596
24596
24596
24596
24596
24596
24596
24596
24596
24596
24596
