27612
27612
27612
27612
27612
27612
27612
27612
27612
27612
27612
27612
27612
27612
27612
27612
27612
27612
27612
27612
27612
27612
27612
27612
25017
25017
25017
25017
25017
25017
25017
25017
25017
25017
25017
25017
25017
25017
25017
25017
25017
25017
25017
25017
25017
25017
25017
25017
25017
25017
25017
25017
25017
25017
25017
25017
25017
25017
25017
25017
25017
25017
25017
25017
25017
25017
25017
25017
25017
25017
25017
25017
25017
25017
25017
25017
25017
25017
25017
25017
25017
25017
25017
25017
25017
25017
25017
25017
25017
25017
25017
25017
25017
25017
25017
25017
25017
25017
25017
25017
