0	Solution - 29189	725	3264	350	0	72
1	Solution - 29189	725	3264	350	0	72
2	Solution - 29189	725	3264	350	0	72
3	Solution - 29189	725	3264	350	0	72
4	Solution - 29189	725	3264	350	0	72
5	Solution - 29189	725	3264	350	0	72
6	Solution - 29189	725	3264	350	0	72
7	Solution - 29189	725	3264	350	0	72
8	Solution - 29189	725	3264	350	0	72
9	Solution - 29189	725	3264	350	0	72
10	Solution - 29189	725	3264	350	0	72
11	Solution - 29189	725	3264	350	0	72
12	Solution - 29189	725	3264	350	0	72
13	Solution - 29189	725	3264	350	0	72
14	Solution - 29189	725	3264	350	0	72
15	Solution - 29189	725	3264	350	0	72
16	Solution - 28617	740	3313	356	0	69
17	Solution - 28617	740	3313	356	0	69
18	Solution - 28617	740	3313	356	0	69
19	Solution - 28617	740	3313	356	0	69
20	Solution - 28617	740	3313	356	0	69
21	Solution - 28617	740	3313	356	0	69
22	Solution - 26467	727	3270	321	0	70
23	Solution - 25406	728	3258	306	0	70
24	Solution - 25406	728	3258	306	0	70
25	Solution - 25406	728	3258	306	0	70
26	Solution - 25406	728	3258	306	0	70
27	Solution - 25406	728	3258	306	0	70
28	Solution - 25406	728	3258	306	0	70
29	Solution - 25406	728	3258	306	0	70
30	Solution - 25406	728	3258	306	0	70
31	Solution - 25406	728	3258	306	0	70
32	Solution - 25406	728	3258	306	0	70
33	Solution - 25406	728	3258	306	0	70
34	Solution - 25406	728	3258	306	0	70
35	Solution - 25406	728	3258	306	0	70
36	Solution - 25406	728	3258	306	0	70
37	Solution - 25406	728	3258	306	0	70
38	Solution - 25406	728	3258	306	0	70
39	Solution - 25406	728	3258	306	0	70
40	Solution - 25406	728	3258	306	0	70
41	Solution - 25406	728	3258	306	0	70
42	Solution - 25406	728	3258	306	0	70
43	Solution - 25406	728	3258	306	0	70
44	Solution - 25406	728	3258	306	0	70
45	Solution - 25406	728	3258	306	0	70
46	Solution - 25406	728	3258	306	0	70
47	Solution - 25406	728	3258	306	0	70
48	Solution - 25406	728	3258	306	0	70
49	Solution - 25406	728	3258	306	0	70
50	Solution - 25406	728	3258	306	0	70
51	Solution - 25406	728	3258	306	0	70
52	Solution - 25406	728	3258	306	0	70
53	Solution - 25406	728	3258	306	0	70
54	Solution - 25406	728	3258	306	0	70
55	Solution - 25406	728	3258	306	0	70
56	Solution - 25406	728	3258	306	0	70
57	Solution - 25406	728	3258	306	0	70
58	Solution - 25406	728	3258	306	0	70
59	Solution - 25406	728	3258	306	0	70
60	Solution - 25406	728	3258	306	0	70
61	Solution - 25406	728	3258	306	0	70
62	Solution - 25406	728	3258	306	0	70
63	Solution - 25406	728	3258	306	0	70
64	Solution - 25406	728	3258	306	0	70
65	Solution - 25406	728	3258	306	0	70
66	Solution - 25406	728	3258	306	0	70
67	Solution - 25406	728	3258	306	0	70
68	Solution - 25406	728	3258	306	0	70
69	Solution - 25406	728	3258	306	0	70
70	Solution - 25406	728	3258	306	0	70
71	Solution - 25406	728	3258	306	0	70
72	Solution - 25406	728	3258	306	0	70
73	Solution - 25406	728	3258	306	0	70
74	Solution - 25406	728	3258	306	0	70
75	Solution - 25406	728	3258	306	0	70
76	Solution - 25406	728	3258	306	0	70
77	Solution - 25406	728	3258	306	0	70
78	Solution - 25406	728	3258	306	0	70
79	Solution - 25406	728	3258	306	0	70
80	Solution - 25406	728	3258	306	0	70
81	Solution - 25406	728	3258	306	0	70
82	Solution - 25406	728	3258	306	0	70
83	Solution - 25406	728	3258	306	0	70
84	Solution - 25406	728	3258	306	0	70
85	Solution - 25406	728	3258	306	0	70
86	Solution - 25406	728	3258	306	0	70
87	Solution - 25406	728	3258	306	0	70
88	Solution - 25406	728	3258	306	0	70
89	Solution - 25406	728	3258	306	0	70
90	Solution - 25406	728	3258	306	0	70
91	Solution - 25406	728	3258	306	0	70
92	Solution - 25406	728	3258	306	0	70
93	Solution - 25406	728	3258	306	0	70
94	Solution - 25406	728	3258	306	0	70
95	Solution - 25406	728	3258	306	0	70
96	Solution - 25406	728	3258	306	0	70
97	Solution - 25406	728	3258	306	0	70
98	Solution - 25406	728	3258	306	0	70
99	Solution - 25406	728	3258	306	0	70
