30543
30543
28336
28336
28336
28336
28336
28336
28336
28336
28336
28336
28336
28336
28336
28323
28323
28323
28323
28323
28323
28323
28323
28323
28323
28323
28323
28323
28323
28323
28323
28323
28323
28323
28323
28323
28323
28323
28323
28323
28323
28323
28323
28323
28323
28323
28323
28323
26760
26760
26342
26342
26342
26342
26342
26342
26342
26342
26342
26342
26342
26342
26342
26342
26342
26342
26342
26342
26342
26342
26342
26342
26342
26342
26342
26342
26342
26342
26342
26342
26342
26342
26342
26342
26342
26342
26342
26342
26342
26342
26342
26342
26342
26342
26342
26342
26342
26342
26342
26342
