36327
28151
28151
28151
28151
28151
28151
28151
25710
25710
25710
25710
25710
25710
25710
25710
25710
25710
25710
25710
25710
25710
25710
25710
25710
25710
25710
25710
25710
25710
25710
25710
25710
25710
25710
25710
25710
25710
25710
25710
25710
25710
25710
25710
25710
25710
25710
25710
25710
25710
25710
25710
25710
25710
25710
25710
25710
25710
25710
25710
25710
25710
25710
25710
25710
25710
25710
25710
25710
25710
25710
25710
25710
25710
25710
25710
25710
25710
25710
25710
25710
25710
25710
25710
25710
25710
25710
25710
25710
25710
25710
25710
25710
25710
25710
25710
25710
25710
25710
25710
