0	Solution - 31551	723	3248	394	0	70
1	Solution - 29910	712	3185	377	0	69
2	Solution - 29910	712	3185	377	0	69
3	Solution - 29910	712	3185	377	0	69
4	Solution - 29910	712	3185	377	0	69
5	Solution - 29910	712	3185	377	0	69
6	Solution - 29910	712	3185	377	0	69
7	Solution - 28640	704	3156	354	0	70
8	Solution - 28640	704	3156	354	0	70
9	Solution - 28640	704	3156	354	0	70
10	Solution - 28640	704	3156	354	0	70
11	Solution - 28640	704	3156	354	0	70
12	Solution - 28640	704	3156	354	0	70
13	Solution - 28640	704	3156	354	0	70
14	Solution - 28640	704	3156	354	0	70
15	Solution - 28640	704	3156	354	0	70
16	Solution - 28640	704	3156	354	0	70
17	Solution - 28640	704	3156	354	0	70
18	Solution - 28640	704	3156	354	0	70
19	Solution - 28640	704	3156	354	0	70
20	Solution - 28640	704	3156	354	0	70
21	Solution - 28640	704	3156	354	0	70
22	Solution - 28640	704	3156	354	0	70
23	Solution - 28640	704	3156	354	0	70
24	Solution - 27989	723	3268	338	0	71
25	Solution - 27989	723	3268	338	0	71
26	Solution - 24596	732	3274	290	0	71
27	Solution - 24596	732	3274	290	0	71
28	Solution - 24596	732	3274	290	0	71
29	Solution - 24596	732	3274	290	0	71
30	Solution - 24596	732	3274	290	0	71
31	Solution - 24596	732	3274	290	0	71
32	Solution - 24596	732	3274	290	0	71
33	Solution - 24596	732	3274	290	0	71
34	Solution - 24596	732	3274	290	0	71
35	Solution - 24596	732	3274	290	0	71
36	Solution - 24596	732	3274	290	0	71
37	Solution - 24596	732	3274	290	0	71
38	Solution - 24596	732	3274	290	0	71
39	Solution - 24596	732	3274	290	0	71
40	Solution - 24596	732	3274	290	0	71
41	Solution - 24596	732	3274	290	0	71
42	Solution - 24596	732	3274	290	0	71
43	Solution - 24596	732	3274	290	0	71
44	Solution - 24596	732	3274	290	0	71
45	Solution - 24596	732	3274	290	0	71
46	Solution - 24596	732	3274	290	0	71
47	Solution - 24596	732	3274	290	0	71
48	Solution - 24596	732	3274	290	0	71
49	Solution - 24596	732	3274	290	0	71
50	Solution - 24596	732	3274	290	0	71
51	Solution - 24596	732	3274	290	0	71
52	Solution - 24596	732	3274	290	0	71
53	Solution - 24596	732	3274	290	0	71
54	Solution - 24596	732	3274	290	0	71
55	Solution - 24596	732	3274	290	0	71
56	Solution - 24596	732	3274	290	0	71
57	Solution - 24596	732	3274	290	0	71
58	Solution - 24596	732	3274	290	0	71
59	Solution - 24596	732	3274	290	0	71
60	Solution - 24596	732	3274	290	0	71
61	Solution - 24596	732	3274	290	0	71
62	Solution - 24596	732	3274	290	0	71
63	Solution - 24596	732	3274	290	0	71
64	Solution - 24596	732	3274	290	0	71
65	Solution - 24596	732	3274	290	0	71
66	Solution - 24596	732	3274	290	0	71
67	Solution - 24596	732	3274	290	0	71
68	Solution - 24596	732	3274	290	0	71
69	Solution - 24596	732	3274	290	0	71
70	Solution - 24596	732	3274	290	0	71
71	Solution - 24596	732	3274	290	0	71
72	Solution - 24596	732	3274	290	0	71
73	Solution - 24596	732	3274	290	0	71
74	Solution - 24596	732	3274	290	0	71
75	Solution - 24596	732	3274	290	0	71
76	Solution - 24596	732	3274	290	0	71
77	Solution - 24596	732	3274	290	0	71
78	Solution - 24596	732	3274	290	0	71
79	Solution - 24596	732	3274	290	0	71
80	Solution - 24596	732	3274	290	0	71
81	Solution - 24596	732	3274	290	0	71
82	Solution - 24596	732	3274	290	0	71
83	Solution - 24596	732	3274	290	0	71
84	Solution - 24596	732	3274	290	0	71
85	Solution - 24596	732	3274	290	0	71
86	Solution - 24596	732	3274	290	0	71
87	Solution - 24596	732	3274	290	0	71
88	Solution - 24596	732	3274	290	0	71
89	Solution - 24596	732	3274	290	0	71
90	Solution - 24596	732	3274	290	0	71
91	Solution - 24596	732	3274	290	0	71
92	Solution - 24596	732	3274	290	0	71
93	Solution - 24596	732	3274	290	0	71
94	Solution - 24596	732	3274	290	0	71
95	Solution - 24596	732	3274	290	0	71
96	Solution - 24596	732	3274	290	0	71
97	Solution - 24596	732	3274	290	0	71
98	Solution - 24596	732	3274	290	0	71
99	Solution - 24596	732	3274	290	0	71
