0	Solution - 32743	728	3251	423	0	68
1	Solution - 31849	713	3206	399	0	70
2	Solution - 31849	713	3206	399	0	70
3	Solution - 31849	713	3206	399	0	70
4	Solution - 31849	713	3206	399	0	70
5	Solution - 29495	728	3267	375	0	68
6	Solution - 29495	728	3267	375	0	68
7	Solution - 29495	728	3267	375	0	68
8	Solution - 29495	728	3267	375	0	68
9	Solution - 29495	728	3267	375	0	68
10	Solution - 29495	728	3267	375	0	68
11	Solution - 26573	705	3165	311	0	73
12	Solution - 26573	705	3165	311	0	73
13	Solution - 26573	705	3165	311	0	73
14	Solution - 26573	705	3165	311	0	73
15	Solution - 26573	705	3165	311	0	73
16	Solution - 26573	705	3165	311	0	73
17	Solution - 26573	705	3165	311	0	73
18	Solution - 26573	705	3165	311	0	73
19	Solution - 26573	705	3165	311	0	73
20	Solution - 26573	705	3165	311	0	73
21	Solution - 26573	705	3165	311	0	73
22	Solution - 26573	705	3165	311	0	73
23	Solution - 26573	705	3165	311	0	73
24	Solution - 26573	705	3165	311	0	73
25	Solution - 26573	705	3165	311	0	73
26	Solution - 26573	705	3165	311	0	73
27	Solution - 26573	705	3165	311	0	73
28	Solution - 26573	705	3165	311	0	73
29	Solution - 26573	705	3165	311	0	73
30	Solution - 26573	705	3165	311	0	73
31	Solution - 26573	705	3165	311	0	73
32	Solution - 26573	705	3165	311	0	73
33	Solution - 26573	705	3165	311	0	73
34	Solution - 26573	705	3165	311	0	73
35	Solution - 26573	705	3165	311	0	73
36	Solution - 26573	705	3165	311	0	73
37	Solution - 26573	705	3165	311	0	73
38	Solution - 26573	705	3165	311	0	73
39	Solution - 26573	705	3165	311	0	73
40	Solution - 26573	705	3165	311	0	73
41	Solution - 26573	705	3165	311	0	73
42	Solution - 26573	705	3165	311	0	73
43	Solution - 26573	705	3165	311	0	73
44	Solution - 26573	705	3165	311	0	73
45	Solution - 26573	705	3165	311	0	73
46	Solution - 26573	705	3165	311	0	73
47	Solution - 26573	705	3165	311	0	73
48	Solution - 26573	705	3165	311	0	73
49	Solution - 26573	705	3165	311	0	73
50	Solution - 26573	705	3165	311	0	73
51	Solution - 26573	705	3165	311	0	73
52	Solution - 26573	705	3165	311	0	73
53	Solution - 26573	705	3165	311	0	73
54	Solution - 26573	705	3165	311	0	73
55	Solution - 26573	705	3165	311	0	73
56	Solution - 26573	705	3165	311	0	73
57	Solution - 26573	705	3165	311	0	73
58	Solution - 26573	705	3165	311	0	73
59	Solution - 26573	705	3165	311	0	73
60	Solution - 26573	705	3165	311	0	73
61	Solution - 26573	705	3165	311	0	73
62	Solution - 26573	705	3165	311	0	73
63	Solution - 26573	705	3165	311	0	73
64	Solution - 26573	705	3165	311	0	73
65	Solution - 26573	705	3165	311	0	73
66	Solution - 26573	705	3165	311	0	73
67	Solution - 26573	705	3165	311	0	73
68	Solution - 26573	705	3165	311	0	73
69	Solution - 26573	705	3165	311	0	73
70	Solution - 26573	705	3165	311	0	73
71	Solution - 26573	705	3165	311	0	73
72	Solution - 26573	705	3165	311	0	73
73	Solution - 26573	705	3165	311	0	73
74	Solution - 26573	705	3165	311	0	73
75	Solution - 26573	705	3165	311	0	73
76	Solution - 26573	705	3165	311	0	73
77	Solution - 26573	705	3165	311	0	73
78	Solution - 26573	705	3165	311	0	73
79	Solution - 26573	705	3165	311	0	73
80	Solution - 26573	705	3165	311	0	73
81	Solution - 26573	705	3165	311	0	73
82	Solution - 26573	705	3165	311	0	73
83	Solution - 26573	705	3165	311	0	73
84	Solution - 26573	705	3165	311	0	73
85	Solution - 26573	705	3165	311	0	73
86	Solution - 26573	705	3165	311	0	73
87	Solution - 26573	705	3165	311	0	73
88	Solution - 26573	705	3165	311	0	73
89	Solution - 26573	705	3165	311	0	73
90	Solution - 26573	705	3165	311	0	73
91	Solution - 26573	705	3165	311	0	73
92	Solution - 26573	705	3165	311	0	73
93	Solution - 26573	705	3165	311	0	73
94	Solution - 26573	705	3165	311	0	73
95	Solution - 26573	705	3165	311	0	73
96	Solution - 26573	705	3165	311	0	73
97	Solution - 26573	705	3165	311	0	73
98	Solution - 26573	705	3165	311	0	73
99	Solution - 26573	705	3165	311	0	73
