35074
32260
29504
29504
29504
29504
29504
29504
29230
29230
29230
29230
29230
29230
29230
29230
25198
25198
25198
25198
25198
25198
25198
25198
25198
25198
25198
25198
25198
25198
25198
25198
25198
25198
25198
25198
25198
25198
25198
25198
25198
25198
25198
25198
25198
25198
25198
25198
25198
25198
25198
25198
25198
25198
25198
25198
25198
25198
25198
25198
25198
25198
25198
25198
25198
25198
25198
25198
25198
25198
25198
25198
25198
25198
25198
25198
25198
25198
25198
25198
25198
25198
25198
25198
25198
25198
25198
25198
25198
25198
25198
25198
25198
25198
25198
25198
25198
25198
25198
25198
