33201
33065
33065
33065
33065
33065
28720
28720
28720
28720
28720
28720
28720
28720
28720
28720
28720
28720
28720
28720
28720
28720
28720
28720
28720
28720
28720
28720
28720
28720
28720
28720
28720
28720
28720
28720
28384
28384
28384
28384
28384
28384
28384
26874
26874
26874
26874
26874
26874
26874
26874
26874
26874
26874
26874
26874
26874
26874
26874
26874
26874
26874
26874
26874
26874
26874
26874
26874
26874
26874
26874
26874
26874
26874
26874
26874
26874
26874
26874
26874
26874
26874
26874
26874
26874
26874
26874
26874
26874
26874
26874
26874
26874
26874
26874
26874
26874
26874
26874
26874
