0	Solution - 32314	746	3347	409	0	69
1	Solution - 27082	735	3301	334	0	69
2	Solution - 27082	735	3301	334	0	69
3	Solution - 27082	735	3301	334	0	69
4	Solution - 27082	735	3301	334	0	69
5	Solution - 27082	735	3301	334	0	69
6	Solution - 27082	735	3301	334	0	69
7	Solution - 24930	712	3194	288	0	73
8	Solution - 24930	712	3194	288	0	73
9	Solution - 24930	712	3194	288	0	73
10	Solution - 24930	712	3194	288	0	73
11	Solution - 24930	712	3194	288	0	73
12	Solution - 24930	712	3194	288	0	73
13	Solution - 24930	712	3194	288	0	73
14	Solution - 24930	712	3194	288	0	73
15	Solution - 24930	712	3194	288	0	73
16	Solution - 24930	712	3194	288	0	73
17	Solution - 24930	712	3194	288	0	73
18	Solution - 24930	712	3194	288	0	73
19	Solution - 24930	712	3194	288	0	73
20	Solution - 24930	712	3194	288	0	73
21	Solution - 24930	712	3194	288	0	73
22	Solution - 24930	712	3194	288	0	73
23	Solution - 24930	712	3194	288	0	73
24	Solution - 24930	712	3194	288	0	73
25	Solution - 24930	712	3194	288	0	73
26	Solution - 24930	712	3194	288	0	73
27	Solution - 24930	712	3194	288	0	73
28	Solution - 24930	712	3194	288	0	73
29	Solution - 24930	712	3194	288	0	73
30	Solution - 24930	712	3194	288	0	73
31	Solution - 24930	712	3194	288	0	73
32	Solution - 24930	712	3194	288	0	73
33	Solution - 24930	712	3194	288	0	73
34	Solution - 24930	712	3194	288	0	73
35	Solution - 24930	712	3194	288	0	73
36	Solution - 24930	712	3194	288	0	73
37	Solution - 24930	712	3194	288	0	73
38	Solution - 24930	712	3194	288	0	73
39	Solution - 24930	712	3194	288	0	73
40	Solution - 24930	712	3194	288	0	73
41	Solution - 24930	712	3194	288	0	73
42	Solution - 24930	712	3194	288	0	73
43	Solution - 24930	712	3194	288	0	73
44	Solution - 24930	712	3194	288	0	73
45	Solution - 24930	712	3194	288	0	73
46	Solution - 24930	712	3194	288	0	73
47	Solution - 24930	712	3194	288	0	73
48	Solution - 24930	712	3194	288	0	73
49	Solution - 24930	712	3194	288	0	73
50	Solution - 24930	712	3194	288	0	73
51	Solution - 24930	712	3194	288	0	73
52	Solution - 24930	712	3194	288	0	73
53	Solution - 24930	712	3194	288	0	73
54	Solution - 24930	712	3194	288	0	73
55	Solution - 24930	712	3194	288	0	73
56	Solution - 24930	712	3194	288	0	73
57	Solution - 24930	712	3194	288	0	73
58	Solution - 24930	712	3194	288	0	73
59	Solution - 24930	712	3194	288	0	73
60	Solution - 24930	712	3194	288	0	73
61	Solution - 24930	712	3194	288	0	73
62	Solution - 24930	712	3194	288	0	73
63	Solution - 24930	712	3194	288	0	73
64	Solution - 24930	712	3194	288	0	73
65	Solution - 24930	712	3194	288	0	73
66	Solution - 24930	712	3194	288	0	73
67	Solution - 24930	712	3194	288	0	73
68	Solution - 24930	712	3194	288	0	73
69	Solution - 24930	712	3194	288	0	73
70	Solution - 24930	712	3194	288	0	73
71	Solution - 24930	712	3194	288	0	73
72	Solution - 24930	712	3194	288	0	73
73	Solution - 24930	712	3194	288	0	73
74	Solution - 24930	712	3194	288	0	73
75	Solution - 24930	712	3194	288	0	73
76	Solution - 24905	722	3238	295	0	71
77	Solution - 24905	722	3238	295	0	71
78	Solution - 24905	722	3238	295	0	71
79	Solution - 24905	722	3238	295	0	71
80	Solution - 24905	722	3238	295	0	71
81	Solution - 24905	722	3238	295	0	71
82	Solution - 24905	722	3238	295	0	71
83	Solution - 24905	722	3238	295	0	71
84	Solution - 24905	722	3238	295	0	71
85	Solution - 24905	722	3238	295	0	71
86	Solution - 24905	722	3238	295	0	71
87	Solution - 24905	722	3238	295	0	71
88	Solution - 24905	722	3238	295	0	71
89	Solution - 24905	722	3238	295	0	71
90	Solution - 24905	722	3238	295	0	71
91	Solution - 24905	722	3238	295	0	71
92	Solution - 24905	722	3238	295	0	71
93	Solution - 24905	722	3238	295	0	71
94	Solution - 24905	722	3238	295	0	71
95	Solution - 24905	722	3238	295	0	71
96	Solution - 24905	722	3238	295	0	71
97	Solution - 24905	722	3238	295	0	71
98	Solution - 24905	722	3238	295	0	71
99	Solution - 24905	722	3238	295	0	71
