36078
32647
31394
31394
31394
31394
30055
29981
29522
29522
29522
29522
29522
29522
29522
29522
29522
29522
29522
29522
29522
29522
27389
27389
27389
27389
27389
27389
27389
27389
27389
27389
27389
27389
27389
27389
27389
27389
26408
26408
26408
26408
26408
26408
26408
26408
26408
26408
26408
26408
26408
26408
26408
26408
26408
26408
26408
26408
26408
26408
26408
26408
26408
26408
26408
26408
26408
26408
26408
26408
26408
26408
26408
26408
26408
26408
26408
26408
26408
26408
26408
26408
26408
26408
26408
26408
26408
26408
26408
26408
26408
26408
26408
26408
26408
26408
26408
26408
26408
26408
