30401
30401
30401
27332
27332
27332
27332
27332
27332
27332
27332
27332
27332
27332
27332
27332
27332
27332
26247
26247
26247
26247
26247
26247
26247
26247
26247
26247
26247
26247
26247
26247
26247
26247
26247
26247
26247
26247
26247
26247
26247
26247
26247
26247
26247
26247
26247
26247
26247
26247
26247
26247
26247
26247
26247
26247
26247
26247
26247
26247
26247
26247
26247
26247
26247
26247
26247
26247
26247
26247
26247
26247
26247
26247
26247
26247
26247
26247
26247
26247
26247
26247
26247
26247
26247
26247
26247
26247
26247
26247
26247
26247
26247
26247
26247
26247
26247
26247
26247
26247
