29189
29189
29189
29189
29189
29189
29189
29189
29189
29189
29189
29189
29189
29189
29189
29189
28617
28617
28617
28617
28617
28617
26467
25406
25406
25406
25406
25406
25406
25406
25406
25406
25406
25406
25406
25406
25406
25406
25406
25406
25406
25406
25406
25406
25406
25406
25406
25406
25406
25406
25406
25406
25406
25406
25406
25406
25406
25406
25406
25406
25406
25406
25406
25406
25406
25406
25406
25406
25406
25406
25406
25406
25406
25406
25406
25406
25406
25406
25406
25406
25406
25406
25406
25406
25406
25406
25406
25406
25406
25406
25406
25406
25406
25406
25406
25406
25406
25406
25406
25406
