0	Solution - 35074	758	3384	418	0	74
1	Solution - 32260	724	3240	393	0	72
2	Solution - 29504	723	3213	376	0	68
3	Solution - 29504	723	3213	376	0	68
4	Solution - 29504	723	3213	376	0	68
5	Solution - 29504	723	3213	376	0	68
6	Solution - 29504	723	3213	376	0	68
7	Solution - 29504	723	3213	376	0	68
8	Solution - 29230	713	3194	367	0	69
9	Solution - 29230	713	3194	367	0	69
10	Solution - 29230	713	3194	367	0	69
11	Solution - 29230	713	3194	367	0	69
12	Solution - 29230	713	3194	367	0	69
13	Solution - 29230	713	3194	367	0	69
14	Solution - 29230	713	3194	367	0	69
15	Solution - 29230	713	3194	367	0	69
16	Solution - 25198	723	3246	299	0	71
17	Solution - 25198	723	3246	299	0	71
18	Solution - 25198	723	3246	299	0	71
19	Solution - 25198	723	3246	299	0	71
20	Solution - 25198	723	3246	299	0	71
21	Solution - 25198	723	3246	299	0	71
22	Solution - 25198	723	3246	299	0	71
23	Solution - 25198	723	3246	299	0	71
24	Solution - 25198	723	3246	299	0	71
25	Solution - 25198	723	3246	299	0	71
26	Solution - 25198	723	3246	299	0	71
27	Solution - 25198	723	3246	299	0	71
28	Solution - 25198	723	3246	299	0	71
29	Solution - 25198	723	3246	299	0	71
30	Solution - 25198	723	3246	299	0	71
31	Solution - 25198	723	3246	299	0	71
32	Solution - 25198	723	3246	299	0	71
33	Solution - 25198	723	3246	299	0	71
34	Solution - 25198	723	3246	299	0	71
35	Solution - 25198	723	3246	299	0	71
36	Solution - 25198	723	3246	299	0	71
37	Solution - 25198	723	3246	299	0	71
38	Solution - 25198	723	3246	299	0	71
39	Solution - 25198	723	3246	299	0	71
40	Solution - 25198	723	3246	299	0	71
41	Solution - 25198	723	3246	299	0	71
42	Solution - 25198	723	3246	299	0	71
43	Solution - 25198	723	3246	299	0	71
44	Solution - 25198	723	3246	299	0	71
45	Solution - 25198	723	3246	299	0	71
46	Solution - 25198	723	3246	299	0	71
47	Solution - 25198	723	3246	299	0	71
48	Solution - 25198	723	3246	299	0	71
49	Solution - 25198	723	3246	299	0	71
50	Solution - 25198	723	3246	299	0	71
51	Solution - 25198	723	3246	299	0	71
52	Solution - 25198	723	3246	299	0	71
53	Solution - 25198	723	3246	299	0	71
54	Solution - 25198	723	3246	299	0	71
55	Solution - 25198	723	3246	299	0	71
56	Solution - 25198	723	3246	299	0	71
57	Solution - 25198	723	3246	299	0	71
58	Solution - 25198	723	3246	299	0	71
59	Solution - 25198	723	3246	299	0	71
60	Solution - 25198	723	3246	299	0	71
61	Solution - 25198	723	3246	299	0	71
62	Solution - 25198	723	3246	299	0	71
63	Solution - 25198	723	3246	299	0	71
64	Solution - 25198	723	3246	299	0	71
65	Solution - 25198	723	3246	299	0	71
66	Solution - 25198	723	3246	299	0	71
67	Solution - 25198	723	3246	299	0	71
68	Solution - 25198	723	3246	299	0	71
69	Solution - 25198	723	3246	299	0	71
70	Solution - 25198	723	3246	299	0	71
71	Solution - 25198	723	3246	299	0	71
72	Solution - 25198	723	3246	299	0	71
73	Solution - 25198	723	3246	299	0	71
74	Solution - 25198	723	3246	299	0	71
75	Solution - 25198	723	3246	299	0	71
76	Solution - 25198	723	3246	299	0	71
77	Solution - 25198	723	3246	299	0	71
78	Solution - 25198	723	3246	299	0	71
79	Solution - 25198	723	3246	299	0	71
80	Solution - 25198	723	3246	299	0	71
81	Solution - 25198	723	3246	299	0	71
82	Solution - 25198	723	3246	299	0	71
83	Solution - 25198	723	3246	299	0	71
84	Solution - 25198	723	3246	299	0	71
85	Solution - 25198	723	3246	299	0	71
86	Solution - 25198	723	3246	299	0	71
87	Solution - 25198	723	3246	299	0	71
88	Solution - 25198	723	3246	299	0	71
89	Solution - 25198	723	3246	299	0	71
90	Solution - 25198	723	3246	299	0	71
91	Solution - 25198	723	3246	299	0	71
92	Solution - 25198	723	3246	299	0	71
93	Solution - 25198	723	3246	299	0	71
94	Solution - 25198	723	3246	299	0	71
95	Solution - 25198	723	3246	299	0	71
96	Solution - 25198	723	3246	299	0	71
97	Solution - 25198	723	3246	299	0	71
98	Solution - 25198	723	3246	299	0	71
99	Solution - 25198	723	3246	299	0	71
