33728
29588
29588
29588
29588
29588
29588
29588
27920
27920
27920
27920
27920
27920
27920
27920
27920
27920
27920
27920
27920
27920
27920
27920
27920
27920
27920
27920
27920
27920
27920
27920
27920
27920
27920
27920
27920
27920
27920
27920
27920
27920
27920
27920
27920
26269
26269
26269
26269
26269
26269
26269
26269
26269
26269
26269
26269
26269
26269
26269
26269
26269
26269
26269
26269
26269
26269
26269
26269
26269
26269
26269
26269
26269
26269
26269
26269
26269
26269
26269
26269
26269
26269
26269
26269
26269
26269
26269
26269
26269
26269
26269
26269
26269
26269
26269
26269
26269
26269
26269
