0	Solution - 33154	731	3263	405	0	72
1	Solution - 33154	731	3263	405	0	72
2	Solution - 32616	725	3235	398	0	72
3	Solution - 30820	722	3234	368	0	73
4	Solution - 30820	722	3234	368	0	73
5	Solution - 30820	722	3234	368	0	73
6	Solution - 30820	722	3234	368	0	73
7	Solution - 30820	722	3234	368	0	73
8	Solution - 30820	722	3234	368	0	73
9	Solution - 30820	722	3234	368	0	73
10	Solution - 30820	722	3234	368	0	73
11	Solution - 30499	725	3220	374	0	71
12	Solution - 30499	725	3220	374	0	71
13	Solution - 30499	725	3220	374	0	71
14	Solution - 30499	725	3220	374	0	71
15	Solution - 30499	725	3220	374	0	71
16	Solution - 30499	725	3220	374	0	71
17	Solution - 30499	725	3220	374	0	71
18	Solution - 30499	725	3220	374	0	71
19	Solution - 27840	727	3257	336	0	71
20	Solution - 27840	727	3257	336	0	71
21	Solution - 27840	727	3257	336	0	71
22	Solution - 27840	727	3257	336	0	71
23	Solution - 27840	727	3257	336	0	71
24	Solution - 27840	727	3257	336	0	71
25	Solution - 27840	727	3257	336	0	71
26	Solution - 27840	727	3257	336	0	71
27	Solution - 27840	727	3257	336	0	71
28	Solution - 27840	727	3257	336	0	71
29	Solution - 27840	727	3257	336	0	71
30	Solution - 27840	727	3257	336	0	71
31	Solution - 27840	727	3257	336	0	71
32	Solution - 27840	727	3257	336	0	71
33	Solution - 27840	727	3257	336	0	71
34	Solution - 27840	727	3257	336	0	71
35	Solution - 27840	727	3257	336	0	71
36	Solution - 25742	711	3191	312	0	70
37	Solution - 25742	711	3191	312	0	70
38	Solution - 25742	711	3191	312	0	70
39	Solution - 25742	711	3191	312	0	70
40	Solution - 25742	711	3191	312	0	70
41	Solution - 25742	711	3191	312	0	70
42	Solution - 25742	711	3191	312	0	70
43	Solution - 25742	711	3191	312	0	70
44	Solution - 25742	711	3191	312	0	70
45	Solution - 25742	711	3191	312	0	70
46	Solution - 25742	711	3191	312	0	70
47	Solution - 25742	711	3191	312	0	70
48	Solution - 25742	711	3191	312	0	70
49	Solution - 25742	711	3191	312	0	70
50	Solution - 25742	711	3191	312	0	70
51	Solution - 25742	711	3191	312	0	70
52	Solution - 25742	711	3191	312	0	70
53	Solution - 25742	711	3191	312	0	70
54	Solution - 25742	711	3191	312	0	70
55	Solution - 25742	711	3191	312	0	70
56	Solution - 25742	711	3191	312	0	70
57	Solution - 25742	711	3191	312	0	70
58	Solution - 25742	711	3191	312	0	70
59	Solution - 25742	711	3191	312	0	70
60	Solution - 25742	711	3191	312	0	70
61	Solution - 25742	711	3191	312	0	70
62	Solution - 25742	711	3191	312	0	70
63	Solution - 25742	711	3191	312	0	70
64	Solution - 25742	711	3191	312	0	70
65	Solution - 25742	711	3191	312	0	70
66	Solution - 25742	711	3191	312	0	70
67	Solution - 25742	711	3191	312	0	70
68	Solution - 25742	711	3191	312	0	70
69	Solution - 25742	711	3191	312	0	70
70	Solution - 25742	711	3191	312	0	70
71	Solution - 25742	711	3191	312	0	70
72	Solution - 25742	711	3191	312	0	70
73	Solution - 25742	711	3191	312	0	70
74	Solution - 25742	711	3191	312	0	70
75	Solution - 25742	711	3191	312	0	70
76	Solution - 25742	711	3191	312	0	70
77	Solution - 25742	711	3191	312	0	70
78	Solution - 25742	711	3191	312	0	70
79	Solution - 25742	711	3191	312	0	70
80	Solution - 25742	711	3191	312	0	70
81	Solution - 25742	711	3191	312	0	70
82	Solution - 25742	711	3191	312	0	70
83	Solution - 25742	711	3191	312	0	70
84	Solution - 25742	711	3191	312	0	70
85	Solution - 25742	711	3191	312	0	70
86	Solution - 25742	711	3191	312	0	70
87	Solution - 25742	711	3191	312	0	70
88	Solution - 25742	711	3191	312	0	70
89	Solution - 25742	711	3191	312	0	70
90	Solution - 25742	711	3191	312	0	70
91	Solution - 25742	711	3191	312	0	70
92	Solution - 25742	711	3191	312	0	70
93	Solution - 25742	711	3191	312	0	70
94	Solution - 25742	711	3191	312	0	70
95	Solution - 25742	711	3191	312	0	70
96	Solution - 25742	711	3191	312	0	70
97	Solution - 25742	711	3191	312	0	70
98	Solution - 25742	711	3191	312	0	70
99	Solution - 25742	711	3191	312	0	70
