0	Solution - 32772	730	3269	417	0	69
1	Solution - 32772	730	3269	417	0	69
2	Solution - 32719	725	3232	394	0	73
3	Solution - 29812	739	3313	368	0	70
4	Solution - 29812	739	3313	368	0	70
5	Solution - 29812	739	3313	368	0	70
6	Solution - 27928	715	3203	343	0	70
7	Solution - 27928	715	3203	343	0	70
8	Solution - 27928	715	3203	343	0	70
9	Solution - 27928	715	3203	343	0	70
10	Solution - 27928	715	3203	343	0	70
11	Solution - 27928	715	3203	343	0	70
12	Solution - 27928	715	3203	343	0	70
13	Solution - 27928	715	3203	343	0	70
14	Solution - 27928	715	3203	343	0	70
15	Solution - 27928	715	3203	343	0	70
16	Solution - 27928	715	3203	343	0	70
17	Solution - 27928	715	3203	343	0	70
18	Solution - 27928	715	3203	343	0	70
19	Solution - 27928	715	3203	343	0	70
20	Solution - 27928	715	3203	343	0	70
21	Solution - 27928	715	3203	343	0	70
22	Solution - 27928	715	3203	343	0	70
23	Solution - 27928	715	3203	343	0	70
24	Solution - 27928	715	3203	343	0	70
25	Solution - 27928	715	3203	343	0	70
26	Solution - 27928	715	3203	343	0	70
27	Solution - 27928	715	3203	343	0	70
28	Solution - 27928	715	3203	343	0	70
29	Solution - 27928	715	3203	343	0	70
30	Solution - 27928	715	3203	343	0	70
31	Solution - 27928	715	3203	343	0	70
32	Solution - 27928	715	3203	343	0	70
33	Solution - 27928	715	3203	343	0	70
34	Solution - 27928	715	3203	343	0	70
35	Solution - 27928	715	3203	343	0	70
36	Solution - 27928	715	3203	343	0	70
37	Solution - 27928	715	3203	343	0	70
38	Solution - 27928	715	3203	343	0	70
39	Solution - 27928	715	3203	343	0	70
40	Solution - 27928	715	3203	343	0	70
41	Solution - 27928	715	3203	343	0	70
42	Solution - 27928	715	3203	343	0	70
43	Solution - 27928	715	3203	343	0	70
44	Solution - 27928	715	3203	343	0	70
45	Solution - 27928	715	3203	343	0	70
46	Solution - 27928	715	3203	343	0	70
47	Solution - 27928	715	3203	343	0	70
48	Solution - 27928	715	3203	343	0	70
49	Solution - 27928	715	3203	343	0	70
50	Solution - 27928	715	3203	343	0	70
51	Solution - 26950	730	3260	328	0	70
52	Solution - 26950	730	3260	328	0	70
53	Solution - 26950	730	3260	328	0	70
54	Solution - 26950	730	3260	328	0	70
55	Solution - 26950	730	3260	328	0	70
56	Solution - 26950	730	3260	328	0	70
57	Solution - 26950	730	3260	328	0	70
58	Solution - 26950	730	3260	328	0	70
59	Solution - 26950	730	3260	328	0	70
60	Solution - 26950	730	3260	328	0	70
61	Solution - 26950	730	3260	328	0	70
62	Solution - 26950	730	3260	328	0	70
63	Solution - 26950	730	3260	328	0	70
64	Solution - 26950	730	3260	328	0	70
65	Solution - 26950	730	3260	328	0	70
66	Solution - 26950	730	3260	328	0	70
67	Solution - 26950	730	3260	328	0	70
68	Solution - 26950	730	3260	328	0	70
69	Solution - 26950	730	3260	328	0	70
70	Solution - 26950	730	3260	328	0	70
71	Solution - 26950	730	3260	328	0	70
72	Solution - 26950	730	3260	328	0	70
73	Solution - 26950	730	3260	328	0	70
74	Solution - 25734	715	3222	307	0	71
75	Solution - 25734	715	3222	307	0	71
76	Solution - 25734	715	3222	307	0	71
77	Solution - 25734	715	3222	307	0	71
78	Solution - 25734	715	3222	307	0	71
79	Solution - 25734	715	3222	307	0	71
80	Solution - 25734	715	3222	307	0	71
81	Solution - 25734	715	3222	307	0	71
82	Solution - 25734	715	3222	307	0	71
83	Solution - 25734	715	3222	307	0	71
84	Solution - 25734	715	3222	307	0	71
85	Solution - 25734	715	3222	307	0	71
86	Solution - 25734	715	3222	307	0	71
87	Solution - 25734	715	3222	307	0	71
88	Solution - 25734	715	3222	307	0	71
89	Solution - 25734	715	3222	307	0	71
90	Solution - 25734	715	3222	307	0	71
91	Solution - 25734	715	3222	307	0	71
92	Solution - 25734	715	3222	307	0	71
93	Solution - 25734	715	3222	307	0	71
94	Solution - 25734	715	3222	307	0	71
95	Solution - 25734	715	3222	307	0	71
96	Solution - 25734	715	3222	307	0	71
97	Solution - 25734	715	3222	307	0	71
98	Solution - 25734	715	3222	307	0	71
99	Solution - 25734	715	3222	307	0	71
