34106
29303
29303
29303
29303
29303
29303
29303
28854
28854
26234
26234
26234
26234
26234
26234
26234
26234
26234
26234
26234
26234
26234
26234
26234
26234
26234
26234
26234
26234
26234
26234
26234
26234
26234
26234
26234
26234
26234
26234
26234
26234
26234
26234
26234
26234
26234
26234
26234
26234
26234
26234
26234
26234
26234
26234
26234
26234
26234
26234
26234
26234
25530
25530
25530
25530
25530
25530
25530
25530
25530
25530
25530
25530
25530
25530
25530
25530
25530
25530
25530
25530
25530
25530
25530
25530
25530
25530
25530
25530
25530
25530
25530
25530
25530
25530
25530
25530
25530
25530
