0	Solution - 27612	722	3230	338	0	70
1	Solution - 27612	722	3230	338	0	70
2	Solution - 27612	722	3230	338	0	70
3	Solution - 27612	722	3230	338	0	70
4	Solution - 27612	722	3230	338	0	70
5	Solution - 27612	722	3230	338	0	70
6	Solution - 27612	722	3230	338	0	70
7	Solution - 27612	722	3230	338	0	70
8	Solution - 27612	722	3230	338	0	70
9	Solution - 27612	722	3230	338	0	70
10	Solution - 27612	722	3230	338	0	70
11	Solution - 27612	722	3230	338	0	70
12	Solution - 27612	722	3230	338	0	70
13	Solution - 27612	722	3230	338	0	70
14	Solution - 27612	722	3230	338	0	70
15	Solution - 27612	722	3230	338	0	70
16	Solution - 27612	722	3230	338	0	70
17	Solution - 27612	722	3230	338	0	70
18	Solution - 27612	722	3230	338	0	70
19	Solution - 27612	722	3230	338	0	70
20	Solution - 27612	722	3230	338	0	70
21	Solution - 27612	722	3230	338	0	70
22	Solution - 27612	722	3230	338	0	70
23	Solution - 27612	722	3230	338	0	70
24	Solution - 25017	699	3146	316	0	67
25	Solution - 25017	699	3146	316	0	67
26	Solution - 25017	699	3146	316	0	67
27	Solution - 25017	699	3146	316	0	67
28	Solution - 25017	699	3146	316	0	67
29	Solution - 25017	699	3146	316	0	67
30	Solution - 25017	699	3146	316	0	67
31	Solution - 25017	699	3146	316	0	67
32	Solution - 25017	699	3146	316	0	67
33	Solution - 25017	699	3146	316	0	67
34	Solution - 25017	699	3146	316	0	67
35	Solution - 25017	699	3146	316	0	67
36	Solution - 25017	699	3146	316	0	67
37	Solution - 25017	699	3146	316	0	67
38	Solution - 25017	699	3146	316	0	67
39	Solution - 25017	699	3146	316	0	67
40	Solution - 25017	699	3146	316	0	67
41	Solution - 25017	699	3146	316	0	67
42	Solution - 25017	699	3146	316	0	67
43	Solution - 25017	699	3146	316	0	67
44	Solution - 25017	699	3146	316	0	67
45	Solution - 25017	699	3146	316	0	67
46	Solution - 25017	699	3146	316	0	67
47	Solution - 25017	699	3146	316	0	67
48	Solution - 25017	699	3146	316	0	67
49	Solution - 25017	699	3146	316	0	67
50	Solution - 25017	699	3146	316	0	67
51	Solution - 25017	699	3146	316	0	67
52	Solution - 25017	699	3146	316	0	67
53	Solution - 25017	699	3146	316	0	67
54	Solution - 25017	699	3146	316	0	67
55	Solution - 25017	699	3146	316	0	67
56	Solution - 25017	699	3146	316	0	67
57	Solution - 25017	699	3146	316	0	67
58	Solution - 25017	699	3146	316	0	67
59	Solution - 25017	699	3146	316	0	67
60	Solution - 25017	699	3146	316	0	67
61	Solution - 25017	699	3146	316	0	67
62	Solution - 25017	699	3146	316	0	67
63	Solution - 25017	699	3146	316	0	67
64	Solution - 25017	699	3146	316	0	67
65	Solution - 25017	699	3146	316	0	67
66	Solution - 25017	699	3146	316	0	67
67	Solution - 25017	699	3146	316	0	67
68	Solution - 25017	699	3146	316	0	67
69	Solution - 25017	699	3146	316	0	67
70	Solution - 25017	699	3146	316	0	67
71	Solution - 25017	699	3146	316	0	67
72	Solution - 25017	699	3146	316	0	67
73	Solution - 25017	699	3146	316	0	67
74	Solution - 25017	699	3146	316	0	67
75	Solution - 25017	699	3146	316	0	67
76	Solution - 25017	699	3146	316	0	67
77	Solution - 25017	699	3146	316	0	67
78	Solution - 25017	699	3146	316	0	67
79	Solution - 25017	699	3146	316	0	67
80	Solution - 25017	699	3146	316	0	67
81	Solution - 25017	699	3146	316	0	67
82	Solution - 25017	699	3146	316	0	67
83	Solution - 25017	699	3146	316	0	67
84	Solution - 25017	699	3146	316	0	67
85	Solution - 25017	699	3146	316	0	67
86	Solution - 25017	699	3146	316	0	67
87	Solution - 25017	699	3146	316	0	67
88	Solution - 25017	699	3146	316	0	67
89	Solution - 25017	699	3146	316	0	67
90	Solution - 25017	699	3146	316	0	67
91	Solution - 25017	699	3146	316	0	67
92	Solution - 25017	699	3146	316	0	67
93	Solution - 25017	699	3146	316	0	67
94	Solution - 25017	699	3146	316	0	67
95	Solution - 25017	699	3146	316	0	67
96	Solution - 25017	699	3146	316	0	67
97	Solution - 25017	699	3146	316	0	67
98	Solution - 25017	699	3146	316	0	67
99	Solution - 25017	699	3146	316	0	67
