32065
31968
31968
31135
28988
28988
28988
28988
28988
28988
28988
28988
28988
28988
28988
28988
28988
28988
28988
28988
28988
28988
28988
28988
28988
28988
28988
28988
28988
28988
28988
28988
28988
28988
28988
28988
28988
28988
28988
28988
28988
27975
27975
27975
27975
27975
27975
27975
27975
27975
27975
27975
27975
27975
27975
27975
27975
27975
27975
27975
27975
27975
27975
27975
27975
27162
27162
27162
27162
27162
27162
27162
27162
27162
27162
27162
27162
27162
27162
27162
27162
27162
27162
27162
27162
27162
27162
27162
27162
27162
27162
27162
27162
27162
27162
27162
27162
27162
27162
27162
