0	Solution - 33201	723	3199	437	0	67
1	Solution - 33065	739	3290	427	0	68
2	Solution - 33065	739	3290	427	0	68
3	Solution - 33065	739	3290	427	0	68
4	Solution - 33065	739	3290	427	0	68
5	Solution - 33065	739	3290	427	0	68
6	Solution - 28720	718	3231	359	0	69
7	Solution - 28720	718	3231	359	0	69
8	Solution - 28720	718	3231	359	0	69
9	Solution - 28720	718	3231	359	0	69
10	Solution - 28720	718	3231	359	0	69
11	Solution - 28720	718	3231	359	0	69
12	Solution - 28720	718	3231	359	0	69
13	Solution - 28720	718	3231	359	0	69
14	Solution - 28720	718	3231	359	0	69
15	Solution - 28720	718	3231	359	0	69
16	Solution - 28720	718	3231	359	0	69
17	Solution - 28720	718	3231	359	0	69
18	Solution - 28720	718	3231	359	0	69
19	Solution - 28720	718	3231	359	0	69
20	Solution - 28720	718	3231	359	0	69
21	Solution - 28720	718	3231	359	0	69
22	Solution - 28720	718	3231	359	0	69
23	Solution - 28720	718	3231	359	0	69
24	Solution - 28720	718	3231	359	0	69
25	Solution - 28720	718	3231	359	0	69
26	Solution - 28720	718	3231	359	0	69
27	Solution - 28720	718	3231	359	0	69
28	Solution - 28720	718	3231	359	0	69
29	Solution - 28720	718	3231	359	0	69
30	Solution - 28720	718	3231	359	0	69
31	Solution - 28720	718	3231	359	0	69
32	Solution - 28720	718	3231	359	0	69
33	Solution - 28720	718	3231	359	0	69
34	Solution - 28720	718	3231	359	0	69
35	Solution - 28720	718	3231	359	0	69
36	Solution - 28384	726	3228	349	0	70
37	Solution - 28384	726	3228	349	0	70
38	Solution - 28384	726	3228	349	0	70
39	Solution - 28384	726	3228	349	0	70
40	Solution - 28384	726	3228	349	0	70
41	Solution - 28384	726	3228	349	0	70
42	Solution - 28384	726	3228	349	0	70
43	Solution - 26874	714	3183	333	0	69
44	Solution - 26874	714	3183	333	0	69
45	Solution - 26874	714	3183	333	0	69
46	Solution - 26874	714	3183	333	0	69
47	Solution - 26874	714	3183	333	0	69
48	Solution - 26874	714	3183	333	0	69
49	Solution - 26874	714	3183	333	0	69
50	Solution - 26874	714	3183	333	0	69
51	Solution - 26874	714	3183	333	0	69
52	Solution - 26874	714	3183	333	0	69
53	Solution - 26874	714	3183	333	0	69
54	Solution - 26874	714	3183	333	0	69
55	Solution - 26874	714	3183	333	0	69
56	Solution - 26874	714	3183	333	0	69
57	Solution - 26874	714	3183	333	0	69
58	Solution - 26874	714	3183	333	0	69
59	Solution - 26874	714	3183	333	0	69
60	Solution - 26874	714	3183	333	0	69
61	Solution - 26874	714	3183	333	0	69
62	Solution - 26874	714	3183	333	0	69
63	Solution - 26874	714	3183	333	0	69
64	Solution - 26874	714	3183	333	0	69
65	Solution - 26874	714	3183	333	0	69
66	Solution - 26874	714	3183	333	0	69
67	Solution - 26874	714	3183	333	0	69
68	Solution - 26874	714	3183	333	0	69
69	Solution - 26874	714	3183	333	0	69
70	Solution - 26874	714	3183	333	0	69
71	Solution - 26874	714	3183	333	0	69
72	Solution - 26874	714	3183	333	0	69
73	Solution - 26874	714	3183	333	0	69
74	Solution - 26874	714	3183	333	0	69
75	Solution - 26874	714	3183	333	0	69
76	Solution - 26874	714	3183	333	0	69
77	Solution - 26874	714	3183	333	0	69
78	Solution - 26874	714	3183	333	0	69
79	Solution - 26874	714	3183	333	0	69
80	Solution - 26874	714	3183	333	0	69
81	Solution - 26874	714	3183	333	0	69
82	Solution - 26874	714	3183	333	0	69
83	Solution - 26874	714	3183	333	0	69
84	Solution - 26874	714	3183	333	0	69
85	Solution - 26874	714	3183	333	0	69
86	Solution - 26874	714	3183	333	0	69
87	Solution - 26874	714	3183	333	0	69
88	Solution - 26874	714	3183	333	0	69
89	Solution - 26874	714	3183	333	0	69
90	Solution - 26874	714	3183	333	0	69
91	Solution - 26874	714	3183	333	0	69
92	Solution - 26874	714	3183	333	0	69
93	Solution - 26874	714	3183	333	0	69
94	Solution - 26874	714	3183	333	0	69
95	Solution - 26874	714	3183	333	0	69
96	Solution - 26874	714	3183	333	0	69
97	Solution - 26874	714	3183	333	0	69
98	Solution - 26874	714	3183	333	0	69
99	Solution - 26874	714	3183	333	0	69
