0	Solution - 36078	718	3240	440	0	73
1	Solution - 32647	744	3328	381	0	75
2	Solution - 31394	736	3283	375	0	73
3	Solution - 31394	736	3283	375	0	73
4	Solution - 31394	736	3283	375	0	73
5	Solution - 31394	736	3283	375	0	73
6	Solution - 30055	728	3266	357	0	73
7	Solution - 29981	727	3262	361	0	72
8	Solution - 29522	739	3306	349	0	73
9	Solution - 29522	739	3306	349	0	73
10	Solution - 29522	739	3306	349	0	73
11	Solution - 29522	739	3306	349	0	73
12	Solution - 29522	739	3306	349	0	73
13	Solution - 29522	739	3306	349	0	73
14	Solution - 29522	739	3306	349	0	73
15	Solution - 29522	739	3306	349	0	73
16	Solution - 29522	739	3306	349	0	73
17	Solution - 29522	739	3306	349	0	73
18	Solution - 29522	739	3306	349	0	73
19	Solution - 29522	739	3306	349	0	73
20	Solution - 29522	739	3306	349	0	73
21	Solution - 29522	739	3306	349	0	73
22	Solution - 27389	733	3265	339	0	69
23	Solution - 27389	733	3265	339	0	69
24	Solution - 27389	733	3265	339	0	69
25	Solution - 27389	733	3265	339	0	69
26	Solution - 27389	733	3265	339	0	69
27	Solution - 27389	733	3265	339	0	69
28	Solution - 27389	733	3265	339	0	69
29	Solution - 27389	733	3265	339	0	69
30	Solution - 27389	733	3265	339	0	69
31	Solution - 27389	733	3265	339	0	69
32	Solution - 27389	733	3265	339	0	69
33	Solution - 27389	733	3265	339	0	69
34	Solution - 27389	733	3265	339	0	69
35	Solution - 27389	733	3265	339	0	69
36	Solution - 27389	733	3265	339	0	69
37	Solution - 27389	733	3265	339	0	69
38	Solution - 26408	726	3242	330	0	68
39	Solution - 26408	726	3242	330	0	68
40	Solution - 26408	726	3242	330	0	68
41	Solution - 26408	726	3242	330	0	68
42	Solution - 26408	726	3242	330	0	68
43	Solution - 26408	726	3242	330	0	68
44	Solution - 26408	726	3242	330	0	68
45	Solution - 26408	726	3242	330	0	68
46	Solution - 26408	726	3242	330	0	68
47	Solution - 26408	726	3242	330	0	68
48	Solution - 26408	726	3242	330	0	68
49	Solution - 26408	726	3242	330	0	68
50	Solution - 26408	726	3242	330	0	68
51	Solution - 26408	726	3242	330	0	68
52	Solution - 26408	726	3242	330	0	68
53	Solution - 26408	726	3242	330	0	68
54	Solution - 26408	726	3242	330	0	68
55	Solution - 26408	726	3242	330	0	68
56	Solution - 26408	726	3242	330	0	68
57	Solution - 26408	726	3242	330	0	68
58	Solution - 26408	726	3242	330	0	68
59	Solution - 26408	726	3242	330	0	68
60	Solution - 26408	726	3242	330	0	68
61	Solution - 26408	726	3242	330	0	68
62	Solution - 26408	726	3242	330	0	68
63	Solution - 26408	726	3242	330	0	68
64	Solution - 26408	726	3242	330	0	68
65	Solution - 26408	726	3242	330	0	68
66	Solution - 26408	726	3242	330	0	68
67	Solution - 26408	726	3242	330	0	68
68	Solution - 26408	726	3242	330	0	68
69	Solution - 26408	726	3242	330	0	68
70	Solution - 26408	726	3242	330	0	68
71	Solution - 26408	726	3242	330	0	68
72	Solution - 26408	726	3242	330	0	68
73	Solution - 26408	726	3242	330	0	68
74	Solution - 26408	726	3242	330	0	68
75	Solution - 26408	726	3242	330	0	68
76	Solution - 26408	726	3242	330	0	68
77	Solution - 26408	726	3242	330	0	68
78	Solution - 26408	726	3242	330	0	68
79	Solution - 26408	726	3242	330	0	68
80	Solution - 26408	726	3242	330	0	68
81	Solution - 26408	726	3242	330	0	68
82	Solution - 26408	726	3242	330	0	68
83	Solution - 26408	726	3242	330	0	68
84	Solution - 26408	726	3242	330	0	68
85	Solution - 26408	726	3242	330	0	68
86	Solution - 26408	726	3242	330	0	68
87	Solution - 26408	726	3242	330	0	68
88	Solution - 26408	726	3242	330	0	68
89	Solution - 26408	726	3242	330	0	68
90	Solution - 26408	726	3242	330	0	68
91	Solution - 26408	726	3242	330	0	68
92	Solution - 26408	726	3242	330	0	68
93	Solution - 26408	726	3242	330	0	68
94	Solution - 26408	726	3242	330	0	68
95	Solution - 26408	726	3242	330	0	68
96	Solution - 26408	726	3242	330	0	68
97	Solution - 26408	726	3242	330	0	68
98	Solution - 26408	726	3242	330	0	68
99	Solution - 26408	726	3242	330	0	68
