0	Solution - 27548	710	3171	343	0	69
1	Solution - 27548	710	3171	343	0	69
2	Solution - 27548	710	3171	343	0	69
3	Solution - 27548	710	3171	343	0	69
4	Solution - 27548	710	3171	343	0	69
5	Solution - 27548	710	3171	343	0	69
6	Solution - 27548	710	3171	343	0	69
7	Solution - 27548	710	3171	343	0	69
8	Solution - 27548	710	3171	343	0	69
9	Solution - 27548	710	3171	343	0	69
10	Solution - 27548	710	3171	343	0	69
11	Solution - 27548	710	3171	343	0	69
12	Solution - 27548	710	3171	343	0	69
13	Solution - 27548	710	3171	343	0	69
14	Solution - 27548	710	3171	343	0	69
15	Solution - 27548	710	3171	343	0	69
16	Solution - 27548	710	3171	343	0	69
17	Solution - 27548	710	3171	343	0	69
18	Solution - 27548	710	3171	343	0	69
19	Solution - 27548	710	3171	343	0	69
20	Solution - 27548	710	3171	343	0	69
21	Solution - 27548	710	3171	343	0	69
22	Solution - 27548	710	3171	343	0	69
23	Solution - 27548	710	3171	343	0	69
24	Solution - 27548	710	3171	343	0	69
25	Solution - 27548	710	3171	343	0	69
26	Solution - 27548	710	3171	343	0	69
27	Solution - 27548	710	3171	343	0	69
28	Solution - 27548	710	3171	343	0	69
29	Solution - 27548	710	3171	343	0	69
30	Solution - 27548	710	3171	343	0	69
31	Solution - 27548	710	3171	343	0	69
32	Solution - 27548	710	3171	343	0	69
33	Solution - 27548	710	3171	343	0	69
34	Solution - 27548	710	3171	343	0	69
35	Solution - 27548	710	3171	343	0	69
36	Solution - 27548	710	3171	343	0	69
37	Solution - 27548	710	3171	343	0	69
38	Solution - 27548	710	3171	343	0	69
39	Solution - 27548	710	3171	343	0	69
40	Solution - 27548	710	3171	343	0	69
41	Solution - 27548	710	3171	343	0	69
42	Solution - 27548	710	3171	343	0	69
43	Solution - 27548	710	3171	343	0	69
44	Solution - 27548	710	3171	343	0	69
45	Solution - 27548	710	3171	343	0	69
46	Solution - 27548	710	3171	343	0	69
47	Solution - 27548	710	3171	343	0	69
48	Solution - 27548	710	3171	343	0	69
49	Solution - 27548	710	3171	343	0	69
50	Solution - 27548	710	3171	343	0	69
51	Solution - 27548	710	3171	343	0	69
52	Solution - 27548	710	3171	343	0	69
53	Solution - 27548	710	3171	343	0	69
54	Solution - 27548	710	3171	343	0	69
55	Solution - 27548	710	3171	343	0	69
56	Solution - 27548	710	3171	343	0	69
57	Solution - 27548	710	3171	343	0	69
58	Solution - 27548	710	3171	343	0	69
59	Solution - 27548	710	3171	343	0	69
60	Solution - 27548	710	3171	343	0	69
61	Solution - 27548	710	3171	343	0	69
62	Solution - 27548	710	3171	343	0	69
63	Solution - 27548	710	3171	343	0	69
64	Solution - 27548	710	3171	343	0	69
65	Solution - 27548	710	3171	343	0	69
66	Solution - 27548	710	3171	343	0	69
67	Solution - 27548	710	3171	343	0	69
68	Solution - 25680	728	3226	306	0	71
69	Solution - 25680	728	3226	306	0	71
70	Solution - 25680	728	3226	306	0	71
71	Solution - 25680	728	3226	306	0	71
72	Solution - 25680	728	3226	306	0	71
73	Solution - 25680	728	3226	306	0	71
74	Solution - 25680	728	3226	306	0	71
75	Solution - 25680	728	3226	306	0	71
76	Solution - 25680	728	3226	306	0	71
77	Solution - 25680	728	3226	306	0	71
78	Solution - 25680	728	3226	306	0	71
79	Solution - 25680	728	3226	306	0	71
80	Solution - 25680	728	3226	306	0	71
81	Solution - 25680	728	3226	306	0	71
82	Solution - 25680	728	3226	306	0	71
83	Solution - 25680	728	3226	306	0	71
84	Solution - 25680	728	3226	306	0	71
85	Solution - 25680	728	3226	306	0	71
86	Solution - 25680	728	3226	306	0	71
87	Solution - 25680	728	3226	306	0	71
88	Solution - 25680	728	3226	306	0	71
89	Solution - 25680	728	3226	306	0	71
90	Solution - 25680	728	3226	306	0	71
91	Solution - 25680	728	3226	306	0	71
92	Solution - 25680	728	3226	306	0	71
93	Solution - 25680	728	3226	306	0	71
94	Solution - 25680	728	3226	306	0	71
95	Solution - 25680	728	3226	306	0	71
96	Solution - 25680	728	3226	306	0	71
97	Solution - 25680	728	3226	306	0	71
98	Solution - 25680	728	3226	306	0	71
99	Solution - 25680	728	3226	306	0	71
