0	Solution - 32816	742	3310	423	0	68
1	Solution - 32816	742	3310	423	0	68
2	Solution - 32816	742	3310	423	0	68
3	Solution - 31299	734	3310	395	0	69
4	Solution - 30672	708	3164	400	0	67
5	Solution - 30672	708	3164	400	0	67
6	Solution - 28148	716	3196	332	0	73
7	Solution - 28148	716	3196	332	0	73
8	Solution - 28148	716	3196	332	0	73
9	Solution - 28148	716	3196	332	0	73
10	Solution - 28148	716	3196	332	0	73
11	Solution - 28148	716	3196	332	0	73
12	Solution - 28148	716	3196	332	0	73
13	Solution - 28148	716	3196	332	0	73
14	Solution - 28148	716	3196	332	0	73
15	Solution - 28148	716	3196	332	0	73
16	Solution - 28148	716	3196	332	0	73
17	Solution - 28148	716	3196	332	0	73
18	Solution - 28148	716	3196	332	0	73
19	Solution - 28148	716	3196	332	0	73
20	Solution - 28148	716	3196	332	0	73
21	Solution - 28148	716	3196	332	0	73
22	Solution - 28148	716	3196	332	0	73
23	Solution - 28148	716	3196	332	0	73
24	Solution - 28148	716	3196	332	0	73
25	Solution - 28148	716	3196	332	0	73
26	Solution - 28148	716	3196	332	0	73
27	Solution - 28148	716	3196	332	0	73
28	Solution - 28148	716	3196	332	0	73
29	Solution - 28148	716	3196	332	0	73
30	Solution - 28148	716	3196	332	0	73
31	Solution - 28148	716	3196	332	0	73
32	Solution - 28148	716	3196	332	0	73
33	Solution - 28148	716	3196	332	0	73
34	Solution - 28148	716	3196	332	0	73
35	Solution - 28148	716	3196	332	0	73
36	Solution - 28148	716	3196	332	0	73
37	Solution - 28148	716	3196	332	0	73
38	Solution - 28148	716	3196	332	0	73
39	Solution - 28148	716	3196	332	0	73
40	Solution - 28148	716	3196	332	0	73
41	Solution - 27201	727	3257	327	0	71
42	Solution - 27201	727	3257	327	0	71
43	Solution - 27201	727	3257	327	0	71
44	Solution - 27201	727	3257	327	0	71
45	Solution - 27201	727	3257	327	0	71
46	Solution - 27201	727	3257	327	0	71
47	Solution - 26916	713	3208	315	0	73
48	Solution - 26916	713	3208	315	0	73
49	Solution - 26916	713	3208	315	0	73
50	Solution - 26916	713	3208	315	0	73
51	Solution - 26916	713	3208	315	0	73
52	Solution - 26916	713	3208	315	0	73
53	Solution - 26916	713	3208	315	0	73
54	Solution - 26916	713	3208	315	0	73
55	Solution - 26916	713	3208	315	0	73
56	Solution - 26916	713	3208	315	0	73
57	Solution - 26916	713	3208	315	0	73
58	Solution - 26916	713	3208	315	0	73
59	Solution - 26916	713	3208	315	0	73
60	Solution - 26916	713	3208	315	0	73
61	Solution - 26916	713	3208	315	0	73
62	Solution - 26916	713	3208	315	0	73
63	Solution - 26916	713	3208	315	0	73
64	Solution - 26916	713	3208	315	0	73
65	Solution - 26916	713	3208	315	0	73
66	Solution - 26916	713	3208	315	0	73
67	Solution - 26916	713	3208	315	0	73
68	Solution - 26916	713	3208	315	0	73
69	Solution - 26916	713	3208	315	0	73
70	Solution - 26916	713	3208	315	0	73
71	Solution - 26916	713	3208	315	0	73
72	Solution - 26916	713	3208	315	0	73
73	Solution - 26916	713	3208	315	0	73
74	Solution - 26916	713	3208	315	0	73
75	Solution - 26916	713	3208	315	0	73
76	Solution - 26916	713	3208	315	0	73
77	Solution - 26916	713	3208	315	0	73
78	Solution - 26916	713	3208	315	0	73
79	Solution - 26916	713	3208	315	0	73
80	Solution - 26916	713	3208	315	0	73
81	Solution - 26916	713	3208	315	0	73
82	Solution - 26916	713	3208	315	0	73
83	Solution - 26916	713	3208	315	0	73
84	Solution - 26916	713	3208	315	0	73
85	Solution - 26916	713	3208	315	0	73
86	Solution - 26916	713	3208	315	0	73
87	Solution - 26916	713	3208	315	0	73
88	Solution - 26916	713	3208	315	0	73
89	Solution - 26916	713	3208	315	0	73
90	Solution - 26916	713	3208	315	0	73
91	Solution - 26916	713	3208	315	0	73
92	Solution - 26916	713	3208	315	0	73
93	Solution - 26916	713	3208	315	0	73
94	Solution - 26916	713	3208	315	0	73
95	Solution - 26916	713	3208	315	0	73
96	Solution - 26916	713	3208	315	0	73
97	Solution - 26916	713	3208	315	0	73
98	Solution - 26916	713	3208	315	0	73
99	Solution - 26916	713	3208	315	0	73
