31413
31387
31092
31092
31092
29318
28950
28950
28950
28950
28950
28950
27936
27936
27936
27936
27936
27936
27936
27936
27936
27834
27834
27834
27834
27834
27834
27834
27834
27834
27834
27834
27834
27834
27834
27834
27569
27569
27569
27569
27569
27569
27569
26516
26516
26516
26516
26516
26516
26516
26516
26516
26516
26516
26516
26516
26516
26516
26516
26516
26516
26516
26516
26516
26516
26516
26516
26516
26516
26516
26516
26516
26516
26516
26516
26516
26516
26516
26516
26516
26516
26516
26516
26516
26516
26516
26516
26516
26516
26516
26516
26516
26516
26516
26516
26516
26516
26516
26516
26516
