38172
32373
28864
28864
28639
28639
28639
27484
27484
27484
27484
27484
27484
27484
27484
27484
27484
27484
27484
27484
27484
27484
27484
27484
27484
27484
27484
27484
27484
27484
27484
27484
27484
27484
27484
27484
27484
27484
27484
27484
27484
27484
27484
27484
27484
27484
27484
27484
27484
27484
27484
27484
27484
27484
27484
27484
27484
27484
27484
27484
27484
27484
27484
27484
27484
27484
27484
27193
27193
27193
27193
27193
26436
26436
26103
26103
26103
26103
26103
26103
26103
26103
26103
26103
26103
26103
26103
26103
26103
26103
26103
26103
26103
26103
26103
26103
26103
26103
26103
26103
