0	Solution - 32065	708	3217	402	0	70
1	Solution - 31968	710	3178	390	0	72
2	Solution - 31968	710	3178	390	0	72
3	Solution - 31135	736	3277	382	0	71
4	Solution - 28988	715	3210	353	0	71
5	Solution - 28988	715	3210	353	0	71
6	Solution - 28988	715	3210	353	0	71
7	Solution - 28988	715	3210	353	0	71
8	Solution - 28988	715	3210	353	0	71
9	Solution - 28988	715	3210	353	0	71
10	Solution - 28988	715	3210	353	0	71
11	Solution - 28988	715	3210	353	0	71
12	Solution - 28988	715	3210	353	0	71
13	Solution - 28988	715	3210	353	0	71
14	Solution - 28988	715	3210	353	0	71
15	Solution - 28988	715	3210	353	0	71
16	Solution - 28988	715	3210	353	0	71
17	Solution - 28988	715	3210	353	0	71
18	Solution - 28988	715	3210	353	0	71
19	Solution - 28988	715	3210	353	0	71
20	Solution - 28988	715	3210	353	0	71
21	Solution - 28988	715	3210	353	0	71
22	Solution - 28988	715	3210	353	0	71
23	Solution - 28988	715	3210	353	0	71
24	Solution - 28988	715	3210	353	0	71
25	Solution - 28988	715	3210	353	0	71
26	Solution - 28988	715	3210	353	0	71
27	Solution - 28988	715	3210	353	0	71
28	Solution - 28988	715	3210	353	0	71
29	Solution - 28988	715	3210	353	0	71
30	Solution - 28988	715	3210	353	0	71
31	Solution - 28988	715	3210	353	0	71
32	Solution - 28988	715	3210	353	0	71
33	Solution - 28988	715	3210	353	0	71
34	Solution - 28988	715	3210	353	0	71
35	Solution - 28988	715	3210	353	0	71
36	Solution - 28988	715	3210	353	0	71
37	Solution - 28988	715	3210	353	0	71
38	Solution - 28988	715	3210	353	0	71
39	Solution - 28988	715	3210	353	0	71
40	Solution - 28988	715	3210	353	0	71
41	Solution - 27975	714	3211	325	0	74
42	Solution - 27975	714	3211	325	0	74
43	Solution - 27975	714	3211	325	0	74
44	Solution - 27975	714	3211	325	0	74
45	Solution - 27975	714	3211	325	0	74
46	Solution - 27975	714	3211	325	0	74
47	Solution - 27975	714	3211	325	0	74
48	Solution - 27975	714	3211	325	0	74
49	Solution - 27975	714	3211	325	0	74
50	Solution - 27975	714	3211	325	0	74
51	Solution - 27975	714	3211	325	0	74
52	Solution - 27975	714	3211	325	0	74
53	Solution - 27975	714	3211	325	0	74
54	Solution - 27975	714	3211	325	0	74
55	Solution - 27975	714	3211	325	0	74
56	Solution - 27975	714	3211	325	0	74
57	Solution - 27975	714	3211	325	0	74
58	Solution - 27975	714	3211	325	0	74
59	Solution - 27975	714	3211	325	0	74
60	Solution - 27975	714	3211	325	0	74
61	Solution - 27975	714	3211	325	0	74
62	Solution - 27975	714	3211	325	0	74
63	Solution - 27975	714	3211	325	0	74
64	Solution - 27975	714	3211	325	0	74
65	Solution - 27162	709	3165	328	0	71
66	Solution - 27162	709	3165	328	0	71
67	Solution - 27162	709	3165	328	0	71
68	Solution - 27162	709	3165	328	0	71
69	Solution - 27162	709	3165	328	0	71
70	Solution - 27162	709	3165	328	0	71
71	Solution - 27162	709	3165	328	0	71
72	Solution - 27162	709	3165	328	0	71
73	Solution - 27162	709	3165	328	0	71
74	Solution - 27162	709	3165	328	0	71
75	Solution - 27162	709	3165	328	0	71
76	Solution - 27162	709	3165	328	0	71
77	Solution - 27162	709	3165	328	0	71
78	Solution - 27162	709	3165	328	0	71
79	Solution - 27162	709	3165	328	0	71
80	Solution - 27162	709	3165	328	0	71
81	Solution - 27162	709	3165	328	0	71
82	Solution - 27162	709	3165	328	0	71
83	Solution - 27162	709	3165	328	0	71
84	Solution - 27162	709	3165	328	0	71
85	Solution - 27162	709	3165	328	0	71
86	Solution - 27162	709	3165	328	0	71
87	Solution - 27162	709	3165	328	0	71
88	Solution - 27162	709	3165	328	0	71
89	Solution - 27162	709	3165	328	0	71
90	Solution - 27162	709	3165	328	0	71
91	Solution - 27162	709	3165	328	0	71
92	Solution - 27162	709	3165	328	0	71
93	Solution - 27162	709	3165	328	0	71
94	Solution - 27162	709	3165	328	0	71
95	Solution - 27162	709	3165	328	0	71
96	Solution - 27162	709	3165	328	0	71
97	Solution - 27162	709	3165	328	0	71
98	Solution - 27162	709	3165	328	0	71
99	Solution - 27162	709	3165	328	0	71
