0	Solution - 36327	738	3289	475	0	68
1	Solution - 28151	716	3215	346	0	70
2	Solution - 28151	716	3215	346	0	70
3	Solution - 28151	716	3215	346	0	70
4	Solution - 28151	716	3215	346	0	70
5	Solution - 28151	716	3215	346	0	70
6	Solution - 28151	716	3215	346	0	70
7	Solution - 28151	716	3215	346	0	70
8	Solution - 25710	730	3245	315	1	69
9	Solution - 25710	730	3245	315	1	69
10	Solution - 25710	730	3245	315	1	69
11	Solution - 25710	730	3245	315	1	69
12	Solution - 25710	730	3245	315	1	69
13	Solution - 25710	730	3245	315	1	69
14	Solution - 25710	730	3245	315	1	69
15	Solution - 25710	730	3245	315	1	69
16	Solution - 25710	730	3245	315	1	69
17	Solution - 25710	730	3245	315	1	69
18	Solution - 25710	730	3245	315	1	69
19	Solution - 25710	730	3245	315	1	69
20	Solution - 25710	730	3245	315	1	69
21	Solution - 25710	730	3245	315	1	69
22	Solution - 25710	730	3245	315	1	69
23	Solution - 25710	730	3245	315	1	69
24	Solution - 25710	730	3245	315	1	69
25	Solution - 25710	730	3245	315	1	69
26	Solution - 25710	730	3245	315	1	69
27	Solution - 25710	730	3245	315	1	69
28	Solution - 25710	730	3245	315	1	69
29	Solution - 25710	730	3245	315	1	69
30	Solution - 25710	730	3245	315	1	69
31	Solution - 25710	730	3245	315	1	69
32	Solution - 25710	730	3245	315	1	69
33	Solution - 25710	730	3245	315	1	69
34	Solution - 25710	730	3245	315	1	69
35	Solution - 25710	730	3245	315	1	69
36	Solution - 25710	730	3245	315	1	69
37	Solution - 25710	730	3245	315	1	69
38	Solution - 25710	730	3245	315	1	69
39	Solution - 25710	730	3245	315	1	69
40	Solution - 25710	730	3245	315	1	69
41	Solution - 25710	730	3245	315	1	69
42	Solution - 25710	730	3245	315	1	69
43	Solution - 25710	730	3245	315	1	69
44	Solution - 25710	730	3245	315	1	69
45	Solution - 25710	730	3245	315	1	69
46	Solution - 25710	730	3245	315	1	69
47	Solution - 25710	730	3245	315	1	69
48	Solution - 25710	730	3245	315	1	69
49	Solution - 25710	730	3245	315	1	69
50	Solution - 25710	730	3245	315	1	69
51	Solution - 25710	730	3245	315	1	69
52	Solution - 25710	730	3245	315	1	69
53	Solution - 25710	730	3245	315	1	69
54	Solution - 25710	730	3245	315	1	69
55	Solution - 25710	730	3245	315	1	69
56	Solution - 25710	730	3245	315	1	69
57	Solution - 25710	730	3245	315	1	69
58	Solution - 25710	730	3245	315	1	69
59	Solution - 25710	730	3245	315	1	69
60	Solution - 25710	730	3245	315	1	69
61	Solution - 25710	730	3245	315	1	69
62	Solution - 25710	730	3245	315	1	69
63	Solution - 25710	730	3245	315	1	69
64	Solution - 25710	730	3245	315	1	69
65	Solution - 25710	730	3245	315	1	69
66	Solution - 25710	730	3245	315	1	69
67	Solution - 25710	730	3245	315	1	69
68	Solution - 25710	730	3245	315	1	69
69	Solution - 25710	730	3245	315	1	69
70	Solution - 25710	730	3245	315	1	69
71	Solution - 25710	730	3245	315	1	69
72	Solution - 25710	730	3245	315	1	69
73	Solution - 25710	730	3245	315	1	69
74	Solution - 25710	730	3245	315	1	69
75	Solution - 25710	730	3245	315	1	69
76	Solution - 25710	730	3245	315	1	69
77	Solution - 25710	730	3245	315	1	69
78	Solution - 25710	730	3245	315	1	69
79	Solution - 25710	730	3245	315	1	69
80	Solution - 25710	730	3245	315	1	69
81	Solution - 25710	730	3245	315	1	69
82	Solution - 25710	730	3245	315	1	69
83	Solution - 25710	730	3245	315	1	69
84	Solution - 25710	730	3245	315	1	69
85	Solution - 25710	730	3245	315	1	69
86	Solution - 25710	730	3245	315	1	69
87	Solution - 25710	730	3245	315	1	69
88	Solution - 25710	730	3245	315	1	69
89	Solution - 25710	730	3245	315	1	69
90	Solution - 25710	730	3245	315	1	69
91	Solution - 25710	730	3245	315	1	69
92	Solution - 25710	730	3245	315	1	69
93	Solution - 25710	730	3245	315	1	69
94	Solution - 25710	730	3245	315	1	69
95	Solution - 25710	730	3245	315	1	69
96	Solution - 25710	730	3245	315	1	69
97	Solution - 25710	730	3245	315	1	69
98	Solution - 25710	730	3245	315	1	69
99	Solution - 25710	730	3245	315	1	69
