32816
32816
32816
31299
30672
30672
28148
28148
28148
28148
28148
28148
28148
28148
28148
28148
28148
28148
28148
28148
28148
28148
28148
28148
28148
28148
28148
28148
28148
28148
28148
28148
28148
28148
28148
28148
28148
28148
28148
28148
28148
27201
27201
27201
27201
27201
27201
26916
26916
26916
26916
26916
26916
26916
26916
26916
26916
26916
26916
26916
26916
26916
26916
26916
26916
26916
26916
26916
26916
26916
26916
26916
26916
26916
26916
26916
26916
26916
26916
26916
26916
26916
26916
26916
26916
26916
26916
26916
26916
26916
26916
26916
26916
26916
26916
26916
26916
26916
26916
26916
