32772
32772
32719
29812
29812
29812
27928
27928
27928
27928
27928
27928
27928
27928
27928
27928
27928
27928
27928
27928
27928
27928
27928
27928
27928
27928
27928
27928
27928
27928
27928
27928
27928
27928
27928
27928
27928
27928
27928
27928
27928
27928
27928
27928
27928
27928
27928
27928
27928
27928
27928
26950
26950
26950
26950
26950
26950
26950
26950
26950
26950
26950
26950
26950
26950
26950
26950
26950
26950
26950
26950
26950
26950
26950
25734
25734
25734
25734
25734
25734
25734
25734
25734
25734
25734
25734
25734
25734
25734
25734
25734
25734
25734
25734
25734
25734
25734
25734
25734
25734
