0	Solution - 34106	705	3141	445	0	68
1	Solution - 29303	726	3233	352	0	72
2	Solution - 29303	726	3233	352	0	72
3	Solution - 29303	726	3233	352	0	72
4	Solution - 29303	726	3233	352	0	72
5	Solution - 29303	726	3233	352	0	72
6	Solution - 29303	726	3233	352	0	72
7	Solution - 29303	726	3233	352	0	72
8	Solution - 28854	723	3219	346	0	72
9	Solution - 28854	723	3219	346	0	72
10	Solution - 26234	725	3261	309	0	72
11	Solution - 26234	725	3261	309	0	72
12	Solution - 26234	725	3261	309	0	72
13	Solution - 26234	725	3261	309	0	72
14	Solution - 26234	725	3261	309	0	72
15	Solution - 26234	725	3261	309	0	72
16	Solution - 26234	725	3261	309	0	72
17	Solution - 26234	725	3261	309	0	72
18	Solution - 26234	725	3261	309	0	72
19	Solution - 26234	725	3261	309	0	72
20	Solution - 26234	725	3261	309	0	72
21	Solution - 26234	725	3261	309	0	72
22	Solution - 26234	725	3261	309	0	72
23	Solution - 26234	725	3261	309	0	72
24	Solution - 26234	725	3261	309	0	72
25	Solution - 26234	725	3261	309	0	72
26	Solution - 26234	725	3261	309	0	72
27	Solution - 26234	725	3261	309	0	72
28	Solution - 26234	725	3261	309	0	72
29	Solution - 26234	725	3261	309	0	72
30	Solution - 26234	725	3261	309	0	72
31	Solution - 26234	725	3261	309	0	72
32	Solution - 26234	725	3261	309	0	72
33	Solution - 26234	725	3261	309	0	72
34	Solution - 26234	725	3261	309	0	72
35	Solution - 26234	725	3261	309	0	72
36	Solution - 26234	725	3261	309	0	72
37	Solution - 26234	725	3261	309	0	72
38	Solution - 26234	725	3261	309	0	72
39	Solution - 26234	725	3261	309	0	72
40	Solution - 26234	725	3261	309	0	72
41	Solution - 26234	725	3261	309	0	72
42	Solution - 26234	725	3261	309	0	72
43	Solution - 26234	725	3261	309	0	72
44	Solution - 26234	725	3261	309	0	72
45	Solution - 26234	725	3261	309	0	72
46	Solution - 26234	725	3261	309	0	72
47	Solution - 26234	725	3261	309	0	72
48	Solution - 26234	725	3261	309	0	72
49	Solution - 26234	725	3261	309	0	72
50	Solution - 26234	725	3261	309	0	72
51	Solution - 26234	725	3261	309	0	72
52	Solution - 26234	725	3261	309	0	72
53	Solution - 26234	725	3261	309	0	72
54	Solution - 26234	725	3261	309	0	72
55	Solution - 26234	725	3261	309	0	72
56	Solution - 26234	725	3261	309	0	72
57	Solution - 26234	725	3261	309	0	72
58	Solution - 26234	725	3261	309	0	72
59	Solution - 26234	725	3261	309	0	72
60	Solution - 26234	725	3261	309	0	72
61	Solution - 26234	725	3261	309	0	72
62	Solution - 25530	713	3187	309	0	70
63	Solution - 25530	713	3187	309	0	70
64	Solution - 25530	713	3187	309	0	70
65	Solution - 25530	713	3187	309	0	70
66	Solution - 25530	713	3187	309	0	70
67	Solution - 25530	713	3187	309	0	70
68	Solution - 25530	713	3187	309	0	70
69	Solution - 25530	713	3187	309	0	70
70	Solution - 25530	713	3187	309	0	70
71	Solution - 25530	713	3187	309	0	70
72	Solution - 25530	713	3187	309	0	70
73	Solution - 25530	713	3187	309	0	70
74	Solution - 25530	713	3187	309	0	70
75	Solution - 25530	713	3187	309	0	70
76	Solution - 25530	713	3187	309	0	70
77	Solution - 25530	713	3187	309	0	70
78	Solution - 25530	713	3187	309	0	70
79	Solution - 25530	713	3187	309	0	70
80	Solution - 25530	713	3187	309	0	70
81	Solution - 25530	713	3187	309	0	70
82	Solution - 25530	713	3187	309	0	70
83	Solution - 25530	713	3187	309	0	70
84	Solution - 25530	713	3187	309	0	70
85	Solution - 25530	713	3187	309	0	70
86	Solution - 25530	713	3187	309	0	70
87	Solution - 25530	713	3187	309	0	70
88	Solution - 25530	713	3187	309	0	70
89	Solution - 25530	713	3187	309	0	70
90	Solution - 25530	713	3187	309	0	70
91	Solution - 25530	713	3187	309	0	70
92	Solution - 25530	713	3187	309	0	70
93	Solution - 25530	713	3187	309	0	70
94	Solution - 25530	713	3187	309	0	70
95	Solution - 25530	713	3187	309	0	70
96	Solution - 25530	713	3187	309	0	70
97	Solution - 25530	713	3187	309	0	70
98	Solution - 25530	713	3187	309	0	70
99	Solution - 25530	713	3187	309	0	70
