33154
33154
32616
30820
30820
30820
30820
30820
30820
30820
30820
30499
30499
30499
30499
30499
30499
30499
30499
27840
27840
27840
27840
27840
27840
27840
27840
27840
27840
27840
27840
27840
27840
27840
27840
27840
25742
25742
25742
25742
25742
25742
25742
25742
25742
25742
25742
25742
25742
25742
25742
25742
25742
25742
25742
25742
25742
25742
25742
25742
25742
25742
25742
25742
25742
25742
25742
25742
25742
25742
25742
25742
25742
25742
25742
25742
25742
25742
25742
25742
25742
25742
25742
25742
25742
25742
25742
25742
25742
25742
25742
25742
25742
25742
25742
25742
25742
25742
25742
25742
