0	Solution - 33728	738	3310	424	0	70
1	Solution - 29588	720	3232	377	0	68
2	Solution - 29588	720	3232	377	0	68
3	Solution - 29588	720	3232	377	0	68
4	Solution - 29588	720	3232	377	0	68
5	Solution - 29588	720	3232	377	0	68
6	Solution - 29588	720	3232	377	0	68
7	Solution - 29588	720	3232	377	0	68
8	Solution - 27920	730	3247	347	0	69
9	Solution - 27920	730	3247	347	0	69
10	Solution - 27920	730	3247	347	0	69
11	Solution - 27920	730	3247	347	0	69
12	Solution - 27920	730	3247	347	0	69
13	Solution - 27920	730	3247	347	0	69
14	Solution - 27920	730	3247	347	0	69
15	Solution - 27920	730	3247	347	0	69
16	Solution - 27920	730	3247	347	0	69
17	Solution - 27920	730	3247	347	0	69
18	Solution - 27920	730	3247	347	0	69
19	Solution - 27920	730	3247	347	0	69
20	Solution - 27920	730	3247	347	0	69
21	Solution - 27920	730	3247	347	0	69
22	Solution - 27920	730	3247	347	0	69
23	Solution - 27920	730	3247	347	0	69
24	Solution - 27920	730	3247	347	0	69
25	Solution - 27920	730	3247	347	0	69
26	Solution - 27920	730	3247	347	0	69
27	Solution - 27920	730	3247	347	0	69
28	Solution - 27920	730	3247	347	0	69
29	Solution - 27920	730	3247	347	0	69
30	Solution - 27920	730	3247	347	0	69
31	Solution - 27920	730	3247	347	0	69
32	Solution - 27920	730	3247	347	0	69
33	Solution - 27920	730	3247	347	0	69
34	Solution - 27920	730	3247	347	0	69
35	Solution - 27920	730	3247	347	0	69
36	Solution - 27920	730	3247	347	0	69
37	Solution - 27920	730	3247	347	0	69
38	Solution - 27920	730	3247	347	0	69
39	Solution - 27920	730	3247	347	0	69
40	Solution - 27920	730	3247	347	0	69
41	Solution - 27920	730	3247	347	0	69
42	Solution - 27920	730	3247	347	0	69
43	Solution - 27920	730	3247	347	0	69
44	Solution - 27920	730	3247	347	0	69
45	Solution - 26269	721	3218	319	0	70
46	Solution - 26269	721	3218	319	0	70
47	Solution - 26269	721	3218	319	0	70
48	Solution - 26269	721	3218	319	0	70
49	Solution - 26269	721	3218	319	0	70
50	Solution - 26269	721	3218	319	0	70
51	Solution - 26269	721	3218	319	0	70
52	Solution - 26269	721	3218	319	0	70
53	Solution - 26269	721	3218	319	0	70
54	Solution - 26269	721	3218	319	0	70
55	Solution - 26269	721	3218	319	0	70
56	Solution - 26269	721	3218	319	0	70
57	Solution - 26269	721	3218	319	0	70
58	Solution - 26269	721	3218	319	0	70
59	Solution - 26269	721	3218	319	0	70
60	Solution - 26269	721	3218	319	0	70
61	Solution - 26269	721	3218	319	0	70
62	Solution - 26269	721	3218	319	0	70
63	Solution - 26269	721	3218	319	0	70
64	Solution - 26269	721	3218	319	0	70
65	Solution - 26269	721	3218	319	0	70
66	Solution - 26269	721	3218	319	0	70
67	Solution - 26269	721	3218	319	0	70
68	Solution - 26269	721	3218	319	0	70
69	Solution - 26269	721	3218	319	0	70
70	Solution - 26269	721	3218	319	0	70
71	Solution - 26269	721	3218	319	0	70
72	Solution - 26269	721	3218	319	0	70
73	Solution - 26269	721	3218	319	0	70
74	Solution - 26269	721	3218	319	0	70
75	Solution - 26269	721	3218	319	0	70
76	Solution - 26269	721	3218	319	0	70
77	Solution - 26269	721	3218	319	0	70
78	Solution - 26269	721	3218	319	0	70
79	Solution - 26269	721	3218	319	0	70
80	Solution - 26269	721	3218	319	0	70
81	Solution - 26269	721	3218	319	0	70
82	Solution - 26269	721	3218	319	0	70
83	Solution - 26269	721	3218	319	0	70
84	Solution - 26269	721	3218	319	0	70
85	Solution - 26269	721	3218	319	0	70
86	Solution - 26269	721	3218	319	0	70
87	Solution - 26269	721	3218	319	0	70
88	Solution - 26269	721	3218	319	0	70
89	Solution - 26269	721	3218	319	0	70
90	Solution - 26269	721	3218	319	0	70
91	Solution - 26269	721	3218	319	0	70
92	Solution - 26269	721	3218	319	0	70
93	Solution - 26269	721	3218	319	0	70
94	Solution - 26269	721	3218	319	0	70
95	Solution - 26269	721	3218	319	0	70
96	Solution - 26269	721	3218	319	0	70
97	Solution - 26269	721	3218	319	0	70
98	Solution - 26269	721	3218	319	0	70
99	Solution - 26269	721	3218	319	0	70
