37965
31370
28109
28109
28109
28109
28109
28109
26828
26828
26828
26828
26828
26828
26643
26643
26643
26643
26643
26643
26643
26643
26643
26643
26643
26643
26643
26643
26643
26643
26643
26643
26643
26643
26643
26643
26643
26643
26643
26643
26643
26643
26643
26617
26617
26617
26617
26617
26617
26617
26617
26617
26617
26617
26617
26617
26617
26617
26617
26617
26617
26617
26617
26617
26617
26617
26617
26617
26617
26617
26617
26617
26617
26617
26617
26617
26617
26617
26617
26617
26617
26617
26617
26617
26617
26617
26617
26617
26617
26617
26617
26617
26617
26617
26617
26617
26617
26617
26617
26617
