33057
31620
31620
27496
27496
27496
27496
27496
27496
27496
27496
27496
27496
27496
27496
27496
27496
27496
27496
27496
27496
27496
27496
27496
27072
27072
27072
27072
27072
27072
27072
27072
27072
27072
27072
27072
27072
27072
27072
27072
27072
27072
27072
27072
27072
27072
27072
27072
27072
27072
27072
27072
27072
27072
27072
27072
27072
27072
27072
27072
27072
27072
27072
27072
27072
27072
27072
27072
27072
27072
27072
27072
27072
27072
26470
26470
26470
26470
26470
26470
26470
26470
26470
26470
26470
26470
26470
26470
26470
26470
26470
26470
26470
26470
26470
26470
26470
26470
26470
26470
