0	Solution - 37965	749	3349	477	1	71
1	Solution - 31370	716	3192	398	0	69
2	Solution - 28109	711	3187	341	0	71
3	Solution - 28109	711	3187	341	0	71
4	Solution - 28109	711	3187	341	0	71
5	Solution - 28109	711	3187	341	0	71
6	Solution - 28109	711	3187	341	0	71
7	Solution - 28109	711	3187	341	0	71
8	Solution - 26828	733	3275	326	0	70
9	Solution - 26828	733	3275	326	0	70
10	Solution - 26828	733	3275	326	0	70
11	Solution - 26828	733	3275	326	0	70
12	Solution - 26828	733	3275	326	0	70
13	Solution - 26828	733	3275	326	0	70
14	Solution - 26643	709	3154	335	0	68
15	Solution - 26643	709	3154	335	0	68
16	Solution - 26643	709	3154	335	0	68
17	Solution - 26643	709	3154	335	0	68
18	Solution - 26643	709	3154	335	0	68
19	Solution - 26643	709	3154	335	0	68
20	Solution - 26643	709	3154	335	0	68
21	Solution - 26643	709	3154	335	0	68
22	Solution - 26643	709	3154	335	0	68
23	Solution - 26643	709	3154	335	0	68
24	Solution - 26643	709	3154	335	0	68
25	Solution - 26643	709	3154	335	0	68
26	Solution - 26643	709	3154	335	0	68
27	Solution - 26643	709	3154	335	0	68
28	Solution - 26643	709	3154	335	0	68
29	Solution - 26643	709	3154	335	0	68
30	Solution - 26643	709	3154	335	0	68
31	Solution - 26643	709	3154	335	0	68
32	Solution - 26643	709	3154	335	0	68
33	Solution - 26643	709	3154	335	0	68
34	Solution - 26643	709	3154	335	0	68
35	Solution - 26643	709	3154	335	0	68
36	Solution - 26643	709	3154	335	0	68
37	Solution - 26643	709	3154	335	0	68
38	Solution - 26643	709	3154	335	0	68
39	Solution - 26643	709	3154	335	0	68
40	Solution - 26643	709	3154	335	0	68
41	Solution - 26643	709	3154	335	0	68
42	Solution - 26643	709	3154	335	0	68
43	Solution - 26617	700	3147	330	0	69
44	Solution - 26617	700	3147	330	0	69
45	Solution - 26617	700	3147	330	0	69
46	Solution - 26617	700	3147	330	0	69
47	Solution - 26617	700	3147	330	0	69
48	Solution - 26617	700	3147	330	0	69
49	Solution - 26617	700	3147	330	0	69
50	Solution - 26617	700	3147	330	0	69
51	Solution - 26617	700	3147	330	0	69
52	Solution - 26617	700	3147	330	0	69
53	Solution - 26617	700	3147	330	0	69
54	Solution - 26617	700	3147	330	0	69
55	Solution - 26617	700	3147	330	0	69
56	Solution - 26617	700	3147	330	0	69
57	Solution - 26617	700	3147	330	0	69
58	Solution - 26617	700	3147	330	0	69
59	Solution - 26617	700	3147	330	0	69
60	Solution - 26617	700	3147	330	0	69
61	Solution - 26617	700	3147	330	0	69
62	Solution - 26617	700	3147	330	0	69
63	Solution - 26617	700	3147	330	0	69
64	Solution - 26617	700	3147	330	0	69
65	Solution - 26617	700	3147	330	0	69
66	Solution - 26617	700	3147	330	0	69
67	Solution - 26617	700	3147	330	0	69
68	Solution - 26617	700	3147	330	0	69
69	Solution - 26617	700	3147	330	0	69
70	Solution - 26617	700	3147	330	0	69
71	Solution - 26617	700	3147	330	0	69
72	Solution - 26617	700	3147	330	0	69
73	Solution - 26617	700	3147	330	0	69
74	Solution - 26617	700	3147	330	0	69
75	Solution - 26617	700	3147	330	0	69
76	Solution - 26617	700	3147	330	0	69
77	Solution - 26617	700	3147	330	0	69
78	Solution - 26617	700	3147	330	0	69
79	Solution - 26617	700	3147	330	0	69
80	Solution - 26617	700	3147	330	0	69
81	Solution - 26617	700	3147	330	0	69
82	Solution - 26617	700	3147	330	0	69
83	Solution - 26617	700	3147	330	0	69
84	Solution - 26617	700	3147	330	0	69
85	Solution - 26617	700	3147	330	0	69
86	Solution - 26617	700	3147	330	0	69
87	Solution - 26617	700	3147	330	0	69
88	Solution - 26617	700	3147	330	0	69
89	Solution - 26617	700	3147	330	0	69
90	Solution - 26617	700	3147	330	0	69
91	Solution - 26617	700	3147	330	0	69
92	Solution - 26617	700	3147	330	0	69
93	Solution - 26617	700	3147	330	0	69
94	Solution - 26617	700	3147	330	0	69
95	Solution - 26617	700	3147	330	0	69
96	Solution - 26617	700	3147	330	0	69
97	Solution - 26617	700	3147	330	0	69
98	Solution - 26617	700	3147	330	0	69
99	Solution - 26617	700	3147	330	0	69
