16894
16894
15473
15473
15473
15473
14272
14272
14272
14272
14272
14272
14272
14272
14272
14272
14272
14272
14272
14272
14272
14272
14272
14272
14272
14272
14272
14272
14272
14272
14272
13057
13057
13057
13057
13057
13057
13057
13057
13057
13057
13057
13057
13057
13057
13057
13057
13057
13057
13057
13057
13057
13057
13057
13057
13057
13057
13057
13057
13057
13057
13057
13057
13057
13057
13057
13057
13057
13057
13057
13057
13057
13057
13057
13057
13057
13057
13057
13057
13057
13057
13057
13057
13057
13057
13057
13057
13057
13057
13057
13057
13057
13057
13057
13057
13057
13057
13057
13057
13057
