19605
17162
14497
14497
14497
14497
14497
14497
14497
14497
14497
14497
14497
14497
14497
14497
14497
14497
14497
14497
14497
14497
14497
14497
14497
14497
14497
14497
14497
14497
14497
14497
14497
14497
14497
14497
14497
14497
14497
14497
14497
14497
14328
14328
14328
14328
14328
14328
14328
14328
14328
14328
14328
14328
14328
14328
14328
14328
14328
14328
14328
14056
14056
14056
14056
14056
14056
14056
14056
14056
14056
14056
14056
14056
14056
14056
14056
14056
14056
14056
14056
14056
14056
14056
14056
14056
14056
14056
14056
14056
14056
14056
14056
14056
14056
14056
14056
14056
14056
14056
