0	Solution - 18131	518	2313	340	0	45
1	Solution - 15482	504	2282	276	0	46
2	Solution - 15482	504	2282	276	0	46
3	Solution - 15482	504	2282	276	0	46
4	Solution - 15482	504	2282	276	0	46
5	Solution - 15482	504	2282	276	0	46
6	Solution - 14395	500	2257	253	0	46
7	Solution - 14395	500	2257	253	0	46
8	Solution - 13917	506	2279	253	0	44
9	Solution - 13917	506	2279	253	0	44
10	Solution - 13917	506	2279	253	0	44
11	Solution - 13917	506	2279	253	0	44
12	Solution - 13917	506	2279	253	0	44
13	Solution - 13917	506	2279	253	0	44
14	Solution - 13917	506	2279	253	0	44
15	Solution - 13917	506	2279	253	0	44
16	Solution - 13917	506	2279	253	0	44
17	Solution - 13917	506	2279	253	0	44
18	Solution - 13917	506	2279	253	0	44
19	Solution - 13917	506	2279	253	0	44
20	Solution - 13917	506	2279	253	0	44
21	Solution - 13917	506	2279	253	0	44
22	Solution - 13917	506	2279	253	0	44
23	Solution - 13917	506	2279	253	0	44
24	Solution - 13917	506	2279	253	0	44
25	Solution - 13917	506	2279	253	0	44
26	Solution - 13917	506	2279	253	0	44
27	Solution - 13917	506	2279	253	0	44
28	Solution - 13917	506	2279	253	0	44
29	Solution - 13917	506	2279	253	0	44
30	Solution - 13917	506	2279	253	0	44
31	Solution - 13917	506	2279	253	0	44
32	Solution - 13917	506	2279	253	0	44
33	Solution - 13917	506	2279	253	0	44
34	Solution - 13917	506	2279	253	0	44
35	Solution - 13917	506	2279	253	0	44
36	Solution - 13917	506	2279	253	0	44
37	Solution - 13917	506	2279	253	0	44
38	Solution - 13917	506	2279	253	0	44
39	Solution - 13917	506	2279	253	0	44
40	Solution - 13917	506	2279	253	0	44
41	Solution - 13917	506	2279	253	0	44
42	Solution - 13917	506	2279	253	0	44
43	Solution - 13917	506	2279	253	0	44
44	Solution - 13917	506	2279	253	0	44
45	Solution - 13917	506	2279	253	0	44
46	Solution - 13917	506	2279	253	0	44
47	Solution - 13917	506	2279	253	0	44
48	Solution - 13917	506	2279	253	0	44
49	Solution - 13917	506	2279	253	0	44
50	Solution - 13917	506	2279	253	0	44
51	Solution - 13917	506	2279	253	0	44
52	Solution - 13917	506	2279	253	0	44
53	Solution - 13917	506	2279	253	0	44
54	Solution - 13917	506	2279	253	0	44
55	Solution - 13917	506	2279	253	0	44
56	Solution - 13917	506	2279	253	0	44
57	Solution - 13917	506	2279	253	0	44
58	Solution - 13917	506	2279	253	0	44
59	Solution - 13917	506	2279	253	0	44
60	Solution - 13917	506	2279	253	0	44
61	Solution - 13917	506	2279	253	0	44
62	Solution - 13917	506	2279	253	0	44
63	Solution - 13917	506	2279	253	0	44
64	Solution - 13917	506	2279	253	0	44
65	Solution - 13917	506	2279	253	0	44
66	Solution - 13917	506	2279	253	0	44
67	Solution - 13917	506	2279	253	0	44
68	Solution - 13917	506	2279	253	0	44
69	Solution - 13917	506	2279	253	0	44
70	Solution - 13917	506	2279	253	0	44
71	Solution - 13917	506	2279	253	0	44
72	Solution - 13917	506	2279	253	0	44
73	Solution - 13917	506	2279	253	0	44
74	Solution - 13917	506	2279	253	0	44
75	Solution - 13917	506	2279	253	0	44
76	Solution - 13917	506	2279	253	0	44
77	Solution - 13917	506	2279	253	0	44
78	Solution - 13917	506	2279	253	0	44
79	Solution - 13917	506	2279	253	0	44
80	Solution - 13917	506	2279	253	0	44
81	Solution - 13917	506	2279	253	0	44
82	Solution - 13917	506	2279	253	0	44
83	Solution - 13917	506	2279	253	0	44
84	Solution - 13917	506	2279	253	0	44
85	Solution - 13917	506	2279	253	0	44
86	Solution - 13917	506	2279	253	0	44
87	Solution - 13917	506	2279	253	0	44
88	Solution - 13917	506	2279	253	0	44
89	Solution - 13917	506	2279	253	0	44
90	Solution - 13917	506	2279	253	0	44
91	Solution - 13917	506	2279	253	0	44
92	Solution - 13917	506	2279	253	0	44
93	Solution - 13917	506	2279	253	0	44
94	Solution - 13399	514	2310	235	0	45
95	Solution - 13399	514	2310	235	0	45
96	Solution - 13399	514	2310	235	0	45
97	Solution - 13399	514	2310	235	0	45
98	Solution - 13399	514	2310	235	0	45
99	Solution - 13399	514	2310	235	0	45
