14914
13763
13763
13763
13763
13763
13763
13763
13763
13763
13763
13763
13763
13763
13763
13763
13763
13763
13763
13763
13763
13763
13763
13763
13763
13763
13763
13763
13763
13763
13763
13763
13763
13763
13763
13763
13763
13763
13763
13763
13763
13763
13763
13763
13763
13763
13763
13763
13763
13763
13763
13763
13763
13763
13763
13763
13763
13763
13763
13763
13763
13105
13105
13105
12588
12588
12588
12588
12588
12588
12588
12588
12588
12588
12588
12588
12588
12588
12588
12588
12588
12560
12560
12560
12560
12560
12560
12560
12560
12560
12560
12560
12560
12560
12560
12560
12560
12560
12560
12560
