0	Solution - 18480	496	2246	366	0	43
1	Solution - 17572	512	2276	336	0	44
2	Solution - 17572	512	2276	336	0	44
3	Solution - 17572	512	2276	336	0	44
4	Solution - 17497	509	2282	342	0	43
5	Solution - 17497	509	2282	342	0	43
6	Solution - 17497	509	2282	342	0	43
7	Solution - 17497	509	2282	342	0	43
8	Solution - 16574	503	2255	314	0	44
9	Solution - 16239	505	2279	299	0	45
10	Solution - 16239	505	2279	299	0	45
11	Solution - 16239	505	2279	299	0	45
12	Solution - 16239	505	2279	299	0	45
13	Solution - 15333	491	2214	287	0	44
14	Solution - 15333	491	2214	287	0	44
15	Solution - 15333	491	2214	287	0	44
16	Solution - 15333	491	2214	287	0	44
17	Solution - 15333	491	2214	287	0	44
18	Solution - 15333	491	2214	287	0	44
19	Solution - 15119	487	2212	276	0	45
20	Solution - 15119	487	2212	276	0	45
21	Solution - 14598	505	2268	275	0	43
22	Solution - 14598	505	2268	275	0	43
23	Solution - 14598	505	2268	275	0	43
24	Solution - 14598	505	2268	275	0	43
25	Solution - 14598	505	2268	275	0	43
26	Solution - 14598	505	2268	275	0	43
27	Solution - 14598	505	2268	275	0	43
28	Solution - 14598	505	2268	275	0	43
29	Solution - 14598	505	2268	275	0	43
30	Solution - 14598	505	2268	275	0	43
31	Solution - 14598	505	2268	275	0	43
32	Solution - 14598	505	2268	275	0	43
33	Solution - 14598	505	2268	275	0	43
34	Solution - 14598	505	2268	275	0	43
35	Solution - 13803	511	2292	250	0	44
36	Solution - 13803	511	2292	250	0	44
37	Solution - 13803	511	2292	250	0	44
38	Solution - 13803	511	2292	250	0	44
39	Solution - 13803	511	2292	250	0	44
40	Solution - 13803	511	2292	250	0	44
41	Solution - 13803	511	2292	250	0	44
42	Solution - 13803	511	2292	250	0	44
43	Solution - 13803	511	2292	250	0	44
44	Solution - 13803	511	2292	250	0	44
45	Solution - 13803	511	2292	250	0	44
46	Solution - 13803	511	2292	250	0	44
47	Solution - 13803	511	2292	250	0	44
48	Solution - 13803	511	2292	250	0	44
49	Solution - 13803	511	2292	250	0	44
50	Solution - 13803	511	2292	250	0	44
51	Solution - 13803	511	2292	250	0	44
52	Solution - 13803	511	2292	250	0	44
53	Solution - 13803	511	2292	250	0	44
54	Solution - 13803	511	2292	250	0	44
55	Solution - 13803	511	2292	250	0	44
56	Solution - 13803	511	2292	250	0	44
57	Solution - 13803	511	2292	250	0	44
58	Solution - 13803	511	2292	250	0	44
59	Solution - 13803	511	2292	250	0	44
60	Solution - 13803	511	2292	250	0	44
61	Solution - 13803	511	2292	250	0	44
62	Solution - 13803	511	2292	250	0	44
63	Solution - 13803	511	2292	250	0	44
64	Solution - 13803	511	2292	250	0	44
65	Solution - 13803	511	2292	250	0	44
66	Solution - 13803	511	2292	250	0	44
67	Solution - 13803	511	2292	250	0	44
68	Solution - 13803	511	2292	250	0	44
69	Solution - 13803	511	2292	250	0	44
70	Solution - 13803	511	2292	250	0	44
71	Solution - 13327	516	2326	233	0	45
72	Solution - 13327	516	2326	233	0	45
73	Solution - 13327	516	2326	233	0	45
74	Solution - 13327	516	2326	233	0	45
75	Solution - 13327	516	2326	233	0	45
76	Solution - 13327	516	2326	233	0	45
77	Solution - 13327	516	2326	233	0	45
78	Solution - 13327	516	2326	233	0	45
79	Solution - 13327	516	2326	233	0	45
80	Solution - 13327	516	2326	233	0	45
81	Solution - 13327	516	2326	233	0	45
82	Solution - 13327	516	2326	233	0	45
83	Solution - 13327	516	2326	233	0	45
84	Solution - 13327	516	2326	233	0	45
85	Solution - 13327	516	2326	233	0	45
86	Solution - 13327	516	2326	233	0	45
87	Solution - 13327	516	2326	233	0	45
88	Solution - 13327	516	2326	233	0	45
89	Solution - 13327	516	2326	233	0	45
90	Solution - 13327	516	2326	233	0	45
91	Solution - 13327	516	2326	233	0	45
92	Solution - 13327	516	2326	233	0	45
93	Solution - 13327	516	2326	233	0	45
94	Solution - 13327	516	2326	233	0	45
95	Solution - 13327	516	2326	233	0	45
96	Solution - 13327	516	2326	233	0	45
97	Solution - 13327	516	2326	233	0	45
98	Solution - 13327	516	2326	233	0	45
99	Solution - 13327	516	2326	233	0	45
