17302
16388
16388
16388
16388
15676
15676
15676
15676
15676
15676
15676
15676
14060
14060
14060
14060
14060
14060
14060
14060
14060
13130
13130
13130
13130
13130
13130
13130
13130
13130
13130
13130
13130
13130
13130
13130
13130
13130
13130
13130
13130
13130
13130
13130
13130
13130
13130
13130
13130
13130
13130
13130
13130
13130
13130
13130
13130
13130
13130
13130
13130
13130
13130
13130
13130
13130
13130
13130
13130
13130
13130
13130
13130
13130
13130
13130
13130
13130
13130
13130
13130
13130
13130
13130
13130
13130
13130
13130
13130
13130
13130
13130
13130
13130
13130
13130
13130
13130
13130
