18173
18084
16221
16221
16221
16221
14817
14817
14817
13978
13978
13978
13978
13978
13978
13978
13978
13978
13978
13978
13978
13978
13978
13978
13978
13978
13978
13978
13978
13105
13105
13105
13105
13105
13105
13105
13105
13105
13105
13105
13105
13105
13105
13105
13105
13105
13105
13105
13105
13105
13105
13105
13105
13105
13105
13105
13105
13105
13105
13105
13105
13105
13105
13105
13105
13105
13105
13105
13105
13105
13105
13105
13105
13105
13105
13105
13105
13105
13105
13105
13105
13105
13105
13105
12571
12571
12571
12571
12571
12571
12571
12571
12571
12571
12571
12571
12571
12571
12571
12571
