0	Solution - 15413	487	2198	296	0	43
1	Solution - 15413	487	2198	296	0	43
2	Solution - 15413	487	2198	296	0	43
3	Solution - 15413	487	2198	296	0	43
4	Solution - 15413	487	2198	296	0	43
5	Solution - 15413	487	2198	296	0	43
6	Solution - 14726	506	2295	265	0	45
7	Solution - 14726	506	2295	265	0	45
8	Solution - 14726	506	2295	265	0	45
9	Solution - 14726	506	2295	265	0	45
10	Solution - 14726	506	2295	265	0	45
11	Solution - 14726	506	2295	265	0	45
12	Solution - 14726	506	2295	265	0	45
13	Solution - 14726	506	2295	265	0	45
14	Solution - 14726	506	2295	265	0	45
15	Solution - 14726	506	2295	265	0	45
16	Solution - 14726	506	2295	265	0	45
17	Solution - 14726	506	2295	265	0	45
18	Solution - 14726	506	2295	265	0	45
19	Solution - 14726	506	2295	265	0	45
20	Solution - 14687	489	2228	266	0	45
21	Solution - 14687	489	2228	266	0	45
22	Solution - 14687	489	2228	266	0	45
23	Solution - 14687	489	2228	266	0	45
24	Solution - 14687	489	2228	266	0	45
25	Solution - 14687	489	2228	266	0	45
26	Solution - 14687	489	2228	266	0	45
27	Solution - 14687	489	2228	266	0	45
28	Solution - 14687	489	2228	266	0	45
29	Solution - 14687	489	2228	266	0	45
30	Solution - 14687	489	2228	266	0	45
31	Solution - 14687	489	2228	266	0	45
32	Solution - 14687	489	2228	266	0	45
33	Solution - 14687	489	2228	266	0	45
34	Solution - 14435	485	2190	294	0	40
35	Solution - 14435	485	2190	294	0	40
36	Solution - 14435	485	2190	294	0	40
37	Solution - 14435	485	2190	294	0	40
38	Solution - 14435	485	2190	294	0	40
39	Solution - 14435	485	2190	294	0	40
40	Solution - 14435	485	2190	294	0	40
41	Solution - 13266	506	2275	233	0	45
42	Solution - 13266	506	2275	233	0	45
43	Solution - 13266	506	2275	233	0	45
44	Solution - 13266	506	2275	233	0	45
45	Solution - 13266	506	2275	233	0	45
46	Solution - 13266	506	2275	233	0	45
47	Solution - 13266	506	2275	233	0	45
48	Solution - 13266	506	2275	233	0	45
49	Solution - 13266	506	2275	233	0	45
50	Solution - 13266	506	2275	233	0	45
51	Solution - 13266	506	2275	233	0	45
52	Solution - 13266	506	2275	233	0	45
53	Solution - 13266	506	2275	233	0	45
54	Solution - 13266	506	2275	233	0	45
55	Solution - 13266	506	2275	233	0	45
56	Solution - 13266	506	2275	233	0	45
57	Solution - 13266	506	2275	233	0	45
58	Solution - 13266	506	2275	233	0	45
59	Solution - 13266	506	2275	233	0	45
60	Solution - 13266	506	2275	233	0	45
61	Solution - 13266	506	2275	233	0	45
62	Solution - 13266	506	2275	233	0	45
63	Solution - 13266	506	2275	233	0	45
64	Solution - 13266	506	2275	233	0	45
65	Solution - 13266	506	2275	233	0	45
66	Solution - 13266	506	2275	233	0	45
67	Solution - 12794	496	2218	240	0	42
68	Solution - 12794	496	2218	240	0	42
69	Solution - 12794	496	2218	240	0	42
70	Solution - 12794	496	2218	240	0	42
71	Solution - 12794	496	2218	240	0	42
72	Solution - 12794	496	2218	240	0	42
73	Solution - 12794	496	2218	240	0	42
74	Solution - 12794	496	2218	240	0	42
75	Solution - 12794	496	2218	240	0	42
76	Solution - 12794	496	2218	240	0	42
77	Solution - 12794	496	2218	240	0	42
78	Solution - 12794	496	2218	240	0	42
79	Solution - 12794	496	2218	240	0	42
80	Solution - 12794	496	2218	240	0	42
81	Solution - 12794	496	2218	240	0	42
82	Solution - 12794	496	2218	240	0	42
83	Solution - 12794	496	2218	240	0	42
84	Solution - 12794	496	2218	240	0	42
85	Solution - 12794	496	2218	240	0	42
86	Solution - 12794	496	2218	240	0	42
87	Solution - 12794	496	2218	240	0	42
88	Solution - 12794	496	2218	240	0	42
89	Solution - 12794	496	2218	240	0	42
90	Solution - 12794	496	2218	240	0	42
91	Solution - 12794	496	2218	240	0	42
92	Solution - 12794	496	2218	240	0	42
93	Solution - 12794	496	2218	240	0	42
94	Solution - 12794	496	2218	240	0	42
95	Solution - 12367	505	2273	223	0	43
96	Solution - 12367	505	2273	223	0	43
97	Solution - 12367	505	2273	223	0	43
98	Solution - 12367	505	2273	223	0	43
99	Solution - 12367	505	2273	223	0	43
