21896
19232
18028
17616
15290
15290
15290
15290
14705
14705
14705
14705
14705
14705
14705
14705
14705
14705
14705
14705
14705
14705
14705
14705
13342
13342
13342
13342
13342
13342
13342
13342
13342
13342
13342
13342
13342
13342
13342
13342
13342
13342
13342
12080
12080
12080
12080
12080
12080
12080
12080
12080
12080
12080
12080
12080
12080
12080
12080
12080
12080
12080
12080
12080
12080
12080
12080
12080
12080
12080
12080
12080
12080
12080
12080
12080
12080
12080
12080
12080
12080
12080
12080
12080
12080
12080
12080
12080
12080
12080
12080
12080
12080
12080
12080
12080
12080
12080
12080
12080
