18131
15482
15482
15482
15482
15482
14395
14395
13917
13917
13917
13917
13917
13917
13917
13917
13917
13917
13917
13917
13917
13917
13917
13917
13917
13917
13917
13917
13917
13917
13917
13917
13917
13917
13917
13917
13917
13917
13917
13917
13917
13917
13917
13917
13917
13917
13917
13917
13917
13917
13917
13917
13917
13917
13917
13917
13917
13917
13917
13917
13917
13917
13917
13917
13917
13917
13917
13917
13917
13917
13917
13917
13917
13917
13917
13917
13917
13917
13917
13917
13917
13917
13917
13917
13917
13917
13917
13917
13917
13917
13917
13917
13917
13917
13399
13399
13399
13399
13399
13399
