19430
15668
15668
15668
15668
15668
15668
14549
14549
14549
14549
14549
14549
14549
14549
14549
14549
14549
14549
14549
14549
14549
14549
14549
14549
14549
14549
14549
14549
14549
14549
14549
14549
14549
14549
14549
14549
14549
14442
14442
14442
14442
14442
14442
14442
14442
14442
14442
14442
14442
14442
13501
13501
13501
13501
13501
13501
13501
13501
13501
13501
13501
13501
13501
13501
13501
13501
13501
13501
13501
13501
13501
13501
13501
13501
13501
13501
13501
13501
13501
13501
13501
13501
13501
13501
13501
13501
13501
13501
13501
13501
13501
13501
13501
13501
13501
13501
13501
13501
13501
