15627
15627
15627
15627
15429
15276
15276
15276
15276
15276
15276
15276
15276
15276
15276
15276
15276
15276
15276
15276
15276
13948
13948
13948
13948
13948
13948
13948
13948
13948
13948
13948
13948
13948
13948
13948
13948
12354
12354
12354
12354
12354
12354
12354
12354
12354
12354
12354
12354
12354
12354
12354
12354
12354
12354
12354
12354
12354
12354
12354
12354
12354
12354
12354
12354
12354
12354
12354
12354
12354
12354
12354
12354
12354
12354
12354
12354
12354
12354
12354
12354
12354
12354
12354
12354
12354
12354
12354
12354
12354
12354
12354
12354
12354
12354
12354
12354
12354
12354
12354
