0	Solution - 17286	506	2290	315	0	46
1	Solution - 16065	498	2237	310	0	43
2	Solution - 16065	498	2237	310	0	43
3	Solution - 15774	509	2279	302	0	43
4	Solution - 14776	502	2259	267	0	45
5	Solution - 14776	502	2259	267	0	45
6	Solution - 14776	502	2259	267	0	45
7	Solution - 14776	502	2259	267	0	45
8	Solution - 14776	502	2259	267	0	45
9	Solution - 14735	502	2263	266	0	45
10	Solution - 14735	502	2263	266	0	45
11	Solution - 14735	502	2263	266	0	45
12	Solution - 14735	502	2263	266	0	45
13	Solution - 14735	502	2263	266	0	45
14	Solution - 14735	502	2263	266	0	45
15	Solution - 14735	502	2263	266	0	45
16	Solution - 14735	502	2263	266	0	45
17	Solution - 14735	502	2263	266	0	45
18	Solution - 14735	502	2263	266	0	45
19	Solution - 14735	502	2263	266	0	45
20	Solution - 14735	502	2263	266	0	45
21	Solution - 14735	502	2263	266	0	45
22	Solution - 14735	502	2263	266	0	45
23	Solution - 14735	502	2263	266	0	45
24	Solution - 14735	502	2263	266	0	45
25	Solution - 14735	502	2263	266	0	45
26	Solution - 14735	502	2263	266	0	45
27	Solution - 14735	502	2263	266	0	45
28	Solution - 14735	502	2263	266	0	45
29	Solution - 14735	502	2263	266	0	45
30	Solution - 14735	502	2263	266	0	45
31	Solution - 14735	502	2263	266	0	45
32	Solution - 14735	502	2263	266	0	45
33	Solution - 14735	502	2263	266	0	45
34	Solution - 14735	502	2263	266	0	45
35	Solution - 14735	502	2263	266	0	45
36	Solution - 14735	502	2263	266	0	45
37	Solution - 14735	502	2263	266	0	45
38	Solution - 14735	502	2263	266	0	45
39	Solution - 14735	502	2263	266	0	45
40	Solution - 14735	502	2263	266	0	45
41	Solution - 14735	502	2263	266	0	45
42	Solution - 14735	502	2263	266	0	45
43	Solution - 14735	502	2263	266	0	45
44	Solution - 14735	502	2263	266	0	45
45	Solution - 14735	502	2263	266	0	45
46	Solution - 14735	502	2263	266	0	45
47	Solution - 13770	485	2191	258	0	43
48	Solution - 13770	485	2191	258	0	43
49	Solution - 13770	485	2191	258	0	43
50	Solution - 13770	485	2191	258	0	43
51	Solution - 13770	485	2191	258	0	43
52	Solution - 13770	485	2191	258	0	43
53	Solution - 13770	485	2191	258	0	43
54	Solution - 13770	485	2191	258	0	43
55	Solution - 13770	485	2191	258	0	43
56	Solution - 13770	485	2191	258	0	43
57	Solution - 13105	508	2265	246	0	42
58	Solution - 13105	508	2265	246	0	42
59	Solution - 13105	508	2265	246	0	42
60	Solution - 13105	508	2265	246	0	42
61	Solution - 13105	508	2265	246	0	42
62	Solution - 13105	508	2265	246	0	42
63	Solution - 13105	508	2265	246	0	42
64	Solution - 13105	508	2265	246	0	42
65	Solution - 13105	508	2265	246	0	42
66	Solution - 13105	508	2265	246	0	42
67	Solution - 13105	508	2265	246	0	42
68	Solution - 13105	508	2265	246	0	42
69	Solution - 13105	508	2265	246	0	42
70	Solution - 13105	508	2265	246	0	42
71	Solution - 13105	508	2265	246	0	42
72	Solution - 13105	508	2265	246	0	42
73	Solution - 13105	508	2265	246	0	42
74	Solution - 13105	508	2265	246	0	42
75	Solution - 13105	508	2265	246	0	42
76	Solution - 13105	508	2265	246	0	42
77	Solution - 13105	508	2265	246	0	42
78	Solution - 13105	508	2265	246	0	42
79	Solution - 13105	508	2265	246	0	42
80	Solution - 13105	508	2265	246	0	42
81	Solution - 13105	508	2265	246	0	42
82	Solution - 13105	508	2265	246	0	42
83	Solution - 13105	508	2265	246	0	42
84	Solution - 13105	508	2265	246	0	42
85	Solution - 13105	508	2265	246	0	42
86	Solution - 13105	508	2265	246	0	42
87	Solution - 13105	508	2265	246	0	42
88	Solution - 13105	508	2265	246	0	42
89	Solution - 13105	508	2265	246	0	42
90	Solution - 13105	508	2265	246	0	42
91	Solution - 13105	508	2265	246	0	42
92	Solution - 13105	508	2265	246	0	42
93	Solution - 13105	508	2265	246	0	42
94	Solution - 13105	508	2265	246	0	42
95	Solution - 13105	508	2265	246	0	42
96	Solution - 13105	508	2265	246	0	42
97	Solution - 13105	508	2265	246	0	42
98	Solution - 13105	508	2265	246	0	42
99	Solution - 13105	508	2265	246	0	42
