17455
15018
15018
15018
15018
14238
14238
14238
14238
14238
14238
14238
14238
14238
14238
14238
14238
14238
14238
14238
14238
14238
14238
14238
14238
14238
14238
14238
14238
14238
14238
14238
14238
14238
14238
14238
14238
14238
14238
14238
14238
14238
14238
14238
14238
14238
14238
14238
14238
14238
14238
14238
14238
14238
14238
14238
14238
14238
14238
14238
14238
14238
14238
14238
14238
14238
14238
13571
13571
13571
13571
13571
13571
13571
13571
13571
13571
13571
13571
13571
13571
13571
13571
13571
13571
13571
13571
13571
13571
13571
13571
13571
13571
13571
13571
13571
13571
13571
13571
13571
