16860
16860
16384
13949
13949
13949
13949
13949
13949
13949
13949
13949
13949
13949
13949
13949
13949
13949
13949
13949
13949
13949
13949
13949
13949
13949
13949
13949
13949
13949
13949
13949
13949
13949
13949
13949
13949
13949
13949
13949
13949
13949
13949
13949
13949
13949
13949
13902
13902
13902
13902
13902
13902
13902
13902
13902
13902
13902
13902
13902
13902
13902
13902
13902
13902
13902
13902
13902
13902
13902
13865
13865
13865
13865
13865
13865
13865
13865
13865
13865
13865
13865
13865
13865
13865
13865
13865
13865
13865
13865
13865
13865
13865
13865
13865
13865
13865
13865
13865
13865
