0	Solution - 15171	509	2301	263	0	47
1	Solution - 15171	509	2301	263	0	47
2	Solution - 15171	509	2301	263	0	47
3	Solution - 15171	509	2301	263	0	47
4	Solution - 15171	509	2301	263	0	47
5	Solution - 15171	509	2301	263	0	47
6	Solution - 15171	509	2301	263	0	47
7	Solution - 15171	509	2301	263	0	47
8	Solution - 14776	502	2259	267	0	45
9	Solution - 14776	502	2259	267	0	45
10	Solution - 14776	502	2259	267	0	45
11	Solution - 14776	502	2259	267	0	45
12	Solution - 14776	502	2259	267	0	45
13	Solution - 14776	502	2259	267	0	45
14	Solution - 14776	502	2259	267	0	45
15	Solution - 14776	502	2259	267	0	45
16	Solution - 14776	502	2259	267	0	45
17	Solution - 14776	502	2259	267	0	45
18	Solution - 14776	502	2259	267	0	45
19	Solution - 14776	502	2259	267	0	45
20	Solution - 14776	502	2259	267	0	45
21	Solution - 14776	502	2259	267	0	45
22	Solution - 14776	502	2259	267	0	45
23	Solution - 14776	502	2259	267	0	45
24	Solution - 14776	502	2259	267	0	45
25	Solution - 14776	502	2259	267	0	45
26	Solution - 14776	502	2259	267	0	45
27	Solution - 14776	502	2259	267	0	45
28	Solution - 14776	502	2259	267	0	45
29	Solution - 14776	502	2259	267	0	45
30	Solution - 14776	502	2259	267	0	45
31	Solution - 14776	502	2259	267	0	45
32	Solution - 14776	502	2259	267	0	45
33	Solution - 14776	502	2259	267	0	45
34	Solution - 14776	502	2259	267	0	45
35	Solution - 14776	502	2259	267	0	45
36	Solution - 14776	502	2259	267	0	45
37	Solution - 14776	502	2259	267	0	45
38	Solution - 14776	502	2259	267	0	45
39	Solution - 14776	502	2259	267	0	45
40	Solution - 14776	502	2259	267	0	45
41	Solution - 14776	502	2259	267	0	45
42	Solution - 14776	502	2259	267	0	45
43	Solution - 14776	502	2259	267	0	45
44	Solution - 14776	502	2259	267	0	45
45	Solution - 14776	502	2259	267	0	45
46	Solution - 14776	502	2259	267	0	45
47	Solution - 14776	502	2259	267	0	45
48	Solution - 14088	497	2239	258	0	44
49	Solution - 14088	497	2239	258	0	44
50	Solution - 14088	497	2239	258	0	44
51	Solution - 14088	497	2239	258	0	44
52	Solution - 14088	497	2239	258	0	44
53	Solution - 14088	497	2239	258	0	44
54	Solution - 14088	497	2239	258	0	44
55	Solution - 13193	517	2313	241	0	43
56	Solution - 13193	517	2313	241	0	43
57	Solution - 13193	517	2313	241	0	43
58	Solution - 13193	517	2313	241	0	43
59	Solution - 13193	517	2313	241	0	43
60	Solution - 13193	517	2313	241	0	43
61	Solution - 13193	517	2313	241	0	43
62	Solution - 13193	517	2313	241	0	43
63	Solution - 13193	517	2313	241	0	43
64	Solution - 13193	517	2313	241	0	43
65	Solution - 13193	517	2313	241	0	43
66	Solution - 13193	517	2313	241	0	43
67	Solution - 13193	517	2313	241	0	43
68	Solution - 13193	517	2313	241	0	43
69	Solution - 13193	517	2313	241	0	43
70	Solution - 13193	517	2313	241	0	43
71	Solution - 13193	517	2313	241	0	43
72	Solution - 13193	517	2313	241	0	43
73	Solution - 13193	517	2313	241	0	43
74	Solution - 13193	517	2313	241	0	43
75	Solution - 13193	517	2313	241	0	43
76	Solution - 13193	517	2313	241	0	43
77	Solution - 13193	517	2313	241	0	43
78	Solution - 13193	517	2313	241	0	43
79	Solution - 13193	517	2313	241	0	43
80	Solution - 13193	517	2313	241	0	43
81	Solution - 13193	517	2313	241	0	43
82	Solution - 13193	517	2313	241	0	43
83	Solution - 13193	517	2313	241	0	43
84	Solution - 13193	517	2313	241	0	43
85	Solution - 13193	517	2313	241	0	43
86	Solution - 13193	517	2313	241	0	43
87	Solution - 13193	517	2313	241	0	43
88	Solution - 13193	517	2313	241	0	43
89	Solution - 13193	517	2313	241	0	43
90	Solution - 13193	517	2313	241	0	43
91	Solution - 13193	517	2313	241	0	43
92	Solution - 13193	517	2313	241	0	43
93	Solution - 13193	517	2313	241	0	43
94	Solution - 13193	517	2313	241	0	43
95	Solution - 13193	517	2313	241	0	43
96	Solution - 13193	517	2313	241	0	43
97	Solution - 13193	517	2313	241	0	43
98	Solution - 13193	517	2313	241	0	43
99	Solution - 13193	517	2313	241	0	43
