0	Solution - 14914	497	2248	283	0	43
1	Solution - 13763	497	2220	263	0	42
2	Solution - 13763	497	2220	263	0	42
3	Solution - 13763	497	2220	263	0	42
4	Solution - 13763	497	2220	263	0	42
5	Solution - 13763	497	2220	263	0	42
6	Solution - 13763	497	2220	263	0	42
7	Solution - 13763	497	2220	263	0	42
8	Solution - 13763	497	2220	263	0	42
9	Solution - 13763	497	2220	263	0	42
10	Solution - 13763	497	2220	263	0	42
11	Solution - 13763	497	2220	263	0	42
12	Solution - 13763	497	2220	263	0	42
13	Solution - 13763	497	2220	263	0	42
14	Solution - 13763	497	2220	263	0	42
15	Solution - 13763	497	2220	263	0	42
16	Solution - 13763	497	2220	263	0	42
17	Solution - 13763	497	2220	263	0	42
18	Solution - 13763	497	2220	263	0	42
19	Solution - 13763	497	2220	263	0	42
20	Solution - 13763	497	2220	263	0	42
21	Solution - 13763	497	2220	263	0	42
22	Solution - 13763	497	2220	263	0	42
23	Solution - 13763	497	2220	263	0	42
24	Solution - 13763	497	2220	263	0	42
25	Solution - 13763	497	2220	263	0	42
26	Solution - 13763	497	2220	263	0	42
27	Solution - 13763	497	2220	263	0	42
28	Solution - 13763	497	2220	263	0	42
29	Solution - 13763	497	2220	263	0	42
30	Solution - 13763	497	2220	263	0	42
31	Solution - 13763	497	2220	263	0	42
32	Solution - 13763	497	2220	263	0	42
33	Solution - 13763	497	2220	263	0	42
34	Solution - 13763	497	2220	263	0	42
35	Solution - 13763	497	2220	263	0	42
36	Solution - 13763	497	2220	263	0	42
37	Solution - 13763	497	2220	263	0	42
38	Solution - 13763	497	2220	263	0	42
39	Solution - 13763	497	2220	263	0	42
40	Solution - 13763	497	2220	263	0	42
41	Solution - 13763	497	2220	263	0	42
42	Solution - 13763	497	2220	263	0	42
43	Solution - 13763	497	2220	263	0	42
44	Solution - 13763	497	2220	263	0	42
45	Solution - 13763	497	2220	263	0	42
46	Solution - 13763	497	2220	263	0	42
47	Solution - 13763	497	2220	263	0	42
48	Solution - 13763	497	2220	263	0	42
49	Solution - 13763	497	2220	263	0	42
50	Solution - 13763	497	2220	263	0	42
51	Solution - 13763	497	2220	263	0	42
52	Solution - 13763	497	2220	263	0	42
53	Solution - 13763	497	2220	263	0	42
54	Solution - 13763	497	2220	263	0	42
55	Solution - 13763	497	2220	263	0	42
56	Solution - 13763	497	2220	263	0	42
57	Solution - 13763	497	2220	263	0	42
58	Solution - 13763	497	2220	263	0	42
59	Solution - 13763	497	2220	263	0	42
60	Solution - 13763	497	2220	263	0	42
61	Solution - 13105	508	2265	246	0	42
62	Solution - 13105	508	2265	246	0	42
63	Solution - 13105	508	2265	246	0	42
64	Solution - 12588	496	2222	235	0	42
65	Solution - 12588	496	2222	235	0	42
66	Solution - 12588	496	2222	235	0	42
67	Solution - 12588	496	2222	235	0	42
68	Solution - 12588	496	2222	235	0	42
69	Solution - 12588	496	2222	235	0	42
70	Solution - 12588	496	2222	235	0	42
71	Solution - 12588	496	2222	235	0	42
72	Solution - 12588	496	2222	235	0	42
73	Solution - 12588	496	2222	235	0	42
74	Solution - 12588	496	2222	235	0	42
75	Solution - 12588	496	2222	235	0	42
76	Solution - 12588	496	2222	235	0	42
77	Solution - 12588	496	2222	235	0	42
78	Solution - 12588	496	2222	235	0	42
79	Solution - 12588	496	2222	235	0	42
80	Solution - 12588	496	2222	235	0	42
81	Solution - 12560	504	2252	228	0	43
82	Solution - 12560	504	2252	228	0	43
83	Solution - 12560	504	2252	228	0	43
84	Solution - 12560	504	2252	228	0	43
85	Solution - 12560	504	2252	228	0	43
86	Solution - 12560	504	2252	228	0	43
87	Solution - 12560	504	2252	228	0	43
88	Solution - 12560	504	2252	228	0	43
89	Solution - 12560	504	2252	228	0	43
90	Solution - 12560	504	2252	228	0	43
91	Solution - 12560	504	2252	228	0	43
92	Solution - 12560	504	2252	228	0	43
93	Solution - 12560	504	2252	228	0	43
94	Solution - 12560	504	2252	228	0	43
95	Solution - 12560	504	2252	228	0	43
96	Solution - 12560	504	2252	228	0	43
97	Solution - 12560	504	2252	228	0	43
98	Solution - 12560	504	2252	228	0	43
99	Solution - 12560	504	2252	228	0	43
