0	Solution - 19363	496	2235	378	0	44
1	Solution - 17644	512	2297	345	0	43
2	Solution - 15390	500	2248	294	0	43
3	Solution - 15390	500	2248	294	0	43
4	Solution - 15390	500	2248	294	0	43
5	Solution - 15390	500	2248	294	0	43
6	Solution - 15390	500	2248	294	0	43
7	Solution - 15390	500	2248	294	0	43
8	Solution - 15195	521	2326	294	0	42
9	Solution - 15195	521	2326	294	0	42
10	Solution - 15195	521	2326	294	0	42
11	Solution - 15195	521	2326	294	0	42
12	Solution - 15195	521	2326	294	0	42
13	Solution - 15195	521	2326	294	0	42
14	Solution - 15195	521	2326	294	0	42
15	Solution - 14406	507	2283	264	0	44
16	Solution - 14406	507	2283	264	0	44
17	Solution - 14406	507	2283	264	0	44
18	Solution - 14406	507	2283	264	0	44
19	Solution - 14406	507	2283	264	0	44
20	Solution - 14406	507	2283	264	0	44
21	Solution - 14406	507	2283	264	0	44
22	Solution - 14406	507	2283	264	0	44
23	Solution - 14406	507	2283	264	0	44
24	Solution - 14406	507	2283	264	0	44
25	Solution - 14406	507	2283	264	0	44
26	Solution - 14406	507	2283	264	0	44
27	Solution - 14406	507	2283	264	0	44
28	Solution - 13743	518	2335	242	0	45
29	Solution - 13743	518	2335	242	0	45
30	Solution - 13743	518	2335	242	0	45
31	Solution - 13743	518	2335	242	0	45
32	Solution - 13743	518	2335	242	0	45
33	Solution - 13743	518	2335	242	0	45
34	Solution - 13743	518	2335	242	0	45
35	Solution - 13743	518	2335	242	0	45
36	Solution - 13743	518	2335	242	0	45
37	Solution - 13743	518	2335	242	0	45
38	Solution - 13743	518	2335	242	0	45
39	Solution - 13743	518	2335	242	0	45
40	Solution - 13743	518	2335	242	0	45
41	Solution - 13743	518	2335	242	0	45
42	Solution - 13743	518	2335	242	0	45
43	Solution - 13743	518	2335	242	0	45
44	Solution - 13743	518	2335	242	0	45
45	Solution - 13743	518	2335	242	0	45
46	Solution - 13743	518	2335	242	0	45
47	Solution - 13743	518	2335	242	0	45
48	Solution - 13743	518	2335	242	0	45
49	Solution - 13743	518	2335	242	0	45
50	Solution - 13743	518	2335	242	0	45
51	Solution - 13743	518	2335	242	0	45
52	Solution - 13130	503	2264	241	0	43
53	Solution - 13130	503	2264	241	0	43
54	Solution - 13130	503	2264	241	0	43
55	Solution - 13130	503	2264	241	0	43
56	Solution - 13130	503	2264	241	0	43
57	Solution - 13130	503	2264	241	0	43
58	Solution - 13130	503	2264	241	0	43
59	Solution - 13130	503	2264	241	0	43
60	Solution - 13130	503	2264	241	0	43
61	Solution - 13130	503	2264	241	0	43
62	Solution - 13130	503	2264	241	0	43
63	Solution - 13130	503	2264	241	0	43
64	Solution - 13130	503	2264	241	0	43
65	Solution - 13130	503	2264	241	0	43
66	Solution - 13130	503	2264	241	0	43
67	Solution - 13130	503	2264	241	0	43
68	Solution - 13130	503	2264	241	0	43
69	Solution - 13130	503	2264	241	0	43
70	Solution - 13130	503	2264	241	0	43
71	Solution - 13130	503	2264	241	0	43
72	Solution - 13130	503	2264	241	0	43
73	Solution - 13130	503	2264	241	0	43
74	Solution - 13130	503	2264	241	0	43
75	Solution - 13130	503	2264	241	0	43
76	Solution - 13130	503	2264	241	0	43
77	Solution - 13130	503	2264	241	0	43
78	Solution - 13130	503	2264	241	0	43
79	Solution - 13130	503	2264	241	0	43
80	Solution - 13130	503	2264	241	0	43
81	Solution - 13130	503	2264	241	0	43
82	Solution - 13130	503	2264	241	0	43
83	Solution - 13130	503	2264	241	0	43
84	Solution - 13130	503	2264	241	0	43
85	Solution - 13130	503	2264	241	0	43
86	Solution - 13130	503	2264	241	0	43
87	Solution - 13130	503	2264	241	0	43
88	Solution - 13130	503	2264	241	0	43
89	Solution - 13130	503	2264	241	0	43
90	Solution - 13130	503	2264	241	0	43
91	Solution - 13130	503	2264	241	0	43
92	Solution - 13130	503	2264	241	0	43
93	Solution - 13130	503	2264	241	0	43
94	Solution - 13130	503	2264	241	0	43
95	Solution - 13130	503	2264	241	0	43
96	Solution - 13130	503	2264	241	0	43
97	Solution - 13130	503	2264	241	0	43
98	Solution - 13130	503	2264	241	0	43
99	Solution - 13130	503	2264	241	0	43
