0	Solution - 15359	515	2304	285	0	44
1	Solution - 14278	484	2160	277	0	42
2	Solution - 14278	484	2160	277	0	42
3	Solution - 14278	484	2160	277	0	42
4	Solution - 14278	484	2160	277	0	42
5	Solution - 14278	484	2160	277	0	42
6	Solution - 14278	484	2160	277	0	42
7	Solution - 14278	484	2160	277	0	42
8	Solution - 14278	484	2160	277	0	42
9	Solution - 14278	484	2160	277	0	42
10	Solution - 14278	484	2160	277	0	42
11	Solution - 14278	484	2160	277	0	42
12	Solution - 14278	484	2160	277	0	42
13	Solution - 14278	484	2160	277	0	42
14	Solution - 14278	484	2160	277	0	42
15	Solution - 14278	484	2160	277	0	42
16	Solution - 14278	484	2160	277	0	42
17	Solution - 14278	484	2160	277	0	42
18	Solution - 14278	484	2160	277	0	42
19	Solution - 14278	484	2160	277	0	42
20	Solution - 14278	484	2160	277	0	42
21	Solution - 14278	484	2160	277	0	42
22	Solution - 14278	484	2160	277	0	42
23	Solution - 14278	484	2160	277	0	42
24	Solution - 14278	484	2160	277	0	42
25	Solution - 14278	484	2160	277	0	42
26	Solution - 14278	484	2160	277	0	42
27	Solution - 14278	484	2160	277	0	42
28	Solution - 14278	484	2160	277	0	42
29	Solution - 14278	484	2160	277	0	42
30	Solution - 13493	510	2276	249	0	43
31	Solution - 13493	510	2276	249	0	43
32	Solution - 13493	510	2276	249	0	43
33	Solution - 13493	510	2276	249	0	43
34	Solution - 13493	510	2276	249	0	43
35	Solution - 13493	510	2276	249	0	43
36	Solution - 13493	510	2276	249	0	43
37	Solution - 13493	510	2276	249	0	43
38	Solution - 13493	510	2276	249	0	43
39	Solution - 13493	510	2276	249	0	43
40	Solution - 13493	510	2276	249	0	43
41	Solution - 13493	510	2276	249	0	43
42	Solution - 13493	510	2276	249	0	43
43	Solution - 13493	510	2276	249	0	43
44	Solution - 13493	510	2276	249	0	43
45	Solution - 13493	510	2276	249	0	43
46	Solution - 13493	510	2276	249	0	43
47	Solution - 13493	510	2276	249	0	43
48	Solution - 13493	510	2276	249	0	43
49	Solution - 13493	510	2276	249	0	43
50	Solution - 13493	510	2276	249	0	43
51	Solution - 13493	510	2276	249	0	43
52	Solution - 13493	510	2276	249	0	43
53	Solution - 13493	510	2276	249	0	43
54	Solution - 13493	510	2276	249	0	43
55	Solution - 13493	510	2276	249	0	43
56	Solution - 13493	510	2276	249	0	43
57	Solution - 13493	510	2276	249	0	43
58	Solution - 13493	510	2276	249	0	43
59	Solution - 13493	510	2276	249	0	43
60	Solution - 13493	510	2276	249	0	43
61	Solution - 13493	510	2276	249	0	43
62	Solution - 13493	510	2276	249	0	43
63	Solution - 13493	510	2276	249	0	43
64	Solution - 13493	510	2276	249	0	43
65	Solution - 13493	510	2276	249	0	43
66	Solution - 13493	510	2276	249	0	43
67	Solution - 13493	510	2276	249	0	43
68	Solution - 13493	510	2276	249	0	43
69	Solution - 13493	510	2276	249	0	43
70	Solution - 13493	510	2276	249	0	43
71	Solution - 13493	510	2276	249	0	43
72	Solution - 13493	510	2276	249	0	43
73	Solution - 13493	510	2276	249	0	43
74	Solution - 13493	510	2276	249	0	43
75	Solution - 13493	510	2276	249	0	43
76	Solution - 13493	510	2276	249	0	43
77	Solution - 13493	510	2276	249	0	43
78	Solution - 13493	510	2276	249	0	43
79	Solution - 13493	510	2276	249	0	43
80	Solution - 13493	510	2276	249	0	43
81	Solution - 13493	510	2276	249	0	43
82	Solution - 13493	510	2276	249	0	43
83	Solution - 13493	510	2276	249	0	43
84	Solution - 13493	510	2276	249	0	43
85	Solution - 13493	510	2276	249	0	43
86	Solution - 13493	510	2276	249	0	43
87	Solution - 13493	510	2276	249	0	43
88	Solution - 13493	510	2276	249	0	43
89	Solution - 13493	510	2276	249	0	43
90	Solution - 13493	510	2276	249	0	43
91	Solution - 13493	510	2276	249	0	43
92	Solution - 13493	510	2276	249	0	43
93	Solution - 13493	510	2276	249	0	43
94	Solution - 13493	510	2276	249	0	43
95	Solution - 13493	510	2276	249	0	43
96	Solution - 13493	510	2276	249	0	43
97	Solution - 13493	510	2276	249	0	43
98	Solution - 13493	510	2276	249	0	43
99	Solution - 13493	510	2276	249	0	43
