0	Solution - 17644	500	2223	347	0	43
1	Solution - 12538	512	2306	216	0	45
2	Solution - 12538	512	2306	216	0	45
3	Solution - 12538	512	2306	216	0	45
4	Solution - 12538	512	2306	216	0	45
5	Solution - 12538	512	2306	216	0	45
6	Solution - 12538	512	2306	216	0	45
7	Solution - 12538	512	2306	216	0	45
8	Solution - 12538	512	2306	216	0	45
9	Solution - 12538	512	2306	216	0	45
10	Solution - 12538	512	2306	216	0	45
11	Solution - 12538	512	2306	216	0	45
12	Solution - 12538	512	2306	216	0	45
13	Solution - 12538	512	2306	216	0	45
14	Solution - 12538	512	2306	216	0	45
15	Solution - 12538	512	2306	216	0	45
16	Solution - 12538	512	2306	216	0	45
17	Solution - 12538	512	2306	216	0	45
18	Solution - 12538	512	2306	216	0	45
19	Solution - 12538	512	2306	216	0	45
20	Solution - 12538	512	2306	216	0	45
21	Solution - 12538	512	2306	216	0	45
22	Solution - 12538	512	2306	216	0	45
23	Solution - 12538	512	2306	216	0	45
24	Solution - 12538	512	2306	216	0	45
25	Solution - 12538	512	2306	216	0	45
26	Solution - 12538	512	2306	216	0	45
27	Solution - 12538	512	2306	216	0	45
28	Solution - 12538	512	2306	216	0	45
29	Solution - 12538	512	2306	216	0	45
30	Solution - 12538	512	2306	216	0	45
31	Solution - 12538	512	2306	216	0	45
32	Solution - 12538	512	2306	216	0	45
33	Solution - 12538	512	2306	216	0	45
34	Solution - 12538	512	2306	216	0	45
35	Solution - 12538	512	2306	216	0	45
36	Solution - 12538	512	2306	216	0	45
37	Solution - 12538	512	2306	216	0	45
38	Solution - 12538	512	2306	216	0	45
39	Solution - 12538	512	2306	216	0	45
40	Solution - 12538	512	2306	216	0	45
41	Solution - 12538	512	2306	216	0	45
42	Solution - 12538	512	2306	216	0	45
43	Solution - 12538	512	2306	216	0	45
44	Solution - 12538	512	2306	216	0	45
45	Solution - 12538	512	2306	216	0	45
46	Solution - 12538	512	2306	216	0	45
47	Solution - 12538	512	2306	216	0	45
48	Solution - 12538	512	2306	216	0	45
49	Solution - 12538	512	2306	216	0	45
50	Solution - 12538	512	2306	216	0	45
51	Solution - 12538	512	2306	216	0	45
52	Solution - 12538	512	2306	216	0	45
53	Solution - 12538	512	2306	216	0	45
54	Solution - 12538	512	2306	216	0	45
55	Solution - 12538	512	2306	216	0	45
56	Solution - 12538	512	2306	216	0	45
57	Solution - 12538	512	2306	216	0	45
58	Solution - 12538	512	2306	216	0	45
59	Solution - 12538	512	2306	216	0	45
60	Solution - 12538	512	2306	216	0	45
61	Solution - 12538	512	2306	216	0	45
62	Solution - 12538	512	2306	216	0	45
63	Solution - 12538	512	2306	216	0	45
64	Solution - 12538	512	2306	216	0	45
65	Solution - 12538	512	2306	216	0	45
66	Solution - 12538	512	2306	216	0	45
67	Solution - 12538	512	2306	216	0	45
68	Solution - 12538	512	2306	216	0	45
69	Solution - 12538	512	2306	216	0	45
70	Solution - 12538	512	2306	216	0	45
71	Solution - 12538	512	2306	216	0	45
72	Solution - 12538	512	2306	216	0	45
73	Solution - 12538	512	2306	216	0	45
74	Solution - 12538	512	2306	216	0	45
75	Solution - 12538	512	2306	216	0	45
76	Solution - 12538	512	2306	216	0	45
77	Solution - 12538	512	2306	216	0	45
78	Solution - 12538	512	2306	216	0	45
79	Solution - 12538	512	2306	216	0	45
80	Solution - 12538	512	2306	216	0	45
81	Solution - 12538	512	2306	216	0	45
82	Solution - 12538	512	2306	216	0	45
83	Solution - 12538	512	2306	216	0	45
84	Solution - 12538	512	2306	216	0	45
85	Solution - 12538	512	2306	216	0	45
86	Solution - 12538	512	2306	216	0	45
87	Solution - 12538	512	2306	216	0	45
88	Solution - 12538	512	2306	216	0	45
89	Solution - 12538	512	2306	216	0	45
90	Solution - 12538	512	2306	216	0	45
91	Solution - 12538	512	2306	216	0	45
92	Solution - 12538	512	2306	216	0	45
93	Solution - 12538	512	2306	216	0	45
94	Solution - 12538	512	2306	216	0	45
95	Solution - 12538	512	2306	216	0	45
96	Solution - 12538	512	2306	216	0	45
97	Solution - 12538	512	2306	216	0	45
98	Solution - 12538	512	2306	216	0	45
99	Solution - 12538	512	2306	216	0	45
