15907
15907
14511
14511
14511
14511
14511
14511
14511
14511
14511
14511
14511
14511
13074
13074
13074
13074
13074
13074
13074
13074
13074
13074
13074
13074
13074
13074
13074
13074
13074
13074
13074
13074
13074
13074
13074
13074
13074
13074
13074
13074
13074
13074
13074
13074
13074
13074
13074
13074
13074
13074
13074
13074
13074
13074
13074
13074
13074
13074
13074
13074
13074
13074
13074
13074
13074
13074
13074
13074
13074
13074
13074
13074
13074
13074
13074
13074
13074
13074
13074
13074
13074
13074
13074
13074
13074
13074
13074
13074
13074
13074
13074
13074
13074
13074
13074
13074
13074
13074
