17001
16122
15349
14832
14832
14832
14832
14832
14832
14832
14706
14706
14706
14479
14479
14479
14479
14479
14479
14479
14479
14186
14186
13731
13731
13731
13731
13731
13731
13731
13731
13731
13731
13731
13731
13731
13731
13731
13731
13731
13731
13731
13731
13731
13731
13209
13209
13209
13209
13209
13209
13209
13209
13209
13209
13209
13209
13209
13209
13209
13209
13209
13209
13209
13209
13209
13209
13209
13209
13209
13209
13209
13209
13209
13209
13209
13209
13209
13209
13209
13209
13209
13209
13209
13209
13209
13209
13209
13209
13209
13209
13209
13209
13209
13209
13209
13209
13209
13209
13209
