0	Solution - 17302	504	2264	338	0	43
1	Solution - 16388	503	2254	317	0	43
2	Solution - 16388	503	2254	317	0	43
3	Solution - 16388	503	2254	317	0	43
4	Solution - 16388	503	2254	317	0	43
5	Solution - 15676	515	2313	292	0	44
6	Solution - 15676	515	2313	292	0	44
7	Solution - 15676	515	2313	292	0	44
8	Solution - 15676	515	2313	292	0	44
9	Solution - 15676	515	2313	292	0	44
10	Solution - 15676	515	2313	292	0	44
11	Solution - 15676	515	2313	292	0	44
12	Solution - 15676	515	2313	292	0	44
13	Solution - 14060	505	2291	256	0	44
14	Solution - 14060	505	2291	256	0	44
15	Solution - 14060	505	2291	256	0	44
16	Solution - 14060	505	2291	256	0	44
17	Solution - 14060	505	2291	256	0	44
18	Solution - 14060	505	2291	256	0	44
19	Solution - 14060	505	2291	256	0	44
20	Solution - 14060	505	2291	256	0	44
21	Solution - 14060	505	2291	256	0	44
22	Solution - 13130	503	2264	241	0	43
23	Solution - 13130	503	2264	241	0	43
24	Solution - 13130	503	2264	241	0	43
25	Solution - 13130	503	2264	241	0	43
26	Solution - 13130	503	2264	241	0	43
27	Solution - 13130	503	2264	241	0	43
28	Solution - 13130	503	2264	241	0	43
29	Solution - 13130	503	2264	241	0	43
30	Solution - 13130	503	2264	241	0	43
31	Solution - 13130	503	2264	241	0	43
32	Solution - 13130	503	2264	241	0	43
33	Solution - 13130	503	2264	241	0	43
34	Solution - 13130	503	2264	241	0	43
35	Solution - 13130	503	2264	241	0	43
36	Solution - 13130	503	2264	241	0	43
37	Solution - 13130	503	2264	241	0	43
38	Solution - 13130	503	2264	241	0	43
39	Solution - 13130	503	2264	241	0	43
40	Solution - 13130	503	2264	241	0	43
41	Solution - 13130	503	2264	241	0	43
42	Solution - 13130	503	2264	241	0	43
43	Solution - 13130	503	2264	241	0	43
44	Solution - 13130	503	2264	241	0	43
45	Solution - 13130	503	2264	241	0	43
46	Solution - 13130	503	2264	241	0	43
47	Solution - 13130	503	2264	241	0	43
48	Solution - 13130	503	2264	241	0	43
49	Solution - 13130	503	2264	241	0	43
50	Solution - 13130	503	2264	241	0	43
51	Solution - 13130	503	2264	241	0	43
52	Solution - 13130	503	2264	241	0	43
53	Solution - 13130	503	2264	241	0	43
54	Solution - 13130	503	2264	241	0	43
55	Solution - 13130	503	2264	241	0	43
56	Solution - 13130	503	2264	241	0	43
57	Solution - 13130	503	2264	241	0	43
58	Solution - 13130	503	2264	241	0	43
59	Solution - 13130	503	2264	241	0	43
60	Solution - 13130	503	2264	241	0	43
61	Solution - 13130	503	2264	241	0	43
62	Solution - 13130	503	2264	241	0	43
63	Solution - 13130	503	2264	241	0	43
64	Solution - 13130	503	2264	241	0	43
65	Solution - 13130	503	2264	241	0	43
66	Solution - 13130	503	2264	241	0	43
67	Solution - 13130	503	2264	241	0	43
68	Solution - 13130	503	2264	241	0	43
69	Solution - 13130	503	2264	241	0	43
70	Solution - 13130	503	2264	241	0	43
71	Solution - 13130	503	2264	241	0	43
72	Solution - 13130	503	2264	241	0	43
73	Solution - 13130	503	2264	241	0	43
74	Solution - 13130	503	2264	241	0	43
75	Solution - 13130	503	2264	241	0	43
76	Solution - 13130	503	2264	241	0	43
77	Solution - 13130	503	2264	241	0	43
78	Solution - 13130	503	2264	241	0	43
79	Solution - 13130	503	2264	241	0	43
80	Solution - 13130	503	2264	241	0	43
81	Solution - 13130	503	2264	241	0	43
82	Solution - 13130	503	2264	241	0	43
83	Solution - 13130	503	2264	241	0	43
84	Solution - 13130	503	2264	241	0	43
85	Solution - 13130	503	2264	241	0	43
86	Solution - 13130	503	2264	241	0	43
87	Solution - 13130	503	2264	241	0	43
88	Solution - 13130	503	2264	241	0	43
89	Solution - 13130	503	2264	241	0	43
90	Solution - 13130	503	2264	241	0	43
91	Solution - 13130	503	2264	241	0	43
92	Solution - 13130	503	2264	241	0	43
93	Solution - 13130	503	2264	241	0	43
94	Solution - 13130	503	2264	241	0	43
95	Solution - 13130	503	2264	241	0	43
96	Solution - 13130	503	2264	241	0	43
97	Solution - 13130	503	2264	241	0	43
98	Solution - 13130	503	2264	241	0	43
99	Solution - 13130	503	2264	241	0	43
