16132
15259
15120
15120
15120
15120
15120
15120
15120
14985
14985
14985
14985
14232
14232
14232
14232
14232
14232
14232
14232
14232
14232
14232
14232
14232
14232
14232
14232
14232
14232
14232
14232
14232
14232
14232
14232
14232
14232
14232
14232
14232
14232
14232
14232
14232
14232
14232
14232
14232
14232
14232
14232
14232
14232
14232
14232
14232
14232
14232
14232
14232
14232
14232
14232
14232
14232
14232
14232
14232
14232
14232
14232
14232
14232
14232
14232
14232
14232
14232
14232
14232
14232
14232
14232
14232
14232
14232
14232
14232
14232
14232
14232
14232
14232
14232
14232
14232
14232
14232
