0	Solution - 18248	509	2304	343	0	45
1	Solution - 15416	494	2232	270	0	47
2	Solution - 15416	494	2232	270	0	47
3	Solution - 15416	494	2232	270	0	47
4	Solution - 15416	494	2232	270	0	47
5	Solution - 15416	494	2232	270	0	47
6	Solution - 15416	494	2232	270	0	47
7	Solution - 15416	494	2232	270	0	47
8	Solution - 15416	494	2232	270	0	47
9	Solution - 15416	494	2232	270	0	47
10	Solution - 15384	509	2275	280	0	45
11	Solution - 15384	509	2275	280	0	45
12	Solution - 15384	509	2275	280	0	45
13	Solution - 15384	509	2275	280	0	45
14	Solution - 15384	509	2275	280	0	45
15	Solution - 15384	509	2275	280	0	45
16	Solution - 15384	509	2275	280	0	45
17	Solution - 15384	509	2275	280	0	45
18	Solution - 15384	509	2275	280	0	45
19	Solution - 15384	509	2275	280	0	45
20	Solution - 14329	519	2326	261	0	44
21	Solution - 14329	519	2326	261	0	44
22	Solution - 14329	519	2326	261	0	44
23	Solution - 14329	519	2326	261	0	44
24	Solution - 14329	519	2326	261	0	44
25	Solution - 14329	519	2326	261	0	44
26	Solution - 14329	519	2326	261	0	44
27	Solution - 14329	519	2326	261	0	44
28	Solution - 14329	519	2326	261	0	44
29	Solution - 14329	519	2326	261	0	44
30	Solution - 14329	519	2326	261	0	44
31	Solution - 14329	519	2326	261	0	44
32	Solution - 14329	519	2326	261	0	44
33	Solution - 14329	519	2326	261	0	44
34	Solution - 14329	519	2326	261	0	44
35	Solution - 14329	519	2326	261	0	44
36	Solution - 14329	519	2326	261	0	44
37	Solution - 14329	519	2326	261	0	44
38	Solution - 14329	519	2326	261	0	44
39	Solution - 14329	519	2326	261	0	44
40	Solution - 14329	519	2326	261	0	44
41	Solution - 14329	519	2326	261	0	44
42	Solution - 14329	519	2326	261	0	44
43	Solution - 14329	519	2326	261	0	44
44	Solution - 14329	519	2326	261	0	44
45	Solution - 14329	519	2326	261	0	44
46	Solution - 14329	519	2326	261	0	44
47	Solution - 13925	495	2225	249	0	45
48	Solution - 13899	491	2194	267	0	42
49	Solution - 13899	491	2194	267	0	42
50	Solution - 13899	491	2194	267	0	42
51	Solution - 13899	491	2194	267	0	42
52	Solution - 13899	491	2194	267	0	42
53	Solution - 13899	491	2194	267	0	42
54	Solution - 13899	491	2194	267	0	42
55	Solution - 13899	491	2194	267	0	42
56	Solution - 13899	491	2194	267	0	42
57	Solution - 13899	491	2194	267	0	42
58	Solution - 13899	491	2194	267	0	42
59	Solution - 13899	491	2194	267	0	42
60	Solution - 13899	491	2194	267	0	42
61	Solution - 13899	491	2194	267	0	42
62	Solution - 13899	491	2194	267	0	42
63	Solution - 13899	491	2194	267	0	42
64	Solution - 13899	491	2194	267	0	42
65	Solution - 13899	491	2194	267	0	42
66	Solution - 13899	491	2194	267	0	42
67	Solution - 13899	491	2194	267	0	42
68	Solution - 13899	491	2194	267	0	42
69	Solution - 13899	491	2194	267	0	42
70	Solution - 13899	491	2194	267	0	42
71	Solution - 13899	491	2194	267	0	42
72	Solution - 13899	491	2194	267	0	42
73	Solution - 13899	491	2194	267	0	42
74	Solution - 13105	508	2265	246	0	42
75	Solution - 13105	508	2265	246	0	42
76	Solution - 13105	508	2265	246	0	42
77	Solution - 13105	508	2265	246	0	42
78	Solution - 13105	508	2265	246	0	42
79	Solution - 13105	508	2265	246	0	42
80	Solution - 13105	508	2265	246	0	42
81	Solution - 13105	508	2265	246	0	42
82	Solution - 13105	508	2265	246	0	42
83	Solution - 13105	508	2265	246	0	42
84	Solution - 13105	508	2265	246	0	42
85	Solution - 13105	508	2265	246	0	42
86	Solution - 13105	508	2265	246	0	42
87	Solution - 13105	508	2265	246	0	42
88	Solution - 13105	508	2265	246	0	42
89	Solution - 13105	508	2265	246	0	42
90	Solution - 13105	508	2265	246	0	42
91	Solution - 13105	508	2265	246	0	42
92	Solution - 13105	508	2265	246	0	42
93	Solution - 13105	508	2265	246	0	42
94	Solution - 13105	508	2265	246	0	42
95	Solution - 13105	508	2265	246	0	42
96	Solution - 13105	508	2265	246	0	42
97	Solution - 13105	508	2265	246	0	42
98	Solution - 13105	508	2265	246	0	42
99	Solution - 13105	508	2265	246	0	42
