15100
15100
15100
14681
14681
14681
14681
14681
14681
14681
14681
14681
14681
14681
14681
14681
14681
14681
14681
14681
14681
14681
14681
14681
14681
14681
14681
14218
14218
14218
14218
14218
14218
13493
13493
13493
13493
13493
13493
13493
13493
13493
13493
13493
13493
13493
13493
13493
13493
13493
13493
13493
13493
13493
13493
13493
13493
13493
13493
13493
13493
13493
13493
13493
13493
13493
13493
13493
13493
13493
13493
13493
13493
13493
13493
13493
13493
13493
13493
13493
13493
13493
13493
13493
13493
13493
13493
13493
12397
12397
12397
12397
12397
12397
12397
12397
12397
12397
12397
12397
