15359
14278
14278
14278
14278
14278
14278
14278
14278
14278
14278
14278
14278
14278
14278
14278
14278
14278
14278
14278
14278
14278
14278
14278
14278
14278
14278
14278
14278
14278
13493
13493
13493
13493
13493
13493
13493
13493
13493
13493
13493
13493
13493
13493
13493
13493
13493
13493
13493
13493
13493
13493
13493
13493
13493
13493
13493
13493
13493
13493
13493
13493
13493
13493
13493
13493
13493
13493
13493
13493
13493
13493
13493
13493
13493
13493
13493
13493
13493
13493
13493
13493
13493
13493
13493
13493
13493
13493
13493
13493
13493
13493
13493
13493
13493
13493
13493
13493
13493
13493
