0	Solution - 14114	490	2228	259	0	44
1	Solution - 14114	490	2228	259	0	44
2	Solution - 14114	490	2228	259	0	44
3	Solution - 13957	488	2194	275	0	41
4	Solution - 13957	488	2194	275	0	41
5	Solution - 13957	488	2194	275	0	41
6	Solution - 13957	488	2194	275	0	41
7	Solution - 13957	488	2194	275	0	41
8	Solution - 13957	488	2194	275	0	41
9	Solution - 13957	488	2194	275	0	41
10	Solution - 13957	488	2194	275	0	41
11	Solution - 13957	488	2194	275	0	41
12	Solution - 13957	488	2194	275	0	41
13	Solution - 13957	488	2194	275	0	41
14	Solution - 13957	488	2194	275	0	41
15	Solution - 13957	488	2194	275	0	41
16	Solution - 13957	488	2194	275	0	41
17	Solution - 13957	488	2194	275	0	41
18	Solution - 13957	488	2194	275	0	41
19	Solution - 13957	488	2194	275	0	41
20	Solution - 13957	488	2194	275	0	41
21	Solution - 13957	488	2194	275	0	41
22	Solution - 13957	488	2194	275	0	41
23	Solution - 13957	488	2194	275	0	41
24	Solution - 13957	488	2194	275	0	41
25	Solution - 13957	488	2194	275	0	41
26	Solution - 13957	488	2194	275	0	41
27	Solution - 13957	488	2194	275	0	41
28	Solution - 13957	488	2194	275	0	41
29	Solution - 13957	488	2194	275	0	41
30	Solution - 13957	488	2194	275	0	41
31	Solution - 13957	488	2194	275	0	41
32	Solution - 13957	488	2194	275	0	41
33	Solution - 13957	488	2194	275	0	41
34	Solution - 13957	488	2194	275	0	41
35	Solution - 13957	488	2194	275	0	41
36	Solution - 13957	488	2194	275	0	41
37	Solution - 13957	488	2194	275	0	41
38	Solution - 13957	488	2194	275	0	41
39	Solution - 13957	488	2194	275	0	41
40	Solution - 13957	488	2194	275	0	41
41	Solution - 13957	488	2194	275	0	41
42	Solution - 13957	488	2194	275	0	41
43	Solution - 12324	505	2273	222	0	43
44	Solution - 12324	505	2273	222	0	43
45	Solution - 12324	505	2273	222	0	43
46	Solution - 12324	505	2273	222	0	43
47	Solution - 12324	505	2273	222	0	43
48	Solution - 12324	505	2273	222	0	43
49	Solution - 12324	505	2273	222	0	43
50	Solution - 12324	505	2273	222	0	43
51	Solution - 12324	505	2273	222	0	43
52	Solution - 12324	505	2273	222	0	43
53	Solution - 12324	505	2273	222	0	43
54	Solution - 12324	505	2273	222	0	43
55	Solution - 12324	505	2273	222	0	43
56	Solution - 12324	505	2273	222	0	43
57	Solution - 12324	505	2273	222	0	43
58	Solution - 12324	505	2273	222	0	43
59	Solution - 12324	505	2273	222	0	43
60	Solution - 12324	505	2273	222	0	43
61	Solution - 12324	505	2273	222	0	43
62	Solution - 12324	505	2273	222	0	43
63	Solution - 12324	505	2273	222	0	43
64	Solution - 12324	505	2273	222	0	43
65	Solution - 12324	505	2273	222	0	43
66	Solution - 12324	505	2273	222	0	43
67	Solution - 12324	505	2273	222	0	43
68	Solution - 12324	505	2273	222	0	43
69	Solution - 12324	505	2273	222	0	43
70	Solution - 12324	505	2273	222	0	43
71	Solution - 12324	505	2273	222	0	43
72	Solution - 12324	505	2273	222	0	43
73	Solution - 12324	505	2273	222	0	43
74	Solution - 12324	505	2273	222	0	43
75	Solution - 12324	505	2273	222	0	43
76	Solution - 12324	505	2273	222	0	43
77	Solution - 12324	505	2273	222	0	43
78	Solution - 12324	505	2273	222	0	43
79	Solution - 12324	505	2273	222	0	43
80	Solution - 12324	505	2273	222	0	43
81	Solution - 12324	505	2273	222	0	43
82	Solution - 12324	505	2273	222	0	43
83	Solution - 12324	505	2273	222	0	43
84	Solution - 12324	505	2273	222	0	43
85	Solution - 12324	505	2273	222	0	43
86	Solution - 12324	505	2273	222	0	43
87	Solution - 12324	505	2273	222	0	43
88	Solution - 12324	505	2273	222	0	43
89	Solution - 12324	505	2273	222	0	43
90	Solution - 12324	505	2273	222	0	43
91	Solution - 12324	505	2273	222	0	43
92	Solution - 12324	505	2273	222	0	43
93	Solution - 12324	505	2273	222	0	43
94	Solution - 12324	505	2273	222	0	43
95	Solution - 12324	505	2273	222	0	43
96	Solution - 12324	505	2273	222	0	43
97	Solution - 12324	505	2273	222	0	43
98	Solution - 12324	505	2273	222	0	43
99	Solution - 12324	505	2273	222	0	43
