18480
17572
17572
17572
17497
17497
17497
17497
16574
16239
16239
16239
16239
15333
15333
15333
15333
15333
15333
15119
15119
14598
14598
14598
14598
14598
14598
14598
14598
14598
14598
14598
14598
14598
14598
13803
13803
13803
13803
13803
13803
13803
13803
13803
13803
13803
13803
13803
13803
13803
13803
13803
13803
13803
13803
13803
13803
13803
13803
13803
13803
13803
13803
13803
13803
13803
13803
13803
13803
13803
13803
13327
13327
13327
13327
13327
13327
13327
13327
13327
13327
13327
13327
13327
13327
13327
13327
13327
13327
13327
13327
13327
13327
13327
13327
13327
13327
13327
13327
13327
