15035
15035
15035
15035
15035
15035
15035
13000
13000
13000
13000
13000
13000
13000
13000
13000
13000
13000
13000
13000
13000
13000
13000
13000
13000
13000
13000
13000
13000
13000
13000
13000
13000
13000
13000
13000
13000
13000
13000
13000
13000
13000
13000
13000
13000
13000
13000
13000
13000
13000
13000
13000
13000
13000
13000
13000
13000
13000
13000
13000
13000
13000
13000
13000
13000
13000
13000
13000
13000
13000
13000
13000
13000
13000
13000
13000
13000
13000
13000
13000
13000
13000
13000
13000
13000
13000
13000
13000
13000
13000
13000
13000
13000
13000
13000
13000
13000
13000
13000
13000
