16311
14708
14708
14708
14708
14708
14708
14708
14708
14708
13776
13776
13776
13776
13776
13776
13776
13776
13776
13776
13776
13776
13776
13776
13776
13776
13776
13776
13776
13776
13776
13776
13776
13776
13776
13776
13776
13776
13776
13776
13776
13776
13776
13776
13776
13776
13776
13776
13776
13776
13776
13776
13776
13776
13776
13776
13776
13776
13776
13776
13776
13776
13776
13776
13776
13776
13776
13776
13776
13776
13776
13776
13776
13776
13776
13776
13776
13776
13776
13776
13776
13776
13776
13776
13776
13776
13776
13776
13776
13776
13776
13776
13776
13776
13776
13776
13776
13776
13776
13776
