0	Solution - 16987	503	2270	309	0	46
1	Solution - 16987	503	2270	309	0	46
2	Solution - 16987	503	2270	309	0	46
3	Solution - 16987	503	2270	309	0	46
4	Solution - 14812	507	2293	273	0	44
5	Solution - 14812	507	2293	273	0	44
6	Solution - 14812	507	2293	273	0	44
7	Solution - 14812	507	2293	273	0	44
8	Solution - 14812	507	2293	273	0	44
9	Solution - 14812	507	2293	273	0	44
10	Solution - 14812	507	2293	273	0	44
11	Solution - 14812	507	2293	273	0	44
12	Solution - 14812	507	2293	273	0	44
13	Solution - 14786	495	2231	268	0	45
14	Solution - 14786	495	2231	268	0	45
15	Solution - 14209	500	2234	255	0	45
16	Solution - 14209	500	2234	255	0	45
17	Solution - 14209	500	2234	255	0	45
18	Solution - 14209	500	2234	255	0	45
19	Solution - 14209	500	2234	255	0	45
20	Solution - 14209	500	2234	255	0	45
21	Solution - 14209	500	2234	255	0	45
22	Solution - 14209	500	2234	255	0	45
23	Solution - 14209	500	2234	255	0	45
24	Solution - 14209	500	2234	255	0	45
25	Solution - 14209	500	2234	255	0	45
26	Solution - 14209	500	2234	255	0	45
27	Solution - 14209	500	2234	255	0	45
28	Solution - 14209	500	2234	255	0	45
29	Solution - 14209	500	2234	255	0	45
30	Solution - 14209	500	2234	255	0	45
31	Solution - 14209	500	2234	255	0	45
32	Solution - 14209	500	2234	255	0	45
33	Solution - 14209	500	2234	255	0	45
34	Solution - 14209	500	2234	255	0	45
35	Solution - 14209	500	2234	255	0	45
36	Solution - 14209	500	2234	255	0	45
37	Solution - 14209	500	2234	255	0	45
38	Solution - 14209	500	2234	255	0	45
39	Solution - 14209	500	2234	255	0	45
40	Solution - 14209	500	2234	255	0	45
41	Solution - 13795	510	2285	250	0	44
42	Solution - 13795	510	2285	250	0	44
43	Solution - 13795	510	2285	250	0	44
44	Solution - 13795	510	2285	250	0	44
45	Solution - 13795	510	2285	250	0	44
46	Solution - 13795	510	2285	250	0	44
47	Solution - 13795	510	2285	250	0	44
48	Solution - 13795	510	2285	250	0	44
49	Solution - 13795	510	2285	250	0	44
50	Solution - 13795	510	2285	250	0	44
51	Solution - 13795	510	2285	250	0	44
52	Solution - 13795	510	2285	250	0	44
53	Solution - 13795	510	2285	250	0	44
54	Solution - 13795	510	2285	250	0	44
55	Solution - 13795	510	2285	250	0	44
56	Solution - 13795	510	2285	250	0	44
57	Solution - 13795	510	2285	250	0	44
58	Solution - 13795	510	2285	250	0	44
59	Solution - 13795	510	2285	250	0	44
60	Solution - 13795	510	2285	250	0	44
61	Solution - 13795	510	2285	250	0	44
62	Solution - 13795	510	2285	250	0	44
63	Solution - 13795	510	2285	250	0	44
64	Solution - 13795	510	2285	250	0	44
65	Solution - 13795	510	2285	250	0	44
66	Solution - 13795	510	2285	250	0	44
67	Solution - 13795	510	2285	250	0	44
68	Solution - 13795	510	2285	250	0	44
69	Solution - 13795	510	2285	250	0	44
70	Solution - 13795	510	2285	250	0	44
71	Solution - 13795	510	2285	250	0	44
72	Solution - 13795	510	2285	250	0	44
73	Solution - 13795	510	2285	250	0	44
74	Solution - 13795	510	2285	250	0	44
75	Solution - 13795	510	2285	250	0	44
76	Solution - 13795	510	2285	250	0	44
77	Solution - 13795	510	2285	250	0	44
78	Solution - 13795	510	2285	250	0	44
79	Solution - 13795	510	2285	250	0	44
80	Solution - 13795	510	2285	250	0	44
81	Solution - 13795	510	2285	250	0	44
82	Solution - 13795	510	2285	250	0	44
83	Solution - 13795	510	2285	250	0	44
84	Solution - 13795	510	2285	250	0	44
85	Solution - 13795	510	2285	250	0	44
86	Solution - 13795	510	2285	250	0	44
87	Solution - 13795	510	2285	250	0	44
88	Solution - 13795	510	2285	250	0	44
89	Solution - 13795	510	2285	250	0	44
90	Solution - 13795	510	2285	250	0	44
91	Solution - 13795	510	2285	250	0	44
92	Solution - 13795	510	2285	250	0	44
93	Solution - 13795	510	2285	250	0	44
94	Solution - 13795	510	2285	250	0	44
95	Solution - 13795	510	2285	250	0	44
96	Solution - 13795	510	2285	250	0	44
97	Solution - 13795	510	2285	250	0	44
98	Solution - 13795	510	2285	250	0	44
99	Solution - 13795	510	2285	250	0	44
