0	Solution - 14969	509	2316	264	0	46
1	Solution - 14969	509	2316	264	0	46
2	Solution - 14969	509	2316	264	0	46
3	Solution - 14969	509	2316	264	0	46
4	Solution - 14969	509	2316	264	0	46
5	Solution - 14969	509	2316	264	0	46
6	Solution - 14969	509	2316	264	0	46
7	Solution - 14025	499	2262	256	0	44
8	Solution - 14025	499	2262	256	0	44
9	Solution - 14025	499	2262	256	0	44
10	Solution - 14025	499	2262	256	0	44
11	Solution - 14025	499	2262	256	0	44
12	Solution - 14025	499	2262	256	0	44
13	Solution - 14025	499	2262	256	0	44
14	Solution - 14025	499	2262	256	0	44
15	Solution - 14025	499	2262	256	0	44
16	Solution - 14025	499	2262	256	0	44
17	Solution - 14025	499	2262	256	0	44
18	Solution - 14025	499	2262	256	0	44
19	Solution - 14025	499	2262	256	0	44
20	Solution - 14025	499	2262	256	0	44
21	Solution - 14025	499	2262	256	0	44
22	Solution - 14025	499	2262	256	0	44
23	Solution - 14025	499	2262	256	0	44
24	Solution - 14025	499	2262	256	0	44
25	Solution - 14025	499	2262	256	0	44
26	Solution - 14025	499	2262	256	0	44
27	Solution - 14025	499	2262	256	0	44
28	Solution - 14025	499	2262	256	0	44
29	Solution - 14025	499	2262	256	0	44
30	Solution - 14025	499	2262	256	0	44
31	Solution - 14025	499	2262	256	0	44
32	Solution - 14025	499	2262	256	0	44
33	Solution - 14025	499	2262	256	0	44
34	Solution - 14025	499	2262	256	0	44
35	Solution - 14025	499	2262	256	0	44
36	Solution - 14025	499	2262	256	0	44
37	Solution - 14025	499	2262	256	0	44
38	Solution - 14025	499	2262	256	0	44
39	Solution - 13494	496	2243	239	0	45
40	Solution - 13494	496	2243	239	0	45
41	Solution - 13494	496	2243	239	0	45
42	Solution - 13494	496	2243	239	0	45
43	Solution - 13494	496	2243	239	0	45
44	Solution - 13494	496	2243	239	0	45
45	Solution - 13494	496	2243	239	0	45
46	Solution - 13494	496	2243	239	0	45
47	Solution - 13494	496	2243	239	0	45
48	Solution - 13494	496	2243	239	0	45
49	Solution - 13494	496	2243	239	0	45
50	Solution - 13494	496	2243	239	0	45
51	Solution - 13494	496	2243	239	0	45
52	Solution - 13494	496	2243	239	0	45
53	Solution - 13494	496	2243	239	0	45
54	Solution - 13494	496	2243	239	0	45
55	Solution - 13494	496	2243	239	0	45
56	Solution - 13494	496	2243	239	0	45
57	Solution - 13494	496	2243	239	0	45
58	Solution - 13494	496	2243	239	0	45
59	Solution - 13494	496	2243	239	0	45
60	Solution - 13494	496	2243	239	0	45
61	Solution - 13494	496	2243	239	0	45
62	Solution - 13494	496	2243	239	0	45
63	Solution - 13494	496	2243	239	0	45
64	Solution - 13494	496	2243	239	0	45
65	Solution - 13494	496	2243	239	0	45
66	Solution - 13494	496	2243	239	0	45
67	Solution - 13494	496	2243	239	0	45
68	Solution - 13494	496	2243	239	0	45
69	Solution - 13494	496	2243	239	0	45
70	Solution - 13494	496	2243	239	0	45
71	Solution - 12657	496	2228	231	0	43
72	Solution - 12657	496	2228	231	0	43
73	Solution - 12657	496	2228	231	0	43
74	Solution - 12657	496	2228	231	0	43
75	Solution - 12657	496	2228	231	0	43
76	Solution - 12657	496	2228	231	0	43
77	Solution - 12657	496	2228	231	0	43
78	Solution - 12657	496	2228	231	0	43
79	Solution - 12657	496	2228	231	0	43
80	Solution - 12657	496	2228	231	0	43
81	Solution - 12657	496	2228	231	0	43
82	Solution - 12657	496	2228	231	0	43
83	Solution - 12657	496	2228	231	0	43
84	Solution - 12657	496	2228	231	0	43
85	Solution - 12657	496	2228	231	0	43
86	Solution - 12657	496	2228	231	0	43
87	Solution - 12657	496	2228	231	0	43
88	Solution - 12657	496	2228	231	0	43
89	Solution - 12657	496	2228	231	0	43
90	Solution - 12657	496	2228	231	0	43
91	Solution - 12657	496	2228	231	0	43
92	Solution - 12657	496	2228	231	0	43
93	Solution - 12657	496	2228	231	0	43
94	Solution - 12657	496	2228	231	0	43
95	Solution - 12657	496	2228	231	0	43
96	Solution - 12657	496	2228	231	0	43
97	Solution - 12657	496	2228	231	0	43
98	Solution - 12657	496	2228	231	0	43
99	Solution - 12657	496	2228	231	0	43
