15030
15030
15030
15030
15030
15030
15030
15030
15030
15030
14848
14848
14848
14848
14677
12971
12971
12971
12971
12971
12971
12971
12971
12971
12971
12971
12971
12971
12971
12971
12971
12971
12971
12971
12971
12971
12971
12971
12971
12971
12971
12971
12971
12971
12971
12971
12971
12971
12971
12971
12971
12971
12971
12971
12971
12971
12971
12971
12971
12971
12971
12971
12971
12971
12971
12971
12971
12971
12971
12971
12971
12971
12971
12971
12971
12971
12971
12971
12971
12971
12971
12971
12971
12971
12971
12971
12971
12971
12971
12971
12971
12971
12971
12971
12971
12971
12971
12971
12971
12971
