0	Solution - 20017	504	2265	392	0	44
1	Solution - 18285	501	2236	338	0	46
2	Solution - 15892	493	2214	293	0	45
3	Solution - 15892	493	2214	293	0	45
4	Solution - 15892	493	2214	293	0	45
5	Solution - 15892	493	2214	293	0	45
6	Solution - 15892	493	2214	293	0	45
7	Solution - 15892	493	2214	293	0	45
8	Solution - 15892	493	2214	293	0	45
9	Solution - 15892	493	2214	293	0	45
10	Solution - 15892	493	2214	293	0	45
11	Solution - 15892	493	2214	293	0	45
12	Solution - 15892	493	2214	293	0	45
13	Solution - 15892	493	2214	293	0	45
14	Solution - 15448	502	2256	282	0	45
15	Solution - 15448	502	2256	282	0	45
16	Solution - 15448	502	2256	282	0	45
17	Solution - 15448	502	2256	282	0	45
18	Solution - 15448	502	2256	282	0	45
19	Solution - 15448	502	2256	282	0	45
20	Solution - 15448	502	2256	282	0	45
21	Solution - 15448	502	2256	282	0	45
22	Solution - 15240	494	2206	285	0	44
23	Solution - 15240	494	2206	285	0	44
24	Solution - 14806	492	2214	275	0	44
25	Solution - 14806	492	2214	275	0	44
26	Solution - 14806	492	2214	275	0	44
27	Solution - 14806	492	2214	275	0	44
28	Solution - 14806	492	2214	275	0	44
29	Solution - 14806	492	2214	275	0	44
30	Solution - 14806	492	2214	275	0	44
31	Solution - 14806	492	2214	275	0	44
32	Solution - 14806	492	2214	275	0	44
33	Solution - 14806	492	2214	275	0	44
34	Solution - 14806	492	2214	275	0	44
35	Solution - 14806	492	2214	275	0	44
36	Solution - 14806	492	2214	275	0	44
37	Solution - 14806	492	2214	275	0	44
38	Solution - 14806	492	2214	275	0	44
39	Solution - 14806	492	2214	275	0	44
40	Solution - 14806	492	2214	275	0	44
41	Solution - 14739	487	2198	287	0	42
42	Solution - 14739	487	2198	287	0	42
43	Solution - 14739	487	2198	287	0	42
44	Solution - 14739	487	2198	287	0	42
45	Solution - 14739	487	2198	287	0	42
46	Solution - 14739	487	2198	287	0	42
47	Solution - 14739	487	2198	287	0	42
48	Solution - 14739	487	2198	287	0	42
49	Solution - 14739	487	2198	287	0	42
50	Solution - 14739	487	2198	287	0	42
51	Solution - 14739	487	2198	287	0	42
52	Solution - 14739	487	2198	287	0	42
53	Solution - 14739	487	2198	287	0	42
54	Solution - 14739	487	2198	287	0	42
55	Solution - 14739	487	2198	287	0	42
56	Solution - 14739	487	2198	287	0	42
57	Solution - 14739	487	2198	287	0	42
58	Solution - 14739	487	2198	287	0	42
59	Solution - 14739	487	2198	287	0	42
60	Solution - 14739	487	2198	287	0	42
61	Solution - 14739	487	2198	287	0	42
62	Solution - 14739	487	2198	287	0	42
63	Solution - 13412	512	2296	241	0	44
64	Solution - 13412	512	2296	241	0	44
65	Solution - 13412	512	2296	241	0	44
66	Solution - 13412	512	2296	241	0	44
67	Solution - 13412	512	2296	241	0	44
68	Solution - 13412	512	2296	241	0	44
69	Solution - 13412	512	2296	241	0	44
70	Solution - 13412	512	2296	241	0	44
71	Solution - 13412	512	2296	241	0	44
72	Solution - 13412	512	2296	241	0	44
73	Solution - 13412	512	2296	241	0	44
74	Solution - 13412	512	2296	241	0	44
75	Solution - 13412	512	2296	241	0	44
76	Solution - 13412	512	2296	241	0	44
77	Solution - 13412	512	2296	241	0	44
78	Solution - 13412	512	2296	241	0	44
79	Solution - 13412	512	2296	241	0	44
80	Solution - 13412	512	2296	241	0	44
81	Solution - 13412	512	2296	241	0	44
82	Solution - 13412	512	2296	241	0	44
83	Solution - 13412	512	2296	241	0	44
84	Solution - 13412	512	2296	241	0	44
85	Solution - 13412	512	2296	241	0	44
86	Solution - 13412	512	2296	241	0	44
87	Solution - 13412	512	2296	241	0	44
88	Solution - 13412	512	2296	241	0	44
89	Solution - 13412	512	2296	241	0	44
90	Solution - 13412	512	2296	241	0	44
91	Solution - 13412	512	2296	241	0	44
92	Solution - 13412	512	2296	241	0	44
93	Solution - 13412	512	2296	241	0	44
94	Solution - 13412	512	2296	241	0	44
95	Solution - 13412	512	2296	241	0	44
96	Solution - 13412	512	2296	241	0	44
97	Solution - 12802	497	2225	240	0	42
98	Solution - 12802	497	2225	240	0	42
99	Solution - 12802	497	2225	240	0	42
