16300
16300
13755
13755
13755
13755
13755
13755
13755
13755
13755
13755
13755
13755
13755
13755
13755
13755
13755
13755
13755
13755
13755
13755
13755
13755
13755
13755
13755
13755
13755
13755
13755
13755
13755
13755
13755
13755
13755
13755
13755
13755
13755
13755
13755
13755
13755
13755
13755
13755
13755
13755
13755
13755
13755
13755
13755
13755
13755
13755
13755
13755
13755
13755
13755
13755
13755
13755
13755
13755
13755
13755
13755
13755
13755
13755
13755
13755
13755
13755
13755
13755
13755
13755
13755
13755
13755
13755
13755
13755
13755
13755
13755
13755
13755
13755
13755
13755
13755
13755
