0	Solution - 18173	505	2268	350	0	44
1	Solution - 18084	511	2301	332	0	46
2	Solution - 16221	496	2223	314	0	43
3	Solution - 16221	496	2223	314	0	43
4	Solution - 16221	496	2223	314	0	43
5	Solution - 16221	496	2223	314	0	43
6	Solution - 14817	504	2257	274	0	44
7	Solution - 14817	504	2257	274	0	44
8	Solution - 14817	504	2257	274	0	44
9	Solution - 13978	495	2219	256	0	44
10	Solution - 13978	495	2219	256	0	44
11	Solution - 13978	495	2219	256	0	44
12	Solution - 13978	495	2219	256	0	44
13	Solution - 13978	495	2219	256	0	44
14	Solution - 13978	495	2219	256	0	44
15	Solution - 13978	495	2219	256	0	44
16	Solution - 13978	495	2219	256	0	44
17	Solution - 13978	495	2219	256	0	44
18	Solution - 13978	495	2219	256	0	44
19	Solution - 13978	495	2219	256	0	44
20	Solution - 13978	495	2219	256	0	44
21	Solution - 13978	495	2219	256	0	44
22	Solution - 13978	495	2219	256	0	44
23	Solution - 13978	495	2219	256	0	44
24	Solution - 13978	495	2219	256	0	44
25	Solution - 13978	495	2219	256	0	44
26	Solution - 13978	495	2219	256	0	44
27	Solution - 13978	495	2219	256	0	44
28	Solution - 13978	495	2219	256	0	44
29	Solution - 13105	508	2265	246	0	42
30	Solution - 13105	508	2265	246	0	42
31	Solution - 13105	508	2265	246	0	42
32	Solution - 13105	508	2265	246	0	42
33	Solution - 13105	508	2265	246	0	42
34	Solution - 13105	508	2265	246	0	42
35	Solution - 13105	508	2265	246	0	42
36	Solution - 13105	508	2265	246	0	42
37	Solution - 13105	508	2265	246	0	42
38	Solution - 13105	508	2265	246	0	42
39	Solution - 13105	508	2265	246	0	42
40	Solution - 13105	508	2265	246	0	42
41	Solution - 13105	508	2265	246	0	42
42	Solution - 13105	508	2265	246	0	42
43	Solution - 13105	508	2265	246	0	42
44	Solution - 13105	508	2265	246	0	42
45	Solution - 13105	508	2265	246	0	42
46	Solution - 13105	508	2265	246	0	42
47	Solution - 13105	508	2265	246	0	42
48	Solution - 13105	508	2265	246	0	42
49	Solution - 13105	508	2265	246	0	42
50	Solution - 13105	508	2265	246	0	42
51	Solution - 13105	508	2265	246	0	42
52	Solution - 13105	508	2265	246	0	42
53	Solution - 13105	508	2265	246	0	42
54	Solution - 13105	508	2265	246	0	42
55	Solution - 13105	508	2265	246	0	42
56	Solution - 13105	508	2265	246	0	42
57	Solution - 13105	508	2265	246	0	42
58	Solution - 13105	508	2265	246	0	42
59	Solution - 13105	508	2265	246	0	42
60	Solution - 13105	508	2265	246	0	42
61	Solution - 13105	508	2265	246	0	42
62	Solution - 13105	508	2265	246	0	42
63	Solution - 13105	508	2265	246	0	42
64	Solution - 13105	508	2265	246	0	42
65	Solution - 13105	508	2265	246	0	42
66	Solution - 13105	508	2265	246	0	42
67	Solution - 13105	508	2265	246	0	42
68	Solution - 13105	508	2265	246	0	42
69	Solution - 13105	508	2265	246	0	42
70	Solution - 13105	508	2265	246	0	42
71	Solution - 13105	508	2265	246	0	42
72	Solution - 13105	508	2265	246	0	42
73	Solution - 13105	508	2265	246	0	42
74	Solution - 13105	508	2265	246	0	42
75	Solution - 13105	508	2265	246	0	42
76	Solution - 13105	508	2265	246	0	42
77	Solution - 13105	508	2265	246	0	42
78	Solution - 13105	508	2265	246	0	42
79	Solution - 13105	508	2265	246	0	42
80	Solution - 13105	508	2265	246	0	42
81	Solution - 13105	508	2265	246	0	42
82	Solution - 13105	508	2265	246	0	42
83	Solution - 13105	508	2265	246	0	42
84	Solution - 12571	495	2229	229	0	43
85	Solution - 12571	495	2229	229	0	43
86	Solution - 12571	495	2229	229	0	43
87	Solution - 12571	495	2229	229	0	43
88	Solution - 12571	495	2229	229	0	43
89	Solution - 12571	495	2229	229	0	43
90	Solution - 12571	495	2229	229	0	43
91	Solution - 12571	495	2229	229	0	43
92	Solution - 12571	495	2229	229	0	43
93	Solution - 12571	495	2229	229	0	43
94	Solution - 12571	495	2229	229	0	43
95	Solution - 12571	495	2229	229	0	43
96	Solution - 12571	495	2229	229	0	43
97	Solution - 12571	495	2229	229	0	43
98	Solution - 12571	495	2229	229	0	43
99	Solution - 12571	495	2229	229	0	43
