18593
18593
16771
16771
14824
14824
14824
14824
14824
14824
14824
14824
14698
14698
14698
14698
14698
14698
14698
14698
14548
14548
14548
14548
14548
14548
14548
14548
14548
14548
14548
14548
14548
14548
14548
14548
14548
14548
14548
14548
14548
14548
14548
14548
14548
13946
13946
13946
13946
13946
13946
13946
13946
13946
13946
13946
13946
13946
13946
13946
13946
13946
13946
13946
13946
13946
13946
13946
13946
13946
13946
13946
13946
13946
13946
13946
13946
13946
13946
13946
13946
13946
13946
13946
13946
13946
13946
13946
13946
13946
13946
13946
13946
13946
13946
13946
13946
13946
13946
13946
