18576
16800
14452
14452
14452
14452
14452
14452
14452
13113
13113
13113
13113
13113
13113
13113
13113
13113
13113
13113
13113
13113
13113
13113
13113
13113
13113
13113
13113
13113
13113
13113
13113
13113
13113
13113
13113
13113
13113
13113
13113
13113
13113
13113
13113
13113
13113
13113
13113
13113
13113
13113
13113
13113
13113
13113
13113
13113
13113
13113
13113
13113
13113
13113
13113
13113
13113
13113
13113
13113
13113
13113
13113
13113
13113
13113
13113
13113
13113
13113
13113
13113
13113
13113
13113
13113
13113
13113
13113
13113
13113
13113
13113
13113
13113
13113
13113
13113
13113
13113
