15352
15352
15352
15352
15352
14809
14809
14809
14809
14809
14809
14809
14809
14809
14809
14809
14809
14809
14809
14809
14809
14809
14809
14809
14809
14809
14809
14809
14809
13837
13837
13837
13837
13837
13837
13837
13837
13837
13837
13837
13837
13837
13837
13837
13837
13837
13837
13837
13837
13837
13837
13837
13837
13837
13837
13837
13837
13837
13837
13837
13837
13837
13837
13837
13837
13837
13837
13837
13837
13837
13837
13837
13837
13837
13837
13837
13837
13837
13837
13837
13837
13837
13837
13837
13837
13837
13837
13837
13837
13837
13837
13837
13837
13837
13837
13837
13837
13837
13837
13837
