0	Solution - 19665	503	2263	393	0	43
1	Solution - 16766	497	2233	319	0	44
2	Solution - 16766	497	2233	319	0	44
3	Solution - 15976	492	2236	288	0	46
4	Solution - 15976	492	2236	288	0	46
5	Solution - 15976	492	2236	288	0	46
6	Solution - 15949	500	2249	300	0	44
7	Solution - 15879	497	2224	306	0	43
8	Solution - 15879	497	2224	306	0	43
9	Solution - 15879	497	2224	306	0	43
10	Solution - 15879	497	2224	306	0	43
11	Solution - 15879	497	2224	306	0	43
12	Solution - 15879	497	2224	306	0	43
13	Solution - 15879	497	2224	306	0	43
14	Solution - 15838	489	2203	313	0	42
15	Solution - 15838	489	2203	313	0	42
16	Solution - 15838	489	2203	313	0	42
17	Solution - 15838	489	2203	313	0	42
18	Solution - 13945	492	2197	268	0	42
19	Solution - 13945	492	2197	268	0	42
20	Solution - 13945	492	2197	268	0	42
21	Solution - 13722	500	2266	249	0	44
22	Solution - 13722	500	2266	249	0	44
23	Solution - 13722	500	2266	249	0	44
24	Solution - 13722	500	2266	249	0	44
25	Solution - 13722	500	2266	249	0	44
26	Solution - 13722	500	2266	249	0	44
27	Solution - 13722	500	2266	249	0	44
28	Solution - 13722	500	2266	249	0	44
29	Solution - 13722	500	2266	249	0	44
30	Solution - 13722	500	2266	249	0	44
31	Solution - 13722	500	2266	249	0	44
32	Solution - 13722	500	2266	249	0	44
33	Solution - 13722	500	2266	249	0	44
34	Solution - 13722	500	2266	249	0	44
35	Solution - 13722	500	2266	249	0	44
36	Solution - 13722	500	2266	249	0	44
37	Solution - 13722	500	2266	249	0	44
38	Solution - 13722	500	2266	249	0	44
39	Solution - 13722	500	2266	249	0	44
40	Solution - 13722	500	2266	249	0	44
41	Solution - 13722	500	2266	249	0	44
42	Solution - 13722	500	2266	249	0	44
43	Solution - 13722	500	2266	249	0	44
44	Solution - 13722	500	2266	249	0	44
45	Solution - 13722	500	2266	249	0	44
46	Solution - 13722	500	2266	249	0	44
47	Solution - 13722	500	2266	249	0	44
48	Solution - 13722	500	2266	249	0	44
49	Solution - 13722	500	2266	249	0	44
50	Solution - 13722	500	2266	249	0	44
51	Solution - 13722	500	2266	249	0	44
52	Solution - 13722	500	2266	249	0	44
53	Solution - 13722	500	2266	249	0	44
54	Solution - 13722	500	2266	249	0	44
55	Solution - 13722	500	2266	249	0	44
56	Solution - 13722	500	2266	249	0	44
57	Solution - 13722	500	2266	249	0	44
58	Solution - 13722	500	2266	249	0	44
59	Solution - 13722	500	2266	249	0	44
60	Solution - 13722	500	2266	249	0	44
61	Solution - 13722	500	2266	249	0	44
62	Solution - 13722	500	2266	249	0	44
63	Solution - 13722	500	2266	249	0	44
64	Solution - 13722	500	2266	249	0	44
65	Solution - 13722	500	2266	249	0	44
66	Solution - 13722	500	2266	249	0	44
67	Solution - 13722	500	2266	249	0	44
68	Solution - 13722	500	2266	249	0	44
69	Solution - 13722	500	2266	249	0	44
70	Solution - 13722	500	2266	249	0	44
71	Solution - 13722	500	2266	249	0	44
72	Solution - 13722	500	2266	249	0	44
73	Solution - 13722	500	2266	249	0	44
74	Solution - 13722	500	2266	249	0	44
75	Solution - 13722	500	2266	249	0	44
76	Solution - 13722	500	2266	249	0	44
77	Solution - 13722	500	2266	249	0	44
78	Solution - 13722	500	2266	249	0	44
79	Solution - 13722	500	2266	249	0	44
80	Solution - 13722	500	2266	249	0	44
81	Solution - 13722	500	2266	249	0	44
82	Solution - 13722	500	2266	249	0	44
83	Solution - 13722	500	2266	249	0	44
84	Solution - 13722	500	2266	249	0	44
85	Solution - 13722	500	2266	249	0	44
86	Solution - 13722	500	2266	249	0	44
87	Solution - 13722	500	2266	249	0	44
88	Solution - 13722	500	2266	249	0	44
89	Solution - 13722	500	2266	249	0	44
90	Solution - 13722	500	2266	249	0	44
91	Solution - 13722	500	2266	249	0	44
92	Solution - 13722	500	2266	249	0	44
93	Solution - 13722	500	2266	249	0	44
94	Solution - 13722	500	2266	249	0	44
95	Solution - 13722	500	2266	249	0	44
96	Solution - 13722	500	2266	249	0	44
97	Solution - 13722	500	2266	249	0	44
98	Solution - 13722	500	2266	249	0	44
99	Solution - 13722	500	2266	249	0	44
