17644
12538
12538
12538
12538
12538
12538
12538
12538
12538
12538
12538
12538
12538
12538
12538
12538
12538
12538
12538
12538
12538
12538
12538
12538
12538
12538
12538
12538
12538
12538
12538
12538
12538
12538
12538
12538
12538
12538
12538
12538
12538
12538
12538
12538
12538
12538
12538
12538
12538
12538
12538
12538
12538
12538
12538
12538
12538
12538
12538
12538
12538
12538
12538
12538
12538
12538
12538
12538
12538
12538
12538
12538
12538
12538
12538
12538
12538
12538
12538
12538
12538
12538
12538
12538
12538
12538
12538
12538
12538
12538
12538
12538
12538
12538
12538
12538
12538
12538
12538
