17456
16847
16847
15977
15585
15585
15585
15585
14462
14462
14462
14462
14462
14462
14101
14101
14101
14101
14101
14101
14101
14101
14101
14101
14101
14101
14101
14101
14101
14101
14101
14101
14101
14101
14101
14101
14101
14101
14101
14101
14101
14101
13898
13898
13898
13898
13898
13898
13898
13898
13898
13898
13898
13898
13898
13898
13898
13898
13898
13898
13898
13898
13898
13898
13898
13898
13898
13898
13898
13898
13898
13898
13898
13898
13898
13898
13898
13898
13898
13898
13898
13898
13898
13898
13898
13898
13898
13898
13898
13898
13898
13898
13898
13898
13898
13898
13898
13898
13898
13898
