Solution - 12802	497	2225	240	0	42
Solution - 13571	499	2236	252	0	43
Solution - 13722	500	2266	249	0	44
Solution - 13865	495	2233	259	0	43
Solution - 12354	503	2262	223	0	43
Solution - 13493	510	2276	249	0	43
Solution - 13795	510	2285	250	0	44
Solution - 13000	509	2276	227	0	45
Solution - 13755	497	2266	229	0	48
Solution - 12657	496	2228	231	0	43
Solution - 13946	520	2356	246	0	45
Solution - 12367	505	2273	223	0	43
Solution - 13671	498	2253	260	0	42
Solution - 13104	489	2209	242	0	43
Solution - 13216	503	2264	243	0	43
Solution - 13074	504	2265	229	0	45
Solution - 12794	496	2218	240	0	42
Solution - 13660	500	2240	260	0	42
Solution - 13113	509	2272	246	0	42
Solution - 13219	494	2225	250	0	42
Solution - 13501	511	2283	249	0	43
Solution - 13057	505	2275	239	0	43
Solution - 12571	495	2229	229	0	43
Solution - 13193	517	2313	241	0	43
Solution - 13130	503	2264	241	0	43
Solution - 14021	509	2289	261	0	43
Solution - 13829	498	2237	258	0	43
Solution - 14068	493	2223	258	0	44
Solution - 13776	497	2228	257	0	43
Solution - 12324	505	2273	222	0	43
