0	Solution - 15575	505	2282	278	0	46
1	Solution - 15575	505	2282	278	0	46
2	Solution - 15575	505	2282	278	0	46
3	Solution - 15575	505	2282	278	0	46
4	Solution - 15286	500	2230	292	0	43
5	Solution - 15286	500	2230	292	0	43
6	Solution - 15286	500	2230	292	0	43
7	Solution - 15286	500	2230	292	0	43
8	Solution - 14282	499	2216	269	0	43
9	Solution - 14282	499	2216	269	0	43
10	Solution - 14282	499	2216	269	0	43
11	Solution - 14282	499	2216	269	0	43
12	Solution - 14282	499	2216	269	0	43
13	Solution - 14282	499	2216	269	0	43
14	Solution - 14282	499	2216	269	0	43
15	Solution - 14282	499	2216	269	0	43
16	Solution - 14282	499	2216	269	0	43
17	Solution - 14282	499	2216	269	0	43
18	Solution - 14282	499	2216	269	0	43
19	Solution - 14282	499	2216	269	0	43
20	Solution - 14282	499	2216	269	0	43
21	Solution - 14282	499	2216	269	0	43
22	Solution - 14282	499	2216	269	0	43
23	Solution - 14282	499	2216	269	0	43
24	Solution - 14282	499	2216	269	0	43
25	Solution - 14282	499	2216	269	0	43
26	Solution - 14282	499	2216	269	0	43
27	Solution - 14282	499	2216	269	0	43
28	Solution - 14282	499	2216	269	0	43
29	Solution - 14214	498	2235	267	0	43
30	Solution - 14214	498	2235	267	0	43
31	Solution - 14214	498	2235	267	0	43
32	Solution - 14214	498	2235	267	0	43
33	Solution - 14214	498	2235	267	0	43
34	Solution - 14135	498	2252	253	0	45
35	Solution - 14135	498	2252	253	0	45
36	Solution - 14135	498	2252	253	0	45
37	Solution - 14135	498	2252	253	0	45
38	Solution - 14135	498	2252	253	0	45
39	Solution - 14135	498	2252	253	0	45
40	Solution - 14135	498	2252	253	0	45
41	Solution - 14135	498	2252	253	0	45
42	Solution - 14135	498	2252	253	0	45
43	Solution - 14135	498	2252	253	0	45
44	Solution - 14135	498	2252	253	0	45
45	Solution - 14135	498	2252	253	0	45
46	Solution - 14135	498	2252	253	0	45
47	Solution - 14135	498	2252	253	0	45
48	Solution - 14135	498	2252	253	0	45
49	Solution - 14135	498	2252	253	0	45
50	Solution - 14135	498	2252	253	0	45
51	Solution - 14135	498	2252	253	0	45
52	Solution - 14135	498	2252	253	0	45
53	Solution - 14135	498	2252	253	0	45
54	Solution - 14135	498	2252	253	0	45
55	Solution - 14135	498	2252	253	0	45
56	Solution - 14135	498	2252	253	0	45
57	Solution - 14135	498	2252	253	0	45
58	Solution - 14135	498	2252	253	0	45
59	Solution - 14135	498	2252	253	0	45
60	Solution - 14135	498	2252	253	0	45
61	Solution - 14135	498	2252	253	0	45
62	Solution - 14135	498	2252	253	0	45
63	Solution - 14135	498	2252	253	0	45
64	Solution - 14135	498	2252	253	0	45
65	Solution - 14135	498	2252	253	0	45
66	Solution - 14135	498	2252	253	0	45
67	Solution - 14135	498	2252	253	0	45
68	Solution - 14135	498	2252	253	0	45
69	Solution - 14135	498	2252	253	0	45
70	Solution - 14135	498	2252	253	0	45
71	Solution - 14135	498	2252	253	0	45
72	Solution - 14135	498	2252	253	0	45
73	Solution - 14135	498	2252	253	0	45
74	Solution - 14135	498	2252	253	0	45
75	Solution - 14135	498	2252	253	0	45
76	Solution - 14135	498	2252	253	0	45
77	Solution - 14135	498	2252	253	0	45
78	Solution - 13803	511	2292	250	0	44
79	Solution - 13803	511	2292	250	0	44
80	Solution - 13803	511	2292	250	0	44
81	Solution - 13803	511	2292	250	0	44
82	Solution - 13803	511	2292	250	0	44
83	Solution - 13219	494	2225	250	0	42
84	Solution - 13219	494	2225	250	0	42
85	Solution - 13219	494	2225	250	0	42
86	Solution - 13219	494	2225	250	0	42
87	Solution - 13219	494	2225	250	0	42
88	Solution - 13219	494	2225	250	0	42
89	Solution - 13219	494	2225	250	0	42
90	Solution - 13219	494	2225	250	0	42
91	Solution - 13219	494	2225	250	0	42
92	Solution - 13219	494	2225	250	0	42
93	Solution - 13219	494	2225	250	0	42
94	Solution - 13219	494	2225	250	0	42
95	Solution - 13219	494	2225	250	0	42
96	Solution - 13219	494	2225	250	0	42
97	Solution - 13219	494	2225	250	0	42
98	Solution - 13219	494	2225	250	0	42
99	Solution - 13219	494	2225	250	0	42
