0	Solution - 18950	505	2245	360	0	45
1	Solution - 16058	492	2234	303	0	44
2	Solution - 16058	492	2234	303	0	44
3	Solution - 16058	492	2234	303	0	44
4	Solution - 15868	507	2297	284	0	46
5	Solution - 14932	501	2236	271	0	45
6	Solution - 14932	501	2236	271	0	45
7	Solution - 14932	501	2236	271	0	45
8	Solution - 14932	501	2236	271	0	45
9	Solution - 14932	501	2236	271	0	45
10	Solution - 14932	501	2236	271	0	45
11	Solution - 14932	501	2236	271	0	45
12	Solution - 14932	501	2236	271	0	45
13	Solution - 14932	501	2236	271	0	45
14	Solution - 14932	501	2236	271	0	45
15	Solution - 14932	501	2236	271	0	45
16	Solution - 14932	501	2236	271	0	45
17	Solution - 14932	501	2236	271	0	45
18	Solution - 14932	501	2236	271	0	45
19	Solution - 14932	501	2236	271	0	45
20	Solution - 14932	501	2236	271	0	45
21	Solution - 13671	498	2253	260	0	42
22	Solution - 13671	498	2253	260	0	42
23	Solution - 13671	498	2253	260	0	42
24	Solution - 13671	498	2253	260	0	42
25	Solution - 13671	498	2253	260	0	42
26	Solution - 13671	498	2253	260	0	42
27	Solution - 13671	498	2253	260	0	42
28	Solution - 13671	498	2253	260	0	42
29	Solution - 13671	498	2253	260	0	42
30	Solution - 13671	498	2253	260	0	42
31	Solution - 13671	498	2253	260	0	42
32	Solution - 13671	498	2253	260	0	42
33	Solution - 13671	498	2253	260	0	42
34	Solution - 13671	498	2253	260	0	42
35	Solution - 13671	498	2253	260	0	42
36	Solution - 13671	498	2253	260	0	42
37	Solution - 13671	498	2253	260	0	42
38	Solution - 13671	498	2253	260	0	42
39	Solution - 13671	498	2253	260	0	42
40	Solution - 13671	498	2253	260	0	42
41	Solution - 13671	498	2253	260	0	42
42	Solution - 13671	498	2253	260	0	42
43	Solution - 13671	498	2253	260	0	42
44	Solution - 13671	498	2253	260	0	42
45	Solution - 13671	498	2253	260	0	42
46	Solution - 13671	498	2253	260	0	42
47	Solution - 13671	498	2253	260	0	42
48	Solution - 13671	498	2253	260	0	42
49	Solution - 13671	498	2253	260	0	42
50	Solution - 13671	498	2253	260	0	42
51	Solution - 13671	498	2253	260	0	42
52	Solution - 13671	498	2253	260	0	42
53	Solution - 13671	498	2253	260	0	42
54	Solution - 13671	498	2253	260	0	42
55	Solution - 13671	498	2253	260	0	42
56	Solution - 13671	498	2253	260	0	42
57	Solution - 13671	498	2253	260	0	42
58	Solution - 13671	498	2253	260	0	42
59	Solution - 13671	498	2253	260	0	42
60	Solution - 13671	498	2253	260	0	42
61	Solution - 13671	498	2253	260	0	42
62	Solution - 13671	498	2253	260	0	42
63	Solution - 13671	498	2253	260	0	42
64	Solution - 13671	498	2253	260	0	42
65	Solution - 13671	498	2253	260	0	42
66	Solution - 13671	498	2253	260	0	42
67	Solution - 13671	498	2253	260	0	42
68	Solution - 13671	498	2253	260	0	42
69	Solution - 13671	498	2253	260	0	42
70	Solution - 13671	498	2253	260	0	42
71	Solution - 13671	498	2253	260	0	42
72	Solution - 13671	498	2253	260	0	42
73	Solution - 13671	498	2253	260	0	42
74	Solution - 13671	498	2253	260	0	42
75	Solution - 13671	498	2253	260	0	42
76	Solution - 13671	498	2253	260	0	42
77	Solution - 13671	498	2253	260	0	42
78	Solution - 13671	498	2253	260	0	42
79	Solution - 13671	498	2253	260	0	42
80	Solution - 13671	498	2253	260	0	42
81	Solution - 13671	498	2253	260	0	42
82	Solution - 13671	498	2253	260	0	42
83	Solution - 13671	498	2253	260	0	42
84	Solution - 13671	498	2253	260	0	42
85	Solution - 13671	498	2253	260	0	42
86	Solution - 13671	498	2253	260	0	42
87	Solution - 13671	498	2253	260	0	42
88	Solution - 13671	498	2253	260	0	42
89	Solution - 13671	498	2253	260	0	42
90	Solution - 13671	498	2253	260	0	42
91	Solution - 13671	498	2253	260	0	42
92	Solution - 13671	498	2253	260	0	42
93	Solution - 13671	498	2253	260	0	42
94	Solution - 13671	498	2253	260	0	42
95	Solution - 13671	498	2253	260	0	42
96	Solution - 13671	498	2253	260	0	42
97	Solution - 13671	498	2253	260	0	42
98	Solution - 13671	498	2253	260	0	42
99	Solution - 13671	498	2253	260	0	42
