0	Solution - 17455	496	2239	320	0	46
1	Solution - 15018	507	2289	291	0	42
2	Solution - 15018	507	2289	291	0	42
3	Solution - 15018	507	2289	291	0	42
4	Solution - 15018	507	2289	291	0	42
5	Solution - 14238	505	2252	267	0	43
6	Solution - 14238	505	2252	267	0	43
7	Solution - 14238	505	2252	267	0	43
8	Solution - 14238	505	2252	267	0	43
9	Solution - 14238	505	2252	267	0	43
10	Solution - 14238	505	2252	267	0	43
11	Solution - 14238	505	2252	267	0	43
12	Solution - 14238	505	2252	267	0	43
13	Solution - 14238	505	2252	267	0	43
14	Solution - 14238	505	2252	267	0	43
15	Solution - 14238	505	2252	267	0	43
16	Solution - 14238	505	2252	267	0	43
17	Solution - 14238	505	2252	267	0	43
18	Solution - 14238	505	2252	267	0	43
19	Solution - 14238	505	2252	267	0	43
20	Solution - 14238	505	2252	267	0	43
21	Solution - 14238	505	2252	267	0	43
22	Solution - 14238	505	2252	267	0	43
23	Solution - 14238	505	2252	267	0	43
24	Solution - 14238	505	2252	267	0	43
25	Solution - 14238	505	2252	267	0	43
26	Solution - 14238	505	2252	267	0	43
27	Solution - 14238	505	2252	267	0	43
28	Solution - 14238	505	2252	267	0	43
29	Solution - 14238	505	2252	267	0	43
30	Solution - 14238	505	2252	267	0	43
31	Solution - 14238	505	2252	267	0	43
32	Solution - 14238	505	2252	267	0	43
33	Solution - 14238	505	2252	267	0	43
34	Solution - 14238	505	2252	267	0	43
35	Solution - 14238	505	2252	267	0	43
36	Solution - 14238	505	2252	267	0	43
37	Solution - 14238	505	2252	267	0	43
38	Solution - 14238	505	2252	267	0	43
39	Solution - 14238	505	2252	267	0	43
40	Solution - 14238	505	2252	267	0	43
41	Solution - 14238	505	2252	267	0	43
42	Solution - 14238	505	2252	267	0	43
43	Solution - 14238	505	2252	267	0	43
44	Solution - 14238	505	2252	267	0	43
45	Solution - 14238	505	2252	267	0	43
46	Solution - 14238	505	2252	267	0	43
47	Solution - 14238	505	2252	267	0	43
48	Solution - 14238	505	2252	267	0	43
49	Solution - 14238	505	2252	267	0	43
50	Solution - 14238	505	2252	267	0	43
51	Solution - 14238	505	2252	267	0	43
52	Solution - 14238	505	2252	267	0	43
53	Solution - 14238	505	2252	267	0	43
54	Solution - 14238	505	2252	267	0	43
55	Solution - 14238	505	2252	267	0	43
56	Solution - 14238	505	2252	267	0	43
57	Solution - 14238	505	2252	267	0	43
58	Solution - 14238	505	2252	267	0	43
59	Solution - 14238	505	2252	267	0	43
60	Solution - 14238	505	2252	267	0	43
61	Solution - 14238	505	2252	267	0	43
62	Solution - 14238	505	2252	267	0	43
63	Solution - 14238	505	2252	267	0	43
64	Solution - 14238	505	2252	267	0	43
65	Solution - 14238	505	2252	267	0	43
66	Solution - 14238	505	2252	267	0	43
67	Solution - 13571	499	2236	252	0	43
68	Solution - 13571	499	2236	252	0	43
69	Solution - 13571	499	2236	252	0	43
70	Solution - 13571	499	2236	252	0	43
71	Solution - 13571	499	2236	252	0	43
72	Solution - 13571	499	2236	252	0	43
73	Solution - 13571	499	2236	252	0	43
74	Solution - 13571	499	2236	252	0	43
75	Solution - 13571	499	2236	252	0	43
76	Solution - 13571	499	2236	252	0	43
77	Solution - 13571	499	2236	252	0	43
78	Solution - 13571	499	2236	252	0	43
79	Solution - 13571	499	2236	252	0	43
80	Solution - 13571	499	2236	252	0	43
81	Solution - 13571	499	2236	252	0	43
82	Solution - 13571	499	2236	252	0	43
83	Solution - 13571	499	2236	252	0	43
84	Solution - 13571	499	2236	252	0	43
85	Solution - 13571	499	2236	252	0	43
86	Solution - 13571	499	2236	252	0	43
87	Solution - 13571	499	2236	252	0	43
88	Solution - 13571	499	2236	252	0	43
89	Solution - 13571	499	2236	252	0	43
90	Solution - 13571	499	2236	252	0	43
91	Solution - 13571	499	2236	252	0	43
92	Solution - 13571	499	2236	252	0	43
93	Solution - 13571	499	2236	252	0	43
94	Solution - 13571	499	2236	252	0	43
95	Solution - 13571	499	2236	252	0	43
96	Solution - 13571	499	2236	252	0	43
97	Solution - 13571	499	2236	252	0	43
98	Solution - 13571	499	2236	252	0	43
99	Solution - 13571	499	2236	252	0	43
