0	Solution - 17375	508	2287	324	0	45
1	Solution - 15533	500	2253	284	0	45
2	Solution - 15533	500	2253	284	0	45
3	Solution - 15026	492	2214	280	0	44
4	Solution - 15026	492	2214	280	0	44
5	Solution - 15026	492	2214	280	0	44
6	Solution - 15026	492	2214	280	0	44
7	Solution - 15026	492	2214	280	0	44
8	Solution - 15026	492	2214	280	0	44
9	Solution - 15026	492	2214	280	0	44
10	Solution - 14432	498	2250	254	0	46
11	Solution - 14432	498	2250	254	0	46
12	Solution - 14432	498	2250	254	0	46
13	Solution - 12588	496	2222	235	0	42
14	Solution - 12588	496	2222	235	0	42
15	Solution - 12588	496	2222	235	0	42
16	Solution - 12588	496	2222	235	0	42
17	Solution - 12588	496	2222	235	0	42
18	Solution - 12588	496	2222	235	0	42
19	Solution - 12588	496	2222	235	0	42
20	Solution - 12588	496	2222	235	0	42
21	Solution - 12588	496	2222	235	0	42
22	Solution - 12588	496	2222	235	0	42
23	Solution - 12588	496	2222	235	0	42
24	Solution - 12588	496	2222	235	0	42
25	Solution - 12588	496	2222	235	0	42
26	Solution - 12588	496	2222	235	0	42
27	Solution - 12588	496	2222	235	0	42
28	Solution - 12588	496	2222	235	0	42
29	Solution - 12588	496	2222	235	0	42
30	Solution - 12588	496	2222	235	0	42
31	Solution - 12588	496	2222	235	0	42
32	Solution - 12588	496	2222	235	0	42
33	Solution - 12588	496	2222	235	0	42
34	Solution - 12588	496	2222	235	0	42
35	Solution - 12588	496	2222	235	0	42
36	Solution - 12588	496	2222	235	0	42
37	Solution - 12588	496	2222	235	0	42
38	Solution - 12588	496	2222	235	0	42
39	Solution - 12588	496	2222	235	0	42
40	Solution - 12588	496	2222	235	0	42
41	Solution - 12588	496	2222	235	0	42
42	Solution - 12588	496	2222	235	0	42
43	Solution - 12588	496	2222	235	0	42
44	Solution - 12588	496	2222	235	0	42
45	Solution - 12588	496	2222	235	0	42
46	Solution - 12588	496	2222	235	0	42
47	Solution - 12588	496	2222	235	0	42
48	Solution - 12588	496	2222	235	0	42
49	Solution - 12588	496	2222	235	0	42
50	Solution - 12588	496	2222	235	0	42
51	Solution - 12588	496	2222	235	0	42
52	Solution - 12588	496	2222	235	0	42
53	Solution - 12588	496	2222	235	0	42
54	Solution - 12588	496	2222	235	0	42
55	Solution - 12588	496	2222	235	0	42
56	Solution - 12588	496	2222	235	0	42
57	Solution - 12588	496	2222	235	0	42
58	Solution - 12588	496	2222	235	0	42
59	Solution - 12588	496	2222	235	0	42
60	Solution - 12588	496	2222	235	0	42
61	Solution - 12588	496	2222	235	0	42
62	Solution - 12588	496	2222	235	0	42
63	Solution - 12588	496	2222	235	0	42
64	Solution - 12588	496	2222	235	0	42
65	Solution - 12588	496	2222	235	0	42
66	Solution - 12588	496	2222	235	0	42
67	Solution - 12588	496	2222	235	0	42
68	Solution - 12588	496	2222	235	0	42
69	Solution - 12588	496	2222	235	0	42
70	Solution - 12588	496	2222	235	0	42
71	Solution - 12588	496	2222	235	0	42
72	Solution - 12588	496	2222	235	0	42
73	Solution - 12588	496	2222	235	0	42
74	Solution - 12588	496	2222	235	0	42
75	Solution - 12588	496	2222	235	0	42
76	Solution - 12588	496	2222	235	0	42
77	Solution - 12588	496	2222	235	0	42
78	Solution - 12588	496	2222	235	0	42
79	Solution - 12588	496	2222	235	0	42
80	Solution - 12588	496	2222	235	0	42
81	Solution - 12588	496	2222	235	0	42
82	Solution - 12588	496	2222	235	0	42
83	Solution - 12588	496	2222	235	0	42
84	Solution - 12588	496	2222	235	0	42
85	Solution - 12588	496	2222	235	0	42
86	Solution - 12588	496	2222	235	0	42
87	Solution - 12588	496	2222	235	0	42
88	Solution - 12588	496	2222	235	0	42
89	Solution - 12588	496	2222	235	0	42
90	Solution - 12588	496	2222	235	0	42
91	Solution - 12588	496	2222	235	0	42
92	Solution - 12588	496	2222	235	0	42
93	Solution - 12588	496	2222	235	0	42
94	Solution - 12588	496	2222	235	0	42
95	Solution - 12588	496	2222	235	0	42
96	Solution - 12588	496	2222	235	0	42
97	Solution - 12588	496	2222	235	0	42
98	Solution - 12588	496	2222	235	0	42
99	Solution - 12588	496	2222	235	0	42
