17376
14322
14322
14322
14322
14322
14322
14322
14322
14322
14322
14322
14322
14322
14322
14322
14322
14322
14322
14322
14322
14322
14322
14322
14322
14322
14322
14322
14322
14322
14322
14322
14322
14322
14322
14322
14322
14322
13475
13475
13475
13475
13475
13475
13475
13475
13475
13475
13475
13475
13475
13475
13475
13475
13475
13475
13475
13475
13475
13475
13475
13475
13475
13475
13475
13475
13475
13475
13475
13475
13475
13475
13475
13475
13475
13475
13475
13475
13475
13475
13475
13475
13475
13475
13475
13475
13475
13475
13475
13475
13475
13475
13475
13475
13475
13475
13475
13475
13475
13475
