20017
18285
15892
15892
15892
15892
15892
15892
15892
15892
15892
15892
15892
15892
15448
15448
15448
15448
15448
15448
15448
15448
15240
15240
14806
14806
14806
14806
14806
14806
14806
14806
14806
14806
14806
14806
14806
14806
14806
14806
14806
14739
14739
14739
14739
14739
14739
14739
14739
14739
14739
14739
14739
14739
14739
14739
14739
14739
14739
14739
14739
14739
14739
13412
13412
13412
13412
13412
13412
13412
13412
13412
13412
13412
13412
13412
13412
13412
13412
13412
13412
13412
13412
13412
13412
13412
13412
13412
13412
13412
13412
13412
13412
13412
13412
13412
13412
12802
12802
12802
