0	Solution - 16985	525	2313	329	1	43
1	Solution - 16035	498	2249	302	0	44
2	Solution - 15302	496	2251	279	0	45
3	Solution - 15302	496	2251	279	0	45
4	Solution - 15302	496	2251	279	0	45
5	Solution - 15302	496	2251	279	0	45
6	Solution - 14484	499	2240	261	0	45
7	Solution - 14484	499	2240	261	0	45
8	Solution - 14484	499	2240	261	0	45
9	Solution - 14484	499	2240	261	0	45
10	Solution - 14484	499	2240	261	0	45
11	Solution - 14484	499	2240	261	0	45
12	Solution - 14484	499	2240	261	0	45
13	Solution - 14484	499	2240	261	0	45
14	Solution - 14484	499	2240	261	0	45
15	Solution - 14484	499	2240	261	0	45
16	Solution - 14484	499	2240	261	0	45
17	Solution - 14484	499	2240	261	0	45
18	Solution - 14484	499	2240	261	0	45
19	Solution - 14484	499	2240	261	0	45
20	Solution - 14484	499	2240	261	0	45
21	Solution - 14484	499	2240	261	0	45
22	Solution - 13793	492	2207	258	0	43
23	Solution - 13793	492	2207	258	0	43
24	Solution - 13793	492	2207	258	0	43
25	Solution - 13793	492	2207	258	0	43
26	Solution - 13793	492	2207	258	0	43
27	Solution - 13793	492	2207	258	0	43
28	Solution - 13793	492	2207	258	0	43
29	Solution - 13793	492	2207	258	0	43
30	Solution - 13793	492	2207	258	0	43
31	Solution - 13793	492	2207	258	0	43
32	Solution - 13793	492	2207	258	0	43
33	Solution - 13793	492	2207	258	0	43
34	Solution - 13793	492	2207	258	0	43
35	Solution - 13793	492	2207	258	0	43
36	Solution - 13472	481	2155	258	0	42
37	Solution - 13472	481	2155	258	0	42
38	Solution - 13472	481	2155	258	0	42
39	Solution - 13472	481	2155	258	0	42
40	Solution - 13472	481	2155	258	0	42
41	Solution - 13472	481	2155	258	0	42
42	Solution - 13472	481	2155	258	0	42
43	Solution - 13472	481	2155	258	0	42
44	Solution - 13472	481	2155	258	0	42
45	Solution - 13472	481	2155	258	0	42
46	Solution - 13472	481	2155	258	0	42
47	Solution - 13472	481	2155	258	0	42
48	Solution - 13472	481	2155	258	0	42
49	Solution - 13472	481	2155	258	0	42
50	Solution - 13472	481	2155	258	0	42
51	Solution - 13472	481	2155	258	0	42
52	Solution - 13472	481	2155	258	0	42
53	Solution - 13472	481	2155	258	0	42
54	Solution - 13472	481	2155	258	0	42
55	Solution - 13472	481	2155	258	0	42
56	Solution - 13472	481	2155	258	0	42
57	Solution - 13472	481	2155	258	0	42
58	Solution - 13472	481	2155	258	0	42
59	Solution - 13472	481	2155	258	0	42
60	Solution - 13472	481	2155	258	0	42
61	Solution - 13472	481	2155	258	0	42
62	Solution - 13472	481	2155	258	0	42
63	Solution - 13472	481	2155	258	0	42
64	Solution - 13472	481	2155	258	0	42
65	Solution - 13472	481	2155	258	0	42
66	Solution - 13472	481	2155	258	0	42
67	Solution - 13472	481	2155	258	0	42
68	Solution - 13472	481	2155	258	0	42
69	Solution - 13472	481	2155	258	0	42
70	Solution - 13472	481	2155	258	0	42
71	Solution - 13472	481	2155	258	0	42
72	Solution - 13472	481	2155	258	0	42
73	Solution - 13472	481	2155	258	0	42
74	Solution - 13472	481	2155	258	0	42
75	Solution - 13472	481	2155	258	0	42
76	Solution - 13472	481	2155	258	0	42
77	Solution - 13472	481	2155	258	0	42
78	Solution - 13472	481	2155	258	0	42
79	Solution - 13472	481	2155	258	0	42
80	Solution - 13472	481	2155	258	0	42
81	Solution - 13472	481	2155	258	0	42
82	Solution - 13472	481	2155	258	0	42
83	Solution - 13472	481	2155	258	0	42
84	Solution - 13472	481	2155	258	0	42
85	Solution - 13472	481	2155	258	0	42
86	Solution - 13472	481	2155	258	0	42
87	Solution - 13472	481	2155	258	0	42
88	Solution - 13472	481	2155	258	0	42
89	Solution - 13472	481	2155	258	0	42
90	Solution - 13472	481	2155	258	0	42
91	Solution - 13472	481	2155	258	0	42
92	Solution - 13472	481	2155	258	0	42
93	Solution - 13472	481	2155	258	0	42
94	Solution - 13472	481	2155	258	0	42
95	Solution - 13472	481	2155	258	0	42
96	Solution - 13472	481	2155	258	0	42
97	Solution - 13472	481	2155	258	0	42
98	Solution - 13472	481	2155	258	0	42
99	Solution - 13472	481	2155	258	0	42
