18248
15416
15416
15416
15416
15416
15416
15416
15416
15416
15384
15384
15384
15384
15384
15384
15384
15384
15384
15384
14329
14329
14329
14329
14329
14329
14329
14329
14329
14329
14329
14329
14329
14329
14329
14329
14329
14329
14329
14329
14329
14329
14329
14329
14329
14329
14329
13925
13899
13899
13899
13899
13899
13899
13899
13899
13899
13899
13899
13899
13899
13899
13899
13899
13899
13899
13899
13899
13899
13899
13899
13899
13899
13899
13105
13105
13105
13105
13105
13105
13105
13105
13105
13105
13105
13105
13105
13105
13105
13105
13105
13105
13105
13105
13105
13105
13105
13105
13105
13105
