17792
14907
14907
14907
14907
14907
14907
14907
14907
14907
14907
14907
14692
14692
14692
14692
14692
14692
14692
14692
14692
14692
14692
14692
14692
14692
14692
14692
14692
14692
14692
14692
14692
14692
14692
14692
14692
14692
14692
14692
14692
14692
14692
14692
14692
14577
14577
14577
14577
14577
14577
14577
14577
14577
14577
14577
14577
14577
14577
14577
14577
14577
14577
14577
14577
14577
14577
14577
14577
14577
14577
14577
14577
14577
14577
14577
14577
14577
14577
14577
14577
14577
14577
14577
14577
14577
14577
14577
14577
14577
14577
14577
14577
14577
14577
14577
14577
14577
14577
14577
