27057
27057
25728
25728
25728
25728
23852
23852
23852
23852
23852
23852
23852
23852
23852
23852
23852
23852
23852
23852
23852
23852
23852
23852
21945
21945
21945
21945
21945
21945
21945
21945
21945
21945
21945
21945
21945
21945
21945
21945
21945
21945
21945
21945
21945
21945
21945
21945
21945
21945
21945
21945
21945
21945
21945
21945
21945
21945
21945
21945
21945
21945
21945
21945
21945
21945
21945
21945
21945
20897
20897
20897
20897
20897
20897
20897
20897
20897
20897
20897
20897
20897
20897
20897
20897
20897
20897
20897
20897
20897
20897
20897
20897
20897
20897
19259
19259
19259
19259
19259
