0	Solution - 27912	698	3133	349	0	69
1	Solution - 27453	689	3100	348	0	68
2	Solution - 26362	691	3095	332	0	68
3	Solution - 26362	691	3095	332	0	68
4	Solution - 23257	699	3118	270	0	72
5	Solution - 23028	666	3024	293	0	66
6	Solution - 23028	666	3024	293	0	66
7	Solution - 23028	666	3024	293	0	66
8	Solution - 23028	666	3024	293	0	66
9	Solution - 23028	666	3024	293	0	66
10	Solution - 23028	666	3024	293	0	66
11	Solution - 23028	666	3024	293	0	66
12	Solution - 23028	666	3024	293	0	66
13	Solution - 23028	666	3024	293	0	66
14	Solution - 23028	666	3024	293	0	66
15	Solution - 23028	666	3024	293	0	66
16	Solution - 23028	666	3024	293	0	66
17	Solution - 23028	666	3024	293	0	66
18	Solution - 23028	666	3024	293	0	66
19	Solution - 23028	666	3024	293	0	66
20	Solution - 23028	666	3024	293	0	66
21	Solution - 23028	666	3024	293	0	66
22	Solution - 23028	666	3024	293	0	66
23	Solution - 23028	666	3024	293	0	66
24	Solution - 23028	666	3024	293	0	66
25	Solution - 23028	666	3024	293	0	66
26	Solution - 23028	666	3024	293	0	66
27	Solution - 23028	666	3024	293	0	66
28	Solution - 23028	666	3024	293	0	66
29	Solution - 23028	666	3024	293	0	66
30	Solution - 23028	666	3024	293	0	66
31	Solution - 23028	666	3024	293	0	66
32	Solution - 23028	666	3024	293	0	66
33	Solution - 23028	666	3024	293	0	66
34	Solution - 23028	666	3024	293	0	66
35	Solution - 23028	666	3024	293	0	66
36	Solution - 23028	666	3024	293	0	66
37	Solution - 23028	666	3024	293	0	66
38	Solution - 23028	666	3024	293	0	66
39	Solution - 23028	666	3024	293	0	66
40	Solution - 23028	666	3024	293	0	66
41	Solution - 23028	666	3024	293	0	66
42	Solution - 23028	666	3024	293	0	66
43	Solution - 23028	666	3024	293	0	66
44	Solution - 23028	666	3024	293	0	66
45	Solution - 23028	666	3024	293	0	66
46	Solution - 23028	666	3024	293	0	66
47	Solution - 23028	666	3024	293	0	66
48	Solution - 23028	666	3024	293	0	66
49	Solution - 22126	687	3085	266	0	69
50	Solution - 22126	687	3085	266	0	69
51	Solution - 22126	687	3085	266	0	69
52	Solution - 22126	687	3085	266	0	69
53	Solution - 22126	687	3085	266	0	69
54	Solution - 22126	687	3085	266	0	69
55	Solution - 22126	687	3085	266	0	69
56	Solution - 22126	687	3085	266	0	69
57	Solution - 22126	687	3085	266	0	69
58	Solution - 22126	687	3085	266	0	69
59	Solution - 22126	687	3085	266	0	69
60	Solution - 22126	687	3085	266	0	69
61	Solution - 22126	687	3085	266	0	69
62	Solution - 22126	687	3085	266	0	69
63	Solution - 22126	687	3085	266	0	69
64	Solution - 22126	687	3085	266	0	69
65	Solution - 22126	687	3085	266	0	69
66	Solution - 22126	687	3085	266	0	69
67	Solution - 22126	687	3085	266	0	69
68	Solution - 22126	687	3085	266	0	69
69	Solution - 22126	687	3085	266	0	69
70	Solution - 22126	687	3085	266	0	69
71	Solution - 22126	687	3085	266	0	69
72	Solution - 22126	687	3085	266	0	69
73	Solution - 22126	687	3085	266	0	69
74	Solution - 22126	687	3085	266	0	69
75	Solution - 22126	687	3085	266	0	69
76	Solution - 22126	687	3085	266	0	69
77	Solution - 22126	687	3085	266	0	69
78	Solution - 22126	687	3085	266	0	69
79	Solution - 22126	687	3085	266	0	69
80	Solution - 22126	687	3085	266	0	69
81	Solution - 22126	687	3085	266	0	69
82	Solution - 22126	687	3085	266	0	69
83	Solution - 22126	687	3085	266	0	69
84	Solution - 22126	687	3085	266	0	69
85	Solution - 22126	687	3085	266	0	69
86	Solution - 22126	687	3085	266	0	69
87	Solution - 22126	687	3085	266	0	69
88	Solution - 22126	687	3085	266	0	69
89	Solution - 22126	687	3085	266	0	69
90	Solution - 22126	687	3085	266	0	69
91	Solution - 22126	687	3085	266	0	69
92	Solution - 22126	687	3085	266	0	69
93	Solution - 22126	687	3085	266	0	69
94	Solution - 22126	687	3085	266	0	69
95	Solution - 22126	687	3085	266	0	69
96	Solution - 22126	687	3085	266	0	69
97	Solution - 22126	687	3085	266	0	69
98	Solution - 22126	687	3085	266	0	69
99	Solution - 22126	687	3085	266	0	69
