0	Solution - 27300	681	3047	332	0	71
1	Solution - 27300	681	3047	332	0	71
2	Solution - 25442	688	3088	314	0	69
3	Solution - 25442	688	3088	314	0	69
4	Solution - 25442	688	3088	314	0	69
5	Solution - 25442	688	3088	314	0	69
6	Solution - 25442	688	3088	314	0	69
7	Solution - 25442	688	3088	314	0	69
8	Solution - 25442	688	3088	314	0	69
9	Solution - 25442	688	3088	314	0	69
10	Solution - 25442	688	3088	314	0	69
11	Solution - 25442	688	3088	314	0	69
12	Solution - 25442	688	3088	314	0	69
13	Solution - 23415	682	3066	277	0	71
14	Solution - 23415	682	3066	277	0	71
15	Solution - 23415	682	3066	277	0	71
16	Solution - 23415	682	3066	277	0	71
17	Solution - 23415	682	3066	277	0	71
18	Solution - 23415	682	3066	277	0	71
19	Solution - 23415	682	3066	277	0	71
20	Solution - 23415	682	3066	277	0	71
21	Solution - 23415	682	3066	277	0	71
22	Solution - 23415	682	3066	277	0	71
23	Solution - 23415	682	3066	277	0	71
24	Solution - 23415	682	3066	277	0	71
25	Solution - 23415	682	3066	277	0	71
26	Solution - 23415	682	3066	277	0	71
27	Solution - 23415	682	3066	277	0	71
28	Solution - 23415	682	3066	277	0	71
29	Solution - 23415	682	3066	277	0	71
30	Solution - 23415	682	3066	277	0	71
31	Solution - 23415	682	3066	277	0	71
32	Solution - 23415	682	3066	277	0	71
33	Solution - 23415	682	3066	277	0	71
34	Solution - 23415	682	3066	277	0	71
35	Solution - 23415	682	3066	277	0	71
36	Solution - 23415	682	3066	277	0	71
37	Solution - 23415	682	3066	277	0	71
38	Solution - 23415	682	3066	277	0	71
39	Solution - 23415	682	3066	277	0	71
40	Solution - 22713	688	3068	267	0	71
41	Solution - 22713	688	3068	267	0	71
42	Solution - 22713	688	3068	267	0	71
43	Solution - 22713	688	3068	267	0	71
44	Solution - 22713	688	3068	267	0	71
45	Solution - 22713	688	3068	267	0	71
46	Solution - 22713	688	3068	267	0	71
47	Solution - 22713	688	3068	267	0	71
48	Solution - 22713	688	3068	267	0	71
49	Solution - 22713	688	3068	267	0	71
50	Solution - 22713	688	3068	267	0	71
51	Solution - 22713	688	3068	267	0	71
52	Solution - 22713	688	3068	267	0	71
53	Solution - 22713	688	3068	267	0	71
54	Solution - 22713	688	3068	267	0	71
55	Solution - 22713	688	3068	267	0	71
56	Solution - 22713	688	3068	267	0	71
57	Solution - 22713	688	3068	267	0	71
58	Solution - 22567	681	3071	265	0	71
59	Solution - 22567	681	3071	265	0	71
60	Solution - 22012	688	3077	257	0	71
61	Solution - 22012	688	3077	257	0	71
62	Solution - 20106	672	3033	231	0	71
63	Solution - 20106	672	3033	231	0	71
64	Solution - 20106	672	3033	231	0	71
65	Solution - 20106	672	3033	231	0	71
66	Solution - 20106	672	3033	231	0	71
67	Solution - 20106	672	3033	231	0	71
68	Solution - 20106	672	3033	231	0	71
69	Solution - 20106	672	3033	231	0	71
70	Solution - 20106	672	3033	231	0	71
71	Solution - 20106	672	3033	231	0	71
72	Solution - 20106	672	3033	231	0	71
73	Solution - 20106	672	3033	231	0	71
74	Solution - 20106	672	3033	231	0	71
75	Solution - 20106	672	3033	231	0	71
76	Solution - 20106	672	3033	231	0	71
77	Solution - 20106	672	3033	231	0	71
78	Solution - 20106	672	3033	231	0	71
79	Solution - 20106	672	3033	231	0	71
80	Solution - 20106	672	3033	231	0	71
81	Solution - 20106	672	3033	231	0	71
82	Solution - 20106	672	3033	231	0	71
83	Solution - 20106	672	3033	231	0	71
84	Solution - 20106	672	3033	231	0	71
85	Solution - 20106	672	3033	231	0	71
86	Solution - 20106	672	3033	231	0	71
87	Solution - 20106	672	3033	231	0	71
88	Solution - 20106	672	3033	231	0	71
89	Solution - 20106	672	3033	231	0	71
90	Solution - 20106	672	3033	231	0	71
91	Solution - 20106	672	3033	231	0	71
92	Solution - 20106	672	3033	231	0	71
93	Solution - 20106	672	3033	231	0	71
94	Solution - 20106	672	3033	231	0	71
95	Solution - 20106	672	3033	231	0	71
96	Solution - 20106	672	3033	231	0	71
97	Solution - 20106	672	3033	231	0	71
98	Solution - 20106	672	3033	231	0	71
99	Solution - 20106	672	3033	231	0	71
