26708
25883
25883
25883
25883
25883
25883
25883
25883
25883
25883
24369
22641
22641
21847
21847
21847
21847
21847
21847
21847
21847
21847
21847
21847
21847
21847
21847
21847
21847
21330
21330
21330
21330
21330
21330
21330
21330
21330
21330
21330
21330
21330
21330
21330
21330
21330
21330
21330
21330
21330
21330
21330
21330
21330
21330
21330
21330
21330
21330
21330
21330
21330
21330
21330
21330
21330
21330
21330
21330
21330
21330
21330
21330
21330
21330
21330
21330
21330
21330
21330
21330
21330
21330
21330
21330
21330
21330
21330
21330
21330
21330
21330
21330
21330
21330
21330
21330
21330
21330
