24100
24100
24100
24100
24100
24100
24100
24100
24100
24100
24100
24100
24100
24100
24100
24100
24100
24100
24100
24100
24100
24100
24100
24100
24100
24059
24059
24059
24059
24059
24059
24059
23321
23321
23321
23321
23321
23321
23321
23321
23321
23321
22565
22565
22565
22565
22565
22565
22565
22565
22565
22565
22565
22565
22565
22565
22565
22565
22565
22565
22565
22565
22565
22565
22565
22565
22565
22565
22437
22437
22437
22437
22437
22437
22437
22437
22437
22437
22437
22437
22437
22437
22437
22437
22437
22437
22437
22437
22437
22437
22437
22437
22437
22437
22437
22437
22437
22437
22437
22437
