26847
26847
21919
21919
21919
21919
21919
21919
21919
21919
21919
21919
21919
21919
21919
21919
21919
21919
21919
21919
21919
21919
21919
21919
21919
21919
21919
21919
21919
21919
21919
21919
21919
21919
21919
21919
21919
21919
21919
21919
21919
21919
21919
21051
20977
20977
20977
20977
20701
20701
20701
20701
20701
20701
20701
20701
20701
20701
20701
20701
20701
20701
20701
20701
20701
20701
20701
20701
20701
20701
20701
20701
20701
20701
20701
20701
20701
20701
20701
20701
20701
20701
20701
20701
20701
20701
20701
20701
20701
20701
20701
20701
20701
20701
20701
20701
20701
20701
20701
20701
