26922
26922
26922
23779
23779
23012
23012
23012
23012
23012
23012
23012
23012
23012
23012
23012
23012
23012
23012
23012
23012
23012
23012
23012
23012
23012
23012
23012
23012
23012
23012
23012
23012
23012
23012
23012
23012
23012
23012
23012
23012
23012
23012
23012
23012
23012
23012
23012
23012
23012
23012
23012
23012
23012
23012
23012
23012
23012
23012
23012
21747
21747
21747
21747
21747
21747
21747
21747
21747
21747
21747
21360
21360
21360
21360
21360
21360
21360
21360
21360
21360
21360
21360
21360
21360
21360
21360
21360
21360
21360
21360
21360
21360
21360
21360
21360
21360
21360
21360
21360
