22601
22601
22601
19977
19977
19977
19977
19977
19977
19977
19977
19977
19977
19977
19977
19977
19977
19977
19977
19977
19977
19977
19977
19977
19977
19977
19977
19977
19977
19977
19977
19977
19977
19977
19977
19977
19977
19977
19977
19977
19977
19977
19977
19977
19977
19977
19977
19977
19977
19977
19977
19977
19977
19977
19977
19977
19977
19977
19977
19977
19977
19977
19977
19977
19977
19977
19977
19977
19977
19977
19977
19977
19977
19977
19977
19977
19977
19977
19977
19977
19977
19977
19977
19977
19977
19977
19977
19977
19977
19977
19977
19977
19977
19977
19977
19977
19977
19977
19977
19977
