0	Solution - 25294	689	3115	307	0	70
1	Solution - 24924	681	3095	311	0	68
2	Solution - 24044	688	3126	289	0	70
3	Solution - 24044	688	3126	289	0	70
4	Solution - 24044	688	3126	289	0	70
5	Solution - 24044	688	3126	289	0	70
6	Solution - 24044	688	3126	289	0	70
7	Solution - 24044	688	3126	289	0	70
8	Solution - 24044	688	3126	289	0	70
9	Solution - 23735	700	3155	280	0	71
10	Solution - 23735	700	3155	280	0	71
11	Solution - 23735	700	3155	280	0	71
12	Solution - 23735	700	3155	280	0	71
13	Solution - 23735	700	3155	280	0	71
14	Solution - 23735	700	3155	280	0	71
15	Solution - 23735	700	3155	280	0	71
16	Solution - 23735	700	3155	280	0	71
17	Solution - 23735	700	3155	280	0	71
18	Solution - 23735	700	3155	280	0	71
19	Solution - 23045	702	3163	274	0	70
20	Solution - 23045	702	3163	274	0	70
21	Solution - 20883	678	3055	245	0	70
22	Solution - 20883	678	3055	245	0	70
23	Solution - 20883	678	3055	245	0	70
24	Solution - 20883	678	3055	245	0	70
25	Solution - 20883	678	3055	245	0	70
26	Solution - 20883	678	3055	245	0	70
27	Solution - 20883	678	3055	245	0	70
28	Solution - 20883	678	3055	245	0	70
29	Solution - 20883	678	3055	245	0	70
30	Solution - 20883	678	3055	245	0	70
31	Solution - 20883	678	3055	245	0	70
32	Solution - 20883	678	3055	245	0	70
33	Solution - 20883	678	3055	245	0	70
34	Solution - 20883	678	3055	245	0	70
35	Solution - 20883	678	3055	245	0	70
36	Solution - 20883	678	3055	245	0	70
37	Solution - 20883	678	3055	245	0	70
38	Solution - 20883	678	3055	245	0	70
39	Solution - 20883	678	3055	245	0	70
40	Solution - 20883	678	3055	245	0	70
41	Solution - 20883	678	3055	245	0	70
42	Solution - 20883	678	3055	245	0	70
43	Solution - 20883	678	3055	245	0	70
44	Solution - 20883	678	3055	245	0	70
45	Solution - 20883	678	3055	245	0	70
46	Solution - 20883	678	3055	245	0	70
47	Solution - 20883	678	3055	245	0	70
48	Solution - 20883	678	3055	245	0	70
49	Solution - 20883	678	3055	245	0	70
50	Solution - 20883	678	3055	245	0	70
51	Solution - 20883	678	3055	245	0	70
52	Solution - 20883	678	3055	245	0	70
53	Solution - 20883	678	3055	245	0	70
54	Solution - 20883	678	3055	245	0	70
55	Solution - 20883	678	3055	245	0	70
56	Solution - 20883	678	3055	245	0	70
57	Solution - 20883	678	3055	245	0	70
58	Solution - 20883	678	3055	245	0	70
59	Solution - 20883	678	3055	245	0	70
60	Solution - 20883	678	3055	245	0	70
61	Solution - 20883	678	3055	245	0	70
62	Solution - 20883	678	3055	245	0	70
63	Solution - 20883	678	3055	245	0	70
64	Solution - 20883	678	3055	245	0	70
65	Solution - 19805	675	3030	230	0	70
66	Solution - 19805	675	3030	230	0	70
67	Solution - 19805	675	3030	230	0	70
68	Solution - 19805	675	3030	230	0	70
69	Solution - 19805	675	3030	230	0	70
70	Solution - 19805	675	3030	230	0	70
71	Solution - 19805	675	3030	230	0	70
72	Solution - 19805	675	3030	230	0	70
73	Solution - 19805	675	3030	230	0	70
74	Solution - 19805	675	3030	230	0	70
75	Solution - 19805	675	3030	230	0	70
76	Solution - 19805	675	3030	230	0	70
77	Solution - 19805	675	3030	230	0	70
78	Solution - 19805	675	3030	230	0	70
79	Solution - 19805	675	3030	230	0	70
80	Solution - 19805	675	3030	230	0	70
81	Solution - 19805	675	3030	230	0	70
82	Solution - 19805	675	3030	230	0	70
83	Solution - 19805	675	3030	230	0	70
84	Solution - 19805	675	3030	230	0	70
85	Solution - 19805	675	3030	230	0	70
86	Solution - 19805	675	3030	230	0	70
87	Solution - 19805	675	3030	230	0	70
88	Solution - 19805	675	3030	230	0	70
89	Solution - 19805	675	3030	230	0	70
90	Solution - 19805	675	3030	230	0	70
91	Solution - 19805	675	3030	230	0	70
92	Solution - 19805	675	3030	230	0	70
93	Solution - 19805	675	3030	230	0	70
94	Solution - 19805	675	3030	230	0	70
95	Solution - 19805	675	3030	230	0	70
96	Solution - 19805	675	3030	230	0	70
97	Solution - 19805	675	3030	230	0	70
98	Solution - 19805	675	3030	230	0	70
99	Solution - 19805	675	3030	230	0	70
