26901
26386
26386
22135
22135
22135
22135
22135
22135
21781
21781
21781
21781
21781
21781
21781
21781
21781
21781
21781
21781
21781
21781
21781
21781
21781
21781
21781
21781
21781
21781
21781
21781
21781
21781
21781
21781
21781
21781
21781
21781
21781
21781
21781
21781
21781
21781
21781
21781
21781
21781
21781
21781
21781
21781
21781
21781
21781
21781
21781
21781
21781
21781
21781
21781
21781
21781
21781
21781
21781
21781
21781
21781
21781
21781
21781
21781
21781
21781
21781
21781
21781
21781
21781
21781
21781
21781
21781
21781
21781
21781
21781
21781
21781
21781
21781
21781
21781
21781
21781
