27300
27300
25442
25442
25442
25442
25442
25442
25442
25442
25442
25442
25442
23415
23415
23415
23415
23415
23415
23415
23415
23415
23415
23415
23415
23415
23415
23415
23415
23415
23415
23415
23415
23415
23415
23415
23415
23415
23415
23415
22713
22713
22713
22713
22713
22713
22713
22713
22713
22713
22713
22713
22713
22713
22713
22713
22713
22713
22567
22567
22012
22012
20106
20106
20106
20106
20106
20106
20106
20106
20106
20106
20106
20106
20106
20106
20106
20106
20106
20106
20106
20106
20106
20106
20106
20106
20106
20106
20106
20106
20106
20106
20106
20106
20106
20106
20106
20106
20106
20106
