0	Solution - 21158	670	3012	257	0	68
1	Solution - 21158	670	3012	257	0	68
2	Solution - 21158	670	3012	257	0	68
3	Solution - 21158	670	3012	257	0	68
4	Solution - 21158	670	3012	257	0	68
5	Solution - 21158	670	3012	257	0	68
6	Solution - 21158	670	3012	257	0	68
7	Solution - 21158	670	3012	257	0	68
8	Solution - 21158	670	3012	257	0	68
9	Solution - 21158	670	3012	257	0	68
10	Solution - 21158	670	3012	257	0	68
11	Solution - 21158	670	3012	257	0	68
12	Solution - 21158	670	3012	257	0	68
13	Solution - 21158	670	3012	257	0	68
14	Solution - 21158	670	3012	257	0	68
15	Solution - 21158	670	3012	257	0	68
16	Solution - 21158	670	3012	257	0	68
17	Solution - 21158	670	3012	257	0	68
18	Solution - 21158	670	3012	257	0	68
19	Solution - 21158	670	3012	257	0	68
20	Solution - 21158	670	3012	257	0	68
21	Solution - 21158	670	3012	257	0	68
22	Solution - 21158	670	3012	257	0	68
23	Solution - 21158	670	3012	257	0	68
24	Solution - 21158	670	3012	257	0	68
25	Solution - 21158	670	3012	257	0	68
26	Solution - 21158	670	3012	257	0	68
27	Solution - 21158	670	3012	257	0	68
28	Solution - 21158	670	3012	257	0	68
29	Solution - 21158	670	3012	257	0	68
30	Solution - 21158	670	3012	257	0	68
31	Solution - 21158	670	3012	257	0	68
32	Solution - 21158	670	3012	257	0	68
33	Solution - 20906	692	3102	248	0	69
34	Solution - 20906	692	3102	248	0	69
35	Solution - 20906	692	3102	248	0	69
36	Solution - 20906	692	3102	248	0	69
37	Solution - 20906	692	3102	248	0	69
38	Solution - 20906	692	3102	248	0	69
39	Solution - 20906	692	3102	248	0	69
40	Solution - 20906	692	3102	248	0	69
41	Solution - 20906	692	3102	248	0	69
42	Solution - 20906	692	3102	248	0	69
43	Solution - 20906	692	3102	248	0	69
44	Solution - 20906	692	3102	248	0	69
45	Solution - 20906	692	3102	248	0	69
46	Solution - 20906	692	3102	248	0	69
47	Solution - 20906	692	3102	248	0	69
48	Solution - 20906	692	3102	248	0	69
49	Solution - 20603	672	3026	245	1	69
50	Solution - 20603	672	3026	245	1	69
51	Solution - 20603	672	3026	245	1	69
52	Solution - 20603	672	3026	245	1	69
53	Solution - 20603	672	3026	245	1	69
54	Solution - 20603	672	3026	245	1	69
55	Solution - 20603	672	3026	245	1	69
56	Solution - 20603	672	3026	245	1	69
57	Solution - 20603	672	3026	245	1	69
58	Solution - 20603	672	3026	245	1	69
59	Solution - 20603	672	3026	245	1	69
60	Solution - 20603	672	3026	245	1	69
61	Solution - 20603	672	3026	245	1	69
62	Solution - 20603	672	3026	245	1	69
63	Solution - 20603	672	3026	245	1	69
64	Solution - 20603	672	3026	245	1	69
65	Solution - 20603	672	3026	245	1	69
66	Solution - 20603	672	3026	245	1	69
67	Solution - 20603	672	3026	245	1	69
68	Solution - 20603	672	3026	245	1	69
69	Solution - 20603	672	3026	245	1	69
70	Solution - 20603	672	3026	245	1	69
71	Solution - 20603	672	3026	245	1	69
72	Solution - 20603	672	3026	245	1	69
73	Solution - 20603	672	3026	245	1	69
74	Solution - 20603	672	3026	245	1	69
75	Solution - 20603	672	3026	245	1	69
76	Solution - 20603	672	3026	245	1	69
77	Solution - 20603	672	3026	245	1	69
78	Solution - 20603	672	3026	245	1	69
79	Solution - 20603	672	3026	245	1	69
80	Solution - 20603	672	3026	245	1	69
81	Solution - 20603	672	3026	245	1	69
82	Solution - 20603	672	3026	245	1	69
83	Solution - 20603	672	3026	245	1	69
84	Solution - 20603	672	3026	245	1	69
85	Solution - 20603	672	3026	245	1	69
86	Solution - 20603	672	3026	245	1	69
87	Solution - 20603	672	3026	245	1	69
88	Solution - 20603	672	3026	245	1	69
89	Solution - 20603	672	3026	245	1	69
90	Solution - 20603	672	3026	245	1	69
91	Solution - 20603	672	3026	245	1	69
92	Solution - 20603	672	3026	245	1	69
93	Solution - 20603	672	3026	245	1	69
94	Solution - 20603	672	3026	245	1	69
95	Solution - 20603	672	3026	245	1	69
96	Solution - 20603	672	3026	245	1	69
97	Solution - 20603	672	3026	245	1	69
98	Solution - 20603	672	3026	245	1	69
99	Solution - 20603	672	3026	245	1	69
