0	Solution - 23243	705	3155	273	0	71
1	Solution - 23050	694	3115	271	1	71
2	Solution - 23050	694	3115	271	1	71
3	Solution - 23050	694	3115	271	1	71
4	Solution - 23050	694	3115	271	1	71
5	Solution - 23050	694	3115	271	1	71
6	Solution - 23050	694	3115	271	1	71
7	Solution - 23050	694	3115	271	1	71
8	Solution - 23050	694	3115	271	1	71
9	Solution - 23050	694	3115	271	1	71
10	Solution - 23050	694	3115	271	1	71
11	Solution - 23050	694	3115	271	1	71
12	Solution - 23050	694	3115	271	1	71
13	Solution - 23050	694	3115	271	1	71
14	Solution - 23050	694	3115	271	1	71
15	Solution - 22831	691	3100	272	0	70
16	Solution - 22831	691	3100	272	0	70
17	Solution - 22831	691	3100	272	0	70
18	Solution - 22831	691	3100	272	0	70
19	Solution - 22831	691	3100	272	0	70
20	Solution - 22831	691	3100	272	0	70
21	Solution - 22831	691	3100	272	0	70
22	Solution - 22306	711	3185	263	0	70
23	Solution - 22306	711	3185	263	0	70
24	Solution - 22306	711	3185	263	0	70
25	Solution - 22306	711	3185	263	0	70
26	Solution - 22306	711	3185	263	0	70
27	Solution - 22306	711	3185	263	0	70
28	Solution - 22306	711	3185	263	0	70
29	Solution - 22306	711	3185	263	0	70
30	Solution - 22306	711	3185	263	0	70
31	Solution - 22306	711	3185	263	0	70
32	Solution - 22306	711	3185	263	0	70
33	Solution - 22306	711	3185	263	0	70
34	Solution - 22306	711	3185	263	0	70
35	Solution - 22306	711	3185	263	0	70
36	Solution - 22306	711	3185	263	0	70
37	Solution - 22306	711	3185	263	0	70
38	Solution - 22306	711	3185	263	0	70
39	Solution - 22306	711	3185	263	0	70
40	Solution - 22306	711	3185	263	0	70
41	Solution - 22306	711	3185	263	0	70
42	Solution - 22306	711	3185	263	0	70
43	Solution - 22306	711	3185	263	0	70
44	Solution - 22306	711	3185	263	0	70
45	Solution - 22306	711	3185	263	0	70
46	Solution - 22306	711	3185	263	0	70
47	Solution - 22306	711	3185	263	0	70
48	Solution - 22306	711	3185	263	0	70
49	Solution - 22306	711	3185	263	0	70
50	Solution - 22306	711	3185	263	0	70
51	Solution - 22306	711	3185	263	0	70
52	Solution - 22306	711	3185	263	0	70
53	Solution - 22306	711	3185	263	0	70
54	Solution - 22306	711	3185	263	0	70
55	Solution - 22306	711	3185	263	0	70
56	Solution - 22306	711	3185	263	0	70
57	Solution - 22306	711	3185	263	0	70
58	Solution - 22306	711	3185	263	0	70
59	Solution - 22306	711	3185	263	0	70
60	Solution - 22306	711	3185	263	0	70
61	Solution - 22306	711	3185	263	0	70
62	Solution - 22306	711	3185	263	0	70
63	Solution - 22306	711	3185	263	0	70
64	Solution - 22306	711	3185	263	0	70
65	Solution - 22306	711	3185	263	0	70
66	Solution - 22306	711	3185	263	0	70
67	Solution - 22306	711	3185	263	0	70
68	Solution - 22306	711	3185	263	0	70
69	Solution - 22306	711	3185	263	0	70
70	Solution - 22306	711	3185	263	0	70
71	Solution - 22306	711	3185	263	0	70
72	Solution - 22306	711	3185	263	0	70
73	Solution - 20334	685	3059	237	0	70
74	Solution - 20334	685	3059	237	0	70
75	Solution - 20334	685	3059	237	0	70
76	Solution - 20334	685	3059	237	0	70
77	Solution - 20334	685	3059	237	0	70
78	Solution - 20334	685	3059	237	0	70
79	Solution - 20334	685	3059	237	0	70
80	Solution - 20334	685	3059	237	0	70
81	Solution - 20334	685	3059	237	0	70
82	Solution - 20334	685	3059	237	0	70
83	Solution - 20334	685	3059	237	0	70
84	Solution - 20334	685	3059	237	0	70
85	Solution - 20334	685	3059	237	0	70
86	Solution - 20334	685	3059	237	0	70
87	Solution - 20334	685	3059	237	0	70
88	Solution - 20334	685	3059	237	0	70
89	Solution - 20334	685	3059	237	0	70
90	Solution - 20334	685	3059	237	0	70
91	Solution - 20334	685	3059	237	0	70
92	Solution - 20334	685	3059	237	0	70
93	Solution - 20334	685	3059	237	0	70
94	Solution - 20334	685	3059	237	0	70
95	Solution - 20334	685	3059	237	0	70
96	Solution - 20334	685	3059	237	0	70
97	Solution - 20334	685	3059	237	0	70
98	Solution - 20334	685	3059	237	0	70
99	Solution - 20334	685	3059	237	0	70
