22801
22801
22801
22801
22801
22801
22801
20672
20672
20672
20672
20672
20672
20672
20672
20672
20672
20672
20672
20672
20672
20672
20672
20672
20672
20672
20672
20672
20672
20672
20672
20672
20672
20672
20672
20672
20672
20672
20672
20672
20672
20672
20672
20672
20672
20672
20672
20672
20672
20672
20672
20672
20672
20672
20672
20672
20672
20672
20672
20672
20672
20672
20672
20672
20672
20672
20672
20672
20672
20672
20672
20672
20672
20672
20672
20672
20672
20672
20672
20672
20672
20672
20672
20672
20672
20672
20672
20672
20672
20672
20672
20672
20672
20672
20672
20672
20672
20672
20672
20672
