0	Solution - 27275	685	3070	336	0	70
1	Solution - 23709	688	3097	293	0	68
2	Solution - 23709	688	3097	293	0	68
3	Solution - 23709	688	3097	293	0	68
4	Solution - 23709	688	3097	293	0	68
5	Solution - 23709	688	3097	293	0	68
6	Solution - 23709	688	3097	293	0	68
7	Solution - 23709	688	3097	293	0	68
8	Solution - 23709	688	3097	293	0	68
9	Solution - 23709	688	3097	293	0	68
10	Solution - 23709	688	3097	293	0	68
11	Solution - 23709	688	3097	293	0	68
12	Solution - 23709	688	3097	293	0	68
13	Solution - 23709	688	3097	293	0	68
14	Solution - 23709	688	3097	293	0	68
15	Solution - 23709	688	3097	293	0	68
16	Solution - 23709	688	3097	293	0	68
17	Solution - 23709	688	3097	293	0	68
18	Solution - 23709	688	3097	293	0	68
19	Solution - 23709	688	3097	293	0	68
20	Solution - 23709	688	3097	293	0	68
21	Solution - 23709	688	3097	293	0	68
22	Solution - 23709	688	3097	293	0	68
23	Solution - 23709	688	3097	293	0	68
24	Solution - 23709	688	3097	293	0	68
25	Solution - 23709	688	3097	293	0	68
26	Solution - 23709	688	3097	293	0	68
27	Solution - 23709	688	3097	293	0	68
28	Solution - 23709	688	3097	293	0	68
29	Solution - 23709	688	3097	293	0	68
30	Solution - 23709	688	3097	293	0	68
31	Solution - 23709	688	3097	293	0	68
32	Solution - 23709	688	3097	293	0	68
33	Solution - 23709	688	3097	293	0	68
34	Solution - 23709	688	3097	293	0	68
35	Solution - 23709	688	3097	293	0	68
36	Solution - 23709	688	3097	293	0	68
37	Solution - 23709	688	3097	293	0	68
38	Solution - 23709	688	3097	293	0	68
39	Solution - 23709	688	3097	293	0	68
40	Solution - 23228	700	3145	273	0	71
41	Solution - 23228	700	3145	273	0	71
42	Solution - 23228	700	3145	273	0	71
43	Solution - 23228	700	3145	273	0	71
44	Solution - 23228	700	3145	273	0	71
45	Solution - 23228	700	3145	273	0	71
46	Solution - 23228	700	3145	273	0	71
47	Solution - 23228	700	3145	273	0	71
48	Solution - 23228	700	3145	273	0	71
49	Solution - 23228	700	3145	273	0	71
50	Solution - 21289	702	3157	249	0	70
51	Solution - 21289	702	3157	249	0	70
52	Solution - 21289	702	3157	249	0	70
53	Solution - 21289	702	3157	249	0	70
54	Solution - 21289	702	3157	249	0	70
55	Solution - 21289	702	3157	249	0	70
56	Solution - 21289	702	3157	249	0	70
57	Solution - 21289	702	3157	249	0	70
58	Solution - 21289	702	3157	249	0	70
59	Solution - 21289	702	3157	249	0	70
60	Solution - 21289	702	3157	249	0	70
61	Solution - 21289	702	3157	249	0	70
62	Solution - 21289	702	3157	249	0	70
63	Solution - 21289	702	3157	249	0	70
64	Solution - 21289	702	3157	249	0	70
65	Solution - 21289	702	3157	249	0	70
66	Solution - 21289	702	3157	249	0	70
67	Solution - 21289	702	3157	249	0	70
68	Solution - 21289	702	3157	249	0	70
69	Solution - 21289	702	3157	249	0	70
70	Solution - 21289	702	3157	249	0	70
71	Solution - 21289	702	3157	249	0	70
72	Solution - 21289	702	3157	249	0	70
73	Solution - 21289	702	3157	249	0	70
74	Solution - 21289	702	3157	249	0	70
75	Solution - 21289	702	3157	249	0	70
76	Solution - 21289	702	3157	249	0	70
77	Solution - 21289	702	3157	249	0	70
78	Solution - 21289	702	3157	249	0	70
79	Solution - 21289	702	3157	249	0	70
80	Solution - 21289	702	3157	249	0	70
81	Solution - 21289	702	3157	249	0	70
82	Solution - 21289	702	3157	249	0	70
83	Solution - 21289	702	3157	249	0	70
84	Solution - 20530	689	3074	243	0	69
85	Solution - 20530	689	3074	243	0	69
86	Solution - 20530	689	3074	243	0	69
87	Solution - 20530	689	3074	243	0	69
88	Solution - 20530	689	3074	243	0	69
89	Solution - 20530	689	3074	243	0	69
90	Solution - 20530	689	3074	243	0	69
91	Solution - 20530	689	3074	243	0	69
92	Solution - 20530	689	3074	243	0	69
93	Solution - 20530	689	3074	243	0	69
94	Solution - 20530	689	3074	243	0	69
95	Solution - 20530	689	3074	243	0	69
96	Solution - 20530	689	3074	243	0	69
97	Solution - 20530	689	3074	243	0	69
98	Solution - 20530	689	3074	243	0	69
99	Solution - 20530	689	3074	243	0	69
