27033
27033
27033
22517
22517
22517
22517
22517
22517
22517
22517
22517
22517
22517
22517
22517
22517
22517
22517
22517
22517
22517
22517
22517
22517
22377
22377
22377
22377
22377
22377
22377
22377
22377
22377
22377
22377
22377
22377
22377
22377
22377
22377
22377
22377
22377
22377
22377
22377
22029
22029
22029
22029
22029
22029
22029
22029
22029
22029
22029
22029
22029
22029
22029
22029
22029
22029
22029
22029
22029
22029
21339
21339
21339
21339
21339
21339
21339
21339
21339
21339
21339
20227
20227
20227
20227
20227
20227
20227
20227
20227
20227
20227
20227
20227
20227
20227
20227
20227
20227
