23588
23588
23588
23588
23588
23588
23588
23588
23588
23588
23588
23588
23588
23588
23588
23588
23588
23588
23588
23588
23588
23588
23588
21361
21361
21361
21361
21361
21361
21361
21361
21361
21361
21361
21361
21361
21361
21361
21361
21361
21361
21361
21361
21361
21361
21361
21361
21361
21361
21361
21361
21361
21361
21361
21361
21361
21361
21361
21361
21361
21361
21361
21361
21361
21361
21361
21361
21361
21361
21361
21361
21361
21361
21361
21361
21361
21361
21361
21361
21361
21361
21361
21361
21361
21361
21361
21361
21361
21361
21361
21361
21361
21361
21015
21015
21015
21015
21015
21015
21015
