25294
24924
24044
24044
24044
24044
24044
24044
24044
23735
23735
23735
23735
23735
23735
23735
23735
23735
23735
23045
23045
20883
20883
20883
20883
20883
20883
20883
20883
20883
20883
20883
20883
20883
20883
20883
20883
20883
20883
20883
20883
20883
20883
20883
20883
20883
20883
20883
20883
20883
20883
20883
20883
20883
20883
20883
20883
20883
20883
20883
20883
20883
20883
20883
20883
19805
19805
19805
19805
19805
19805
19805
19805
19805
19805
19805
19805
19805
19805
19805
19805
19805
19805
19805
19805
19805
19805
19805
19805
19805
19805
19805
19805
19805
19805
19805
19805
19805
19805
19805
