0	Solution - 24962	674	3048	295	0	72
1	Solution - 24962	674	3048	295	0	72
2	Solution - 24962	674	3048	295	0	72
3	Solution - 24962	674	3048	295	0	72
4	Solution - 24962	674	3048	295	0	72
5	Solution - 24962	674	3048	295	0	72
6	Solution - 24962	674	3048	295	0	72
7	Solution - 24646	685	3087	294	0	71
8	Solution - 24646	685	3087	294	0	71
9	Solution - 24646	685	3087	294	0	71
10	Solution - 24646	685	3087	294	0	71
11	Solution - 24646	685	3087	294	0	71
12	Solution - 24619	691	3090	302	0	69
13	Solution - 24619	691	3090	302	0	69
14	Solution - 23527	689	3098	282	0	70
15	Solution - 23527	689	3098	282	0	70
16	Solution - 21992	688	3088	264	0	69
17	Solution - 21992	688	3088	264	0	69
18	Solution - 21992	688	3088	264	0	69
19	Solution - 21992	688	3088	264	0	69
20	Solution - 21818	675	3065	262	0	69
21	Solution - 21818	675	3065	262	0	69
22	Solution - 21818	675	3065	262	0	69
23	Solution - 21818	675	3065	262	0	69
24	Solution - 21818	675	3065	262	0	69
25	Solution - 21818	675	3065	262	0	69
26	Solution - 21818	675	3065	262	0	69
27	Solution - 20892	681	3030	249	0	69
28	Solution - 20892	681	3030	249	0	69
29	Solution - 20892	681	3030	249	0	69
30	Solution - 20892	681	3030	249	0	69
31	Solution - 20892	681	3030	249	0	69
32	Solution - 20892	681	3030	249	0	69
33	Solution - 20892	681	3030	249	0	69
34	Solution - 20892	681	3030	249	0	69
35	Solution - 20892	681	3030	249	0	69
36	Solution - 20892	681	3030	249	0	69
37	Solution - 20892	681	3030	249	0	69
38	Solution - 20892	681	3030	249	0	69
39	Solution - 20892	681	3030	249	0	69
40	Solution - 20892	681	3030	249	0	69
41	Solution - 20892	681	3030	249	0	69
42	Solution - 20892	681	3030	249	0	69
43	Solution - 20892	681	3030	249	0	69
44	Solution - 20892	681	3030	249	0	69
45	Solution - 20892	681	3030	249	0	69
46	Solution - 20892	681	3030	249	0	69
47	Solution - 20892	681	3030	249	0	69
48	Solution - 20892	681	3030	249	0	69
49	Solution - 20892	681	3030	249	0	69
50	Solution - 20892	681	3030	249	0	69
51	Solution - 20892	681	3030	249	0	69
52	Solution - 20892	681	3030	249	0	69
53	Solution - 20892	681	3030	249	0	69
54	Solution - 20892	681	3030	249	0	69
55	Solution - 20892	681	3030	249	0	69
56	Solution - 20892	681	3030	249	0	69
57	Solution - 20892	681	3030	249	0	69
58	Solution - 20892	681	3030	249	0	69
59	Solution - 20892	681	3030	249	0	69
60	Solution - 20892	681	3030	249	0	69
61	Solution - 20892	681	3030	249	0	69
62	Solution - 20892	681	3030	249	0	69
63	Solution - 20892	681	3030	249	0	69
64	Solution - 20892	681	3030	249	0	69
65	Solution - 20892	681	3030	249	0	69
66	Solution - 20892	681	3030	249	0	69
67	Solution - 20892	681	3030	249	0	69
68	Solution - 20892	681	3030	249	0	69
69	Solution - 20892	681	3030	249	0	69
70	Solution - 20892	681	3030	249	0	69
71	Solution - 20892	681	3030	249	0	69
72	Solution - 20892	681	3030	249	0	69
73	Solution - 20892	681	3030	249	0	69
74	Solution - 20892	681	3030	249	0	69
75	Solution - 20892	681	3030	249	0	69
76	Solution - 20892	681	3030	249	0	69
77	Solution - 20892	681	3030	249	0	69
78	Solution - 20892	681	3030	249	0	69
79	Solution - 20892	681	3030	249	0	69
80	Solution - 20892	681	3030	249	0	69
81	Solution - 20892	681	3030	249	0	69
82	Solution - 20892	681	3030	249	0	69
83	Solution - 20892	681	3030	249	0	69
84	Solution - 20892	681	3030	249	0	69
85	Solution - 20892	681	3030	249	0	69
86	Solution - 20892	681	3030	249	0	69
87	Solution - 20892	681	3030	249	0	69
88	Solution - 20892	681	3030	249	0	69
89	Solution - 20892	681	3030	249	0	69
90	Solution - 20892	681	3030	249	0	69
91	Solution - 20892	681	3030	249	0	69
92	Solution - 20892	681	3030	249	0	69
93	Solution - 20892	681	3030	249	0	69
94	Solution - 20892	681	3030	249	0	69
95	Solution - 20892	681	3030	249	0	69
96	Solution - 20892	681	3030	249	0	69
97	Solution - 20892	681	3030	249	0	69
98	Solution - 20892	681	3030	249	0	69
99	Solution - 20892	681	3030	249	0	69
