22628
22628
22628
22628
22628
22628
22628
22628
22628
22628
22628
22628
22628
22628
22628
22628
22628
22628
22628
22628
22628
22628
22628
22628
22628
22628
22628
22628
22628
22628
22628
22628
22628
22628
22628
22628
22628
22628
22628
22628
22628
22628
22628
22628
22628
22628
22628
22628
22628
22628
22628
22628
22628
22628
22628
22628
22628
22628
22628
22628
22628
22628
22628
22628
22628
22628
22628
22628
22628
22628
22628
22628
22628
22628
22628
22628
22628
22628
22628
22628
22628
22628
22628
22628
22628
22628
22628
22628
22628
22628
22628
22628
22628
22628
21946
21946
21946
21946
21946
21946
