26044
26044
26044
26044
26044
25829
25829
24685
24685
24685
24685
24685
24685
24685
24014
24014
24014
24014
24014
24014
24014
24014
24014
22586
22586
22586
22586
22586
22413
22413
22413
22413
22413
21986
21986
21986
21986
21986
21986
21986
21986
21986
21986
21986
21986
21986
21986
21986
21986
21986
21986
21986
21986
21986
21986
21986
21986
21986
21986
21986
21986
21986
21986
21986
21986
21986
21986
21986
21986
21986
21986
21986
21986
21986
21986
21986
21986
21986
21704
21704
21704
21704
21704
21704
21704
21704
21704
21704
21704
21704
21704
21704
21704
21704
21704
21704
21704
21704
21704
21704
