26355
26355
26355
26355
26355
25479
25479
25479
25479
25479
25479
25479
25479
25479
24956
24956
22590
22590
22590
22590
22590
22590
22590
22590
22590
22590
22590
22590
22590
22590
22590
22590
22590
22590
22590
22590
22590
22590
22590
22590
22590
22590
22590
22590
22388
22388
22388
22388
22388
22388
22388
22388
22388
22388
22388
22388
22084
22084
22084
22084
22084
22084
22084
22084
22084
22084
22084
22084
22084
22084
22084
22084
22084
22084
22084
22084
22084
22084
22084
20961
20961
20961
20961
20961
20961
20961
20961
20961
20961
20961
20961
20961
20961
20961
20961
20961
20961
20961
20961
20961
