24163
24163
24163
24163
23902
23902
23902
23902
23902
23902
23215
23215
23215
23215
23215
23215
23215
23215
23215
23215
23215
23215
23215
23215
23215
23215
23215
23215
23215
23215
23215
23215
23215
23215
23215
23215
23215
23215
23215
23215
22049
22049
22049
22049
22049
22049
22049
22049
22049
22049
22049
22049
22049
22049
22049
19381
19381
19381
19381
19381
19381
19381
19381
19381
19381
19381
19381
19381
19381
19381
19381
19381
19381
19381
19381
19381
19381
19381
19381
19381
19381
19381
19381
19381
19381
19381
19381
19381
19381
19381
19381
19381
19381
19381
19381
19381
19381
19381
19381
19381
