21158
21158
21158
21158
21158
21158
21158
21158
21158
21158
21158
21158
21158
21158
21158
21158
21158
21158
21158
21158
21158
21158
21158
21158
21158
21158
21158
21158
21158
21158
21158
21158
21158
20906
20906
20906
20906
20906
20906
20906
20906
20906
20906
20906
20906
20906
20906
20906
20906
20603
20603
20603
20603
20603
20603
20603
20603
20603
20603
20603
20603
20603
20603
20603
20603
20603
20603
20603
20603
20603
20603
20603
20603
20603
20603
20603
20603
20603
20603
20603
20603
20603
20603
20603
20603
20603
20603
20603
20603
20603
20603
20603
20603
20603
20603
20603
20603
20603
20603
20603
