29118
27742
27742
27742
24867
24867
24867
24867
24867
24867
24867
24867
22062
22062
22062
22062
22062
22062
20723
20723
20723
20723
20723
20723
20723
20723
20723
20723
20723
20723
20723
20723
20723
20723
20723
20723
20723
20723
20723
20723
20723
20723
20723
20723
20723
20723
20723
20723
20723
20723
20723
20723
20723
20723
20723
20723
20723
20723
20723
20723
20723
20723
20723
20723
20723
20723
20723
20723
20723
20723
20723
20723
20723
20723
20723
20723
20723
20723
20723
20723
20723
20723
20723
20723
20723
20723
20723
20723
20723
20723
20723
20723
20723
20723
20723
20723
20723
20723
20723
20723
