0	Solution - 25501	696	3150	305	0	71
1	Solution - 23711	703	3136	288	0	69
2	Solution - 23711	703	3136	288	0	69
3	Solution - 23711	703	3136	288	0	69
4	Solution - 23711	703	3136	288	0	69
5	Solution - 23711	703	3136	288	0	69
6	Solution - 23711	703	3136	288	0	69
7	Solution - 23711	703	3136	288	0	69
8	Solution - 23711	703	3136	288	0	69
9	Solution - 23711	703	3136	288	0	69
10	Solution - 23711	703	3136	288	0	69
11	Solution - 23711	703	3136	288	0	69
12	Solution - 21927	688	3109	259	0	70
13	Solution - 21927	688	3109	259	0	70
14	Solution - 21927	688	3109	259	0	70
15	Solution - 21927	688	3109	259	0	70
16	Solution - 21927	688	3109	259	0	70
17	Solution - 21927	688	3109	259	0	70
18	Solution - 21927	688	3109	259	0	70
19	Solution - 21927	688	3109	259	0	70
20	Solution - 21804	695	3119	257	0	70
21	Solution - 21804	695	3119	257	0	70
22	Solution - 21742	680	3042	265	0	68
23	Solution - 21742	680	3042	265	0	68
24	Solution - 21742	680	3042	265	0	68
25	Solution - 21742	680	3042	265	0	68
26	Solution - 21742	680	3042	265	0	68
27	Solution - 21742	680	3042	265	0	68
28	Solution - 21742	680	3042	265	0	68
29	Solution - 21742	680	3042	265	0	68
30	Solution - 21742	680	3042	265	0	68
31	Solution - 21742	680	3042	265	0	68
32	Solution - 21742	680	3042	265	0	68
33	Solution - 21742	680	3042	265	0	68
34	Solution - 21742	680	3042	265	0	68
35	Solution - 21742	680	3042	265	0	68
36	Solution - 21742	680	3042	265	0	68
37	Solution - 21742	680	3042	265	0	68
38	Solution - 21742	680	3042	265	0	68
39	Solution - 21742	680	3042	265	0	68
40	Solution - 21077	676	3041	248	0	70
41	Solution - 21077	676	3041	248	0	70
42	Solution - 21077	676	3041	248	0	70
43	Solution - 21077	676	3041	248	0	70
44	Solution - 21077	676	3041	248	0	70
45	Solution - 21077	676	3041	248	0	70
46	Solution - 21077	676	3041	248	0	70
47	Solution - 21077	676	3041	248	0	70
48	Solution - 21077	676	3041	248	0	70
49	Solution - 21077	676	3041	248	0	70
50	Solution - 21077	676	3041	248	0	70
51	Solution - 21077	676	3041	248	0	70
52	Solution - 21077	676	3041	248	0	70
53	Solution - 21077	676	3041	248	0	70
54	Solution - 21077	676	3041	248	0	70
55	Solution - 21077	676	3041	248	0	70
56	Solution - 21077	676	3041	248	0	70
57	Solution - 21077	676	3041	248	0	70
58	Solution - 21077	676	3041	248	0	70
59	Solution - 21077	676	3041	248	0	70
60	Solution - 21077	676	3041	248	0	70
61	Solution - 21077	676	3041	248	0	70
62	Solution - 21077	676	3041	248	0	70
63	Solution - 21077	676	3041	248	0	70
64	Solution - 21077	676	3041	248	0	70
65	Solution - 21077	676	3041	248	0	70
66	Solution - 21077	676	3041	248	0	70
67	Solution - 21077	676	3041	248	0	70
68	Solution - 21077	676	3041	248	0	70
69	Solution - 21077	676	3041	248	0	70
70	Solution - 21077	676	3041	248	0	70
71	Solution - 21077	676	3041	248	0	70
72	Solution - 21077	676	3041	248	0	70
73	Solution - 21077	676	3041	248	0	70
74	Solution - 21077	676	3041	248	0	70
75	Solution - 21077	676	3041	248	0	70
76	Solution - 21077	676	3041	248	0	70
77	Solution - 21077	676	3041	248	0	70
78	Solution - 21077	676	3041	248	0	70
79	Solution - 21077	676	3041	248	0	70
80	Solution - 21077	676	3041	248	0	70
81	Solution - 21077	676	3041	248	0	70
82	Solution - 21077	676	3041	248	0	70
83	Solution - 21077	676	3041	248	0	70
84	Solution - 21077	676	3041	248	0	70
85	Solution - 21077	676	3041	248	0	70
86	Solution - 21077	676	3041	248	0	70
87	Solution - 21077	676	3041	248	0	70
88	Solution - 21077	676	3041	248	0	70
89	Solution - 21077	676	3041	248	0	70
90	Solution - 21077	676	3041	248	0	70
91	Solution - 21077	676	3041	248	0	70
92	Solution - 21077	676	3041	248	0	70
93	Solution - 21077	676	3041	248	0	70
94	Solution - 21077	676	3041	248	0	70
95	Solution - 19968	679	3049	232	0	70
96	Solution - 19968	679	3049	232	0	70
97	Solution - 19968	679	3049	232	0	70
98	Solution - 19968	679	3049	232	0	70
99	Solution - 19968	679	3049	232	0	70
