0	Solution - 26044	696	3112	327	0	68
1	Solution - 26044	696	3112	327	0	68
2	Solution - 26044	696	3112	327	0	68
3	Solution - 26044	696	3112	327	0	68
4	Solution - 26044	696	3112	327	0	68
5	Solution - 25829	678	3031	316	0	70
6	Solution - 25829	678	3031	316	0	70
7	Solution - 24685	692	3119	294	0	71
8	Solution - 24685	692	3119	294	0	71
9	Solution - 24685	692	3119	294	0	71
10	Solution - 24685	692	3119	294	0	71
11	Solution - 24685	692	3119	294	0	71
12	Solution - 24685	692	3119	294	0	71
13	Solution - 24685	692	3119	294	0	71
14	Solution - 24014	674	3036	282	0	72
15	Solution - 24014	674	3036	282	0	72
16	Solution - 24014	674	3036	282	0	72
17	Solution - 24014	674	3036	282	0	72
18	Solution - 24014	674	3036	282	0	72
19	Solution - 24014	674	3036	282	0	72
20	Solution - 24014	674	3036	282	0	72
21	Solution - 24014	674	3036	282	0	72
22	Solution - 24014	674	3036	282	0	72
23	Solution - 22586	683	3088	265	0	71
24	Solution - 22586	683	3088	265	0	71
25	Solution - 22586	683	3088	265	0	71
26	Solution - 22586	683	3088	265	0	71
27	Solution - 22586	683	3088	265	0	71
28	Solution - 22413	658	2987	276	0	68
29	Solution - 22413	658	2987	276	0	68
30	Solution - 22413	658	2987	276	0	68
31	Solution - 22413	658	2987	276	0	68
32	Solution - 22413	658	2987	276	0	68
33	Solution - 21986	670	3031	265	0	69
34	Solution - 21986	670	3031	265	0	69
35	Solution - 21986	670	3031	265	0	69
36	Solution - 21986	670	3031	265	0	69
37	Solution - 21986	670	3031	265	0	69
38	Solution - 21986	670	3031	265	0	69
39	Solution - 21986	670	3031	265	0	69
40	Solution - 21986	670	3031	265	0	69
41	Solution - 21986	670	3031	265	0	69
42	Solution - 21986	670	3031	265	0	69
43	Solution - 21986	670	3031	265	0	69
44	Solution - 21986	670	3031	265	0	69
45	Solution - 21986	670	3031	265	0	69
46	Solution - 21986	670	3031	265	0	69
47	Solution - 21986	670	3031	265	0	69
48	Solution - 21986	670	3031	265	0	69
49	Solution - 21986	670	3031	265	0	69
50	Solution - 21986	670	3031	265	0	69
51	Solution - 21986	670	3031	265	0	69
52	Solution - 21986	670	3031	265	0	69
53	Solution - 21986	670	3031	265	0	69
54	Solution - 21986	670	3031	265	0	69
55	Solution - 21986	670	3031	265	0	69
56	Solution - 21986	670	3031	265	0	69
57	Solution - 21986	670	3031	265	0	69
58	Solution - 21986	670	3031	265	0	69
59	Solution - 21986	670	3031	265	0	69
60	Solution - 21986	670	3031	265	0	69
61	Solution - 21986	670	3031	265	0	69
62	Solution - 21986	670	3031	265	0	69
63	Solution - 21986	670	3031	265	0	69
64	Solution - 21986	670	3031	265	0	69
65	Solution - 21986	670	3031	265	0	69
66	Solution - 21986	670	3031	265	0	69
67	Solution - 21986	670	3031	265	0	69
68	Solution - 21986	670	3031	265	0	69
69	Solution - 21986	670	3031	265	0	69
70	Solution - 21986	670	3031	265	0	69
71	Solution - 21986	670	3031	265	0	69
72	Solution - 21986	670	3031	265	0	69
73	Solution - 21986	670	3031	265	0	69
74	Solution - 21986	670	3031	265	0	69
75	Solution - 21986	670	3031	265	0	69
76	Solution - 21986	670	3031	265	0	69
77	Solution - 21986	670	3031	265	0	69
78	Solution - 21704	693	3091	256	0	70
79	Solution - 21704	693	3091	256	0	70
80	Solution - 21704	693	3091	256	0	70
81	Solution - 21704	693	3091	256	0	70
82	Solution - 21704	693	3091	256	0	70
83	Solution - 21704	693	3091	256	0	70
84	Solution - 21704	693	3091	256	0	70
85	Solution - 21704	693	3091	256	0	70
86	Solution - 21704	693	3091	256	0	70
87	Solution - 21704	693	3091	256	0	70
88	Solution - 21704	693	3091	256	0	70
89	Solution - 21704	693	3091	256	0	70
90	Solution - 21704	693	3091	256	0	70
91	Solution - 21704	693	3091	256	0	70
92	Solution - 21704	693	3091	256	0	70
93	Solution - 21704	693	3091	256	0	70
94	Solution - 21704	693	3091	256	0	70
95	Solution - 21704	693	3091	256	0	70
96	Solution - 21704	693	3091	256	0	70
97	Solution - 21704	693	3091	256	0	70
98	Solution - 21704	693	3091	256	0	70
99	Solution - 21704	693	3091	256	0	70
