0	Solution - 24100	695	3111	278	0	73
1	Solution - 24100	695	3111	278	0	73
2	Solution - 24100	695	3111	278	0	73
3	Solution - 24100	695	3111	278	0	73
4	Solution - 24100	695	3111	278	0	73
5	Solution - 24100	695	3111	278	0	73
6	Solution - 24100	695	3111	278	0	73
7	Solution - 24100	695	3111	278	0	73
8	Solution - 24100	695	3111	278	0	73
9	Solution - 24100	695	3111	278	0	73
10	Solution - 24100	695	3111	278	0	73
11	Solution - 24100	695	3111	278	0	73
12	Solution - 24100	695	3111	278	0	73
13	Solution - 24100	695	3111	278	0	73
14	Solution - 24100	695	3111	278	0	73
15	Solution - 24100	695	3111	278	0	73
16	Solution - 24100	695	3111	278	0	73
17	Solution - 24100	695	3111	278	0	73
18	Solution - 24100	695	3111	278	0	73
19	Solution - 24100	695	3111	278	0	73
20	Solution - 24100	695	3111	278	0	73
21	Solution - 24100	695	3111	278	0	73
22	Solution - 24100	695	3111	278	0	73
23	Solution - 24100	695	3111	278	0	73
24	Solution - 24100	695	3111	278	0	73
25	Solution - 24059	678	3049	299	0	68
26	Solution - 24059	678	3049	299	0	68
27	Solution - 24059	678	3049	299	0	68
28	Solution - 24059	678	3049	299	0	68
29	Solution - 24059	678	3049	299	0	68
30	Solution - 24059	678	3049	299	0	68
31	Solution - 24059	678	3049	299	0	68
32	Solution - 23321	698	3107	287	1	68
33	Solution - 23321	698	3107	287	1	68
34	Solution - 23321	698	3107	287	1	68
35	Solution - 23321	698	3107	287	1	68
36	Solution - 23321	698	3107	287	1	68
37	Solution - 23321	698	3107	287	1	68
38	Solution - 23321	698	3107	287	1	68
39	Solution - 23321	698	3107	287	1	68
40	Solution - 23321	698	3107	287	1	68
41	Solution - 23321	698	3107	287	1	68
42	Solution - 22565	683	3067	265	0	71
43	Solution - 22565	683	3067	265	0	71
44	Solution - 22565	683	3067	265	0	71
45	Solution - 22565	683	3067	265	0	71
46	Solution - 22565	683	3067	265	0	71
47	Solution - 22565	683	3067	265	0	71
48	Solution - 22565	683	3067	265	0	71
49	Solution - 22565	683	3067	265	0	71
50	Solution - 22565	683	3067	265	0	71
51	Solution - 22565	683	3067	265	0	71
52	Solution - 22565	683	3067	265	0	71
53	Solution - 22565	683	3067	265	0	71
54	Solution - 22565	683	3067	265	0	71
55	Solution - 22565	683	3067	265	0	71
56	Solution - 22565	683	3067	265	0	71
57	Solution - 22565	683	3067	265	0	71
58	Solution - 22565	683	3067	265	0	71
59	Solution - 22565	683	3067	265	0	71
60	Solution - 22565	683	3067	265	0	71
61	Solution - 22565	683	3067	265	0	71
62	Solution - 22565	683	3067	265	0	71
63	Solution - 22565	683	3067	265	0	71
64	Solution - 22565	683	3067	265	0	71
65	Solution - 22565	683	3067	265	0	71
66	Solution - 22565	683	3067	265	0	71
67	Solution - 22565	683	3067	265	0	71
68	Solution - 22437	677	3070	267	0	70
69	Solution - 22437	677	3070	267	0	70
70	Solution - 22437	677	3070	267	0	70
71	Solution - 22437	677	3070	267	0	70
72	Solution - 22437	677	3070	267	0	70
73	Solution - 22437	677	3070	267	0	70
74	Solution - 22437	677	3070	267	0	70
75	Solution - 22437	677	3070	267	0	70
76	Solution - 22437	677	3070	267	0	70
77	Solution - 22437	677	3070	267	0	70
78	Solution - 22437	677	3070	267	0	70
79	Solution - 22437	677	3070	267	0	70
80	Solution - 22437	677	3070	267	0	70
81	Solution - 22437	677	3070	267	0	70
82	Solution - 22437	677	3070	267	0	70
83	Solution - 22437	677	3070	267	0	70
84	Solution - 22437	677	3070	267	0	70
85	Solution - 22437	677	3070	267	0	70
86	Solution - 22437	677	3070	267	0	70
87	Solution - 22437	677	3070	267	0	70
88	Solution - 22437	677	3070	267	0	70
89	Solution - 22437	677	3070	267	0	70
90	Solution - 22437	677	3070	267	0	70
91	Solution - 22437	677	3070	267	0	70
92	Solution - 22437	677	3070	267	0	70
93	Solution - 22437	677	3070	267	0	70
94	Solution - 22437	677	3070	267	0	70
95	Solution - 22437	677	3070	267	0	70
96	Solution - 22437	677	3070	267	0	70
97	Solution - 22437	677	3070	267	0	70
98	Solution - 22437	677	3070	267	0	70
99	Solution - 22437	677	3070	267	0	70
