27275
23709
23709
23709
23709
23709
23709
23709
23709
23709
23709
23709
23709
23709
23709
23709
23709
23709
23709
23709
23709
23709
23709
23709
23709
23709
23709
23709
23709
23709
23709
23709
23709
23709
23709
23709
23709
23709
23709
23709
23228
23228
23228
23228
23228
23228
23228
23228
23228
23228
21289
21289
21289
21289
21289
21289
21289
21289
21289
21289
21289
21289
21289
21289
21289
21289
21289
21289
21289
21289
21289
21289
21289
21289
21289
21289
21289
21289
21289
21289
21289
21289
21289
21289
20530
20530
20530
20530
20530
20530
20530
20530
20530
20530
20530
20530
20530
20530
20530
20530
