0	Solution - 27966	690	3126	350	0	69
1	Solution - 26609	671	3022	337	0	68
2	Solution - 26609	671	3022	337	0	68
3	Solution - 24837	694	3119	292	0	72
4	Solution - 22454	670	3016	272	0	69
5	Solution - 22454	670	3016	272	0	69
6	Solution - 22454	670	3016	272	0	69
7	Solution - 22454	670	3016	272	0	69
8	Solution - 22454	670	3016	272	0	69
9	Solution - 22454	670	3016	272	0	69
10	Solution - 22454	670	3016	272	0	69
11	Solution - 22454	670	3016	272	0	69
12	Solution - 22454	670	3016	272	0	69
13	Solution - 22454	670	3016	272	0	69
14	Solution - 22454	670	3016	272	0	69
15	Solution - 22454	670	3016	272	0	69
16	Solution - 22454	670	3016	272	0	69
17	Solution - 22454	670	3016	272	0	69
18	Solution - 22454	670	3016	272	0	69
19	Solution - 21965	677	3041	257	0	71
20	Solution - 21965	677	3041	257	0	71
21	Solution - 21965	677	3041	257	0	71
22	Solution - 21965	677	3041	257	0	71
23	Solution - 21965	677	3041	257	0	71
24	Solution - 21965	677	3041	257	0	71
25	Solution - 21965	677	3041	257	0	71
26	Solution - 21965	677	3041	257	0	71
27	Solution - 21965	677	3041	257	0	71
28	Solution - 21965	677	3041	257	0	71
29	Solution - 21965	677	3041	257	0	71
30	Solution - 21965	677	3041	257	0	71
31	Solution - 21965	677	3041	257	0	71
32	Solution - 21965	677	3041	257	0	71
33	Solution - 21965	677	3041	257	0	71
34	Solution - 21965	677	3041	257	0	71
35	Solution - 21965	677	3041	257	0	71
36	Solution - 21965	677	3041	257	0	71
37	Solution - 21965	677	3041	257	0	71
38	Solution - 21965	677	3041	257	0	71
39	Solution - 21965	677	3041	257	0	71
40	Solution - 21965	677	3041	257	0	71
41	Solution - 21965	677	3041	257	0	71
42	Solution - 21965	677	3041	257	0	71
43	Solution - 21965	677	3041	257	0	71
44	Solution - 21965	677	3041	257	0	71
45	Solution - 21965	677	3041	257	0	71
46	Solution - 21965	677	3041	257	0	71
47	Solution - 21965	677	3041	257	0	71
48	Solution - 21965	677	3041	257	0	71
49	Solution - 21965	677	3041	257	0	71
50	Solution - 21965	677	3041	257	0	71
51	Solution - 21965	677	3041	257	0	71
52	Solution - 21965	677	3041	257	0	71
53	Solution - 21965	677	3041	257	0	71
54	Solution - 21965	677	3041	257	0	71
55	Solution - 21965	677	3041	257	0	71
56	Solution - 21965	677	3041	257	0	71
57	Solution - 21965	677	3041	257	0	71
58	Solution - 21965	677	3041	257	0	71
59	Solution - 21965	677	3041	257	0	71
60	Solution - 21965	677	3041	257	0	71
61	Solution - 21965	677	3041	257	0	71
62	Solution - 21965	677	3041	257	0	71
63	Solution - 21965	677	3041	257	0	71
64	Solution - 21965	677	3041	257	0	71
65	Solution - 21965	677	3041	257	0	71
66	Solution - 21965	677	3041	257	0	71
67	Solution - 21965	677	3041	257	0	71
68	Solution - 21965	677	3041	257	0	71
69	Solution - 21965	677	3041	257	0	71
70	Solution - 21965	677	3041	257	0	71
71	Solution - 21965	677	3041	257	0	71
72	Solution - 21965	677	3041	257	0	71
73	Solution - 21965	677	3041	257	0	71
74	Solution - 21965	677	3041	257	0	71
75	Solution - 21965	677	3041	257	0	71
76	Solution - 21965	677	3041	257	0	71
77	Solution - 21965	677	3041	257	0	71
78	Solution - 21965	677	3041	257	0	71
79	Solution - 21965	677	3041	257	0	71
80	Solution - 21965	677	3041	257	0	71
81	Solution - 21965	677	3041	257	0	71
82	Solution - 21965	677	3041	257	0	71
83	Solution - 21965	677	3041	257	0	71
84	Solution - 21965	677	3041	257	0	71
85	Solution - 21965	677	3041	257	0	71
86	Solution - 21965	677	3041	257	0	71
87	Solution - 21965	677	3041	257	0	71
88	Solution - 21965	677	3041	257	0	71
89	Solution - 21965	677	3041	257	0	71
90	Solution - 21965	677	3041	257	0	71
91	Solution - 21965	677	3041	257	0	71
92	Solution - 21965	677	3041	257	0	71
93	Solution - 21965	677	3041	257	0	71
94	Solution - 21965	677	3041	257	0	71
95	Solution - 21965	677	3041	257	0	71
96	Solution - 21965	677	3041	257	0	71
97	Solution - 21965	677	3041	257	0	71
98	Solution - 21965	677	3041	257	0	71
99	Solution - 21965	677	3041	257	0	71
