27912
27453
26362
26362
23257
23028
23028
23028
23028
23028
23028
23028
23028
23028
23028
23028
23028
23028
23028
23028
23028
23028
23028
23028
23028
23028
23028
23028
23028
23028
23028
23028
23028
23028
23028
23028
23028
23028
23028
23028
23028
23028
23028
23028
23028
23028
23028
23028
23028
22126
22126
22126
22126
22126
22126
22126
22126
22126
22126
22126
22126
22126
22126
22126
22126
22126
22126
22126
22126
22126
22126
22126
22126
22126
22126
22126
22126
22126
22126
22126
22126
22126
22126
22126
22126
22126
22126
22126
22126
22126
22126
22126
22126
22126
22126
22126
22126
22126
22126
22126
