30337
28193
28193
23059
23059
23059
23059
23059
23059
23059
23059
23059
23059
23059
23059
23059
23059
22162
22162
22162
22162
22162
22162
22162
22162
22162
22162
22162
22162
22162
22162
22162
22162
21791
21791
21791
21791
21791
21791
21791
21791
21791
21791
21791
21791
21791
21791
21791
21791
21791
21791
21791
21791
21791
21791
21791
21791
21791
21791
21791
21791
21791
21791
21791
21791
21791
21791
21791
21791
21791
21791
21791
21791
21791
21791
21791
21791
21791
21791
21791
21791
21791
21791
21791
21791
21791
21791
21791
21791
21791
21791
21791
21791
21791
21791
21791
21791
21791
21791
21791
