0	Solution - 26416	708	3172	313	0	72
1	Solution - 24640	692	3145	293	0	71
2	Solution - 24640	692	3145	293	0	71
3	Solution - 24640	692	3145	293	0	71
4	Solution - 24640	692	3145	293	0	71
5	Solution - 24640	692	3145	293	0	71
6	Solution - 24640	692	3145	293	0	71
7	Solution - 24640	692	3145	293	0	71
8	Solution - 24640	692	3145	293	0	71
9	Solution - 24640	692	3145	293	0	71
10	Solution - 22426	690	3106	270	0	69
11	Solution - 22426	690	3106	270	0	69
12	Solution - 22426	690	3106	270	0	69
13	Solution - 22426	690	3106	270	0	69
14	Solution - 22426	690	3106	270	0	69
15	Solution - 22426	690	3106	270	0	69
16	Solution - 22426	690	3106	270	0	69
17	Solution - 21410	686	3084	252	0	70
18	Solution - 21410	686	3084	252	0	70
19	Solution - 21410	686	3084	252	0	70
20	Solution - 21410	686	3084	252	0	70
21	Solution - 21410	686	3084	252	0	70
22	Solution - 21410	686	3084	252	0	70
23	Solution - 21410	686	3084	252	0	70
24	Solution - 21410	686	3084	252	0	70
25	Solution - 21410	686	3084	252	0	70
26	Solution - 21410	686	3084	252	0	70
27	Solution - 21410	686	3084	252	0	70
28	Solution - 21410	686	3084	252	0	70
29	Solution - 21410	686	3084	252	0	70
30	Solution - 21410	686	3084	252	0	70
31	Solution - 21410	686	3084	252	0	70
32	Solution - 21410	686	3084	252	0	70
33	Solution - 21410	686	3084	252	0	70
34	Solution - 21410	686	3084	252	0	70
35	Solution - 21410	686	3084	252	0	70
36	Solution - 21410	686	3084	252	0	70
37	Solution - 21410	686	3084	252	0	70
38	Solution - 21410	686	3084	252	0	70
39	Solution - 21410	686	3084	252	0	70
40	Solution - 21410	686	3084	252	0	70
41	Solution - 21410	686	3084	252	0	70
42	Solution - 21410	686	3084	252	0	70
43	Solution - 21410	686	3084	252	0	70
44	Solution - 21410	686	3084	252	0	70
45	Solution - 21410	686	3084	252	0	70
46	Solution - 21410	686	3084	252	0	70
47	Solution - 21410	686	3084	252	0	70
48	Solution - 21410	686	3084	252	0	70
49	Solution - 21410	686	3084	252	0	70
50	Solution - 21410	686	3084	252	0	70
51	Solution - 21410	686	3084	252	0	70
52	Solution - 21410	686	3084	252	0	70
53	Solution - 21410	686	3084	252	0	70
54	Solution - 21410	686	3084	252	0	70
55	Solution - 21410	686	3084	252	0	70
56	Solution - 21410	686	3084	252	0	70
57	Solution - 21410	686	3084	252	0	70
58	Solution - 21410	686	3084	252	0	70
59	Solution - 21410	686	3084	252	0	70
60	Solution - 21410	686	3084	252	0	70
61	Solution - 21410	686	3084	252	0	70
62	Solution - 21410	686	3084	252	0	70
63	Solution - 21410	686	3084	252	0	70
64	Solution - 21410	686	3084	252	0	70
65	Solution - 21410	686	3084	252	0	70
66	Solution - 21410	686	3084	252	0	70
67	Solution - 21410	686	3084	252	0	70
68	Solution - 21410	686	3084	252	0	70
69	Solution - 21410	686	3084	252	0	70
70	Solution - 21410	686	3084	252	0	70
71	Solution - 21410	686	3084	252	0	70
72	Solution - 21410	686	3084	252	0	70
73	Solution - 21410	686	3084	252	0	70
74	Solution - 21410	686	3084	252	0	70
75	Solution - 21410	686	3084	252	0	70
76	Solution - 21410	686	3084	252	0	70
77	Solution - 21410	686	3084	252	0	70
78	Solution - 21410	686	3084	252	0	70
79	Solution - 21410	686	3084	252	0	70
80	Solution - 21410	686	3084	252	0	70
81	Solution - 21410	686	3084	252	0	70
82	Solution - 21410	686	3084	252	0	70
83	Solution - 21410	686	3084	252	0	70
84	Solution - 21410	686	3084	252	0	70
85	Solution - 21410	686	3084	252	0	70
86	Solution - 21410	686	3084	252	0	70
87	Solution - 21410	686	3084	252	0	70
88	Solution - 21410	686	3084	252	0	70
89	Solution - 21410	686	3084	252	0	70
90	Solution - 21410	686	3084	252	0	70
91	Solution - 21410	686	3084	252	0	70
92	Solution - 21410	686	3084	252	0	70
93	Solution - 21410	686	3084	252	0	70
94	Solution - 21410	686	3084	252	0	70
95	Solution - 21410	686	3084	252	0	70
96	Solution - 21410	686	3084	252	0	70
97	Solution - 21410	686	3084	252	0	70
98	Solution - 21410	686	3084	252	0	70
99	Solution - 20341	660	2996	235	0	71
