0	Solution - 22601	688	3098	265	0	71
1	Solution - 22601	688	3098	265	0	71
2	Solution - 22601	688	3098	265	0	71
3	Solution - 19977	683	3079	235	0	69
4	Solution - 19977	683	3079	235	0	69
5	Solution - 19977	683	3079	235	0	69
6	Solution - 19977	683	3079	235	0	69
7	Solution - 19977	683	3079	235	0	69
8	Solution - 19977	683	3079	235	0	69
9	Solution - 19977	683	3079	235	0	69
10	Solution - 19977	683	3079	235	0	69
11	Solution - 19977	683	3079	235	0	69
12	Solution - 19977	683	3079	235	0	69
13	Solution - 19977	683	3079	235	0	69
14	Solution - 19977	683	3079	235	0	69
15	Solution - 19977	683	3079	235	0	69
16	Solution - 19977	683	3079	235	0	69
17	Solution - 19977	683	3079	235	0	69
18	Solution - 19977	683	3079	235	0	69
19	Solution - 19977	683	3079	235	0	69
20	Solution - 19977	683	3079	235	0	69
21	Solution - 19977	683	3079	235	0	69
22	Solution - 19977	683	3079	235	0	69
23	Solution - 19977	683	3079	235	0	69
24	Solution - 19977	683	3079	235	0	69
25	Solution - 19977	683	3079	235	0	69
26	Solution - 19977	683	3079	235	0	69
27	Solution - 19977	683	3079	235	0	69
28	Solution - 19977	683	3079	235	0	69
29	Solution - 19977	683	3079	235	0	69
30	Solution - 19977	683	3079	235	0	69
31	Solution - 19977	683	3079	235	0	69
32	Solution - 19977	683	3079	235	0	69
33	Solution - 19977	683	3079	235	0	69
34	Solution - 19977	683	3079	235	0	69
35	Solution - 19977	683	3079	235	0	69
36	Solution - 19977	683	3079	235	0	69
37	Solution - 19977	683	3079	235	0	69
38	Solution - 19977	683	3079	235	0	69
39	Solution - 19977	683	3079	235	0	69
40	Solution - 19977	683	3079	235	0	69
41	Solution - 19977	683	3079	235	0	69
42	Solution - 19977	683	3079	235	0	69
43	Solution - 19977	683	3079	235	0	69
44	Solution - 19977	683	3079	235	0	69
45	Solution - 19977	683	3079	235	0	69
46	Solution - 19977	683	3079	235	0	69
47	Solution - 19977	683	3079	235	0	69
48	Solution - 19977	683	3079	235	0	69
49	Solution - 19977	683	3079	235	0	69
50	Solution - 19977	683	3079	235	0	69
51	Solution - 19977	683	3079	235	0	69
52	Solution - 19977	683	3079	235	0	69
53	Solution - 19977	683	3079	235	0	69
54	Solution - 19977	683	3079	235	0	69
55	Solution - 19977	683	3079	235	0	69
56	Solution - 19977	683	3079	235	0	69
57	Solution - 19977	683	3079	235	0	69
58	Solution - 19977	683	3079	235	0	69
59	Solution - 19977	683	3079	235	0	69
60	Solution - 19977	683	3079	235	0	69
61	Solution - 19977	683	3079	235	0	69
62	Solution - 19977	683	3079	235	0	69
63	Solution - 19977	683	3079	235	0	69
64	Solution - 19977	683	3079	235	0	69
65	Solution - 19977	683	3079	235	0	69
66	Solution - 19977	683	3079	235	0	69
67	Solution - 19977	683	3079	235	0	69
68	Solution - 19977	683	3079	235	0	69
69	Solution - 19977	683	3079	235	0	69
70	Solution - 19977	683	3079	235	0	69
71	Solution - 19977	683	3079	235	0	69
72	Solution - 19977	683	3079	235	0	69
73	Solution - 19977	683	3079	235	0	69
74	Solution - 19977	683	3079	235	0	69
75	Solution - 19977	683	3079	235	0	69
76	Solution - 19977	683	3079	235	0	69
77	Solution - 19977	683	3079	235	0	69
78	Solution - 19977	683	3079	235	0	69
79	Solution - 19977	683	3079	235	0	69
80	Solution - 19977	683	3079	235	0	69
81	Solution - 19977	683	3079	235	0	69
82	Solution - 19977	683	3079	235	0	69
83	Solution - 19977	683	3079	235	0	69
84	Solution - 19977	683	3079	235	0	69
85	Solution - 19977	683	3079	235	0	69
86	Solution - 19977	683	3079	235	0	69
87	Solution - 19977	683	3079	235	0	69
88	Solution - 19977	683	3079	235	0	69
89	Solution - 19977	683	3079	235	0	69
90	Solution - 19977	683	3079	235	0	69
91	Solution - 19977	683	3079	235	0	69
92	Solution - 19977	683	3079	235	0	69
93	Solution - 19977	683	3079	235	0	69
94	Solution - 19977	683	3079	235	0	69
95	Solution - 19977	683	3079	235	0	69
96	Solution - 19977	683	3079	235	0	69
97	Solution - 19977	683	3079	235	0	69
98	Solution - 19977	683	3079	235	0	69
99	Solution - 19977	683	3079	235	0	69
