0	Solution - 27033	708	3205	340	0	68
1	Solution - 27033	708	3205	340	0	68
2	Solution - 27033	708	3205	340	0	68
3	Solution - 22517	674	3028	265	0	71
4	Solution - 22517	674	3028	265	0	71
5	Solution - 22517	674	3028	265	0	71
6	Solution - 22517	674	3028	265	0	71
7	Solution - 22517	674	3028	265	0	71
8	Solution - 22517	674	3028	265	0	71
9	Solution - 22517	674	3028	265	0	71
10	Solution - 22517	674	3028	265	0	71
11	Solution - 22517	674	3028	265	0	71
12	Solution - 22517	674	3028	265	0	71
13	Solution - 22517	674	3028	265	0	71
14	Solution - 22517	674	3028	265	0	71
15	Solution - 22517	674	3028	265	0	71
16	Solution - 22517	674	3028	265	0	71
17	Solution - 22517	674	3028	265	0	71
18	Solution - 22517	674	3028	265	0	71
19	Solution - 22517	674	3028	265	0	71
20	Solution - 22517	674	3028	265	0	71
21	Solution - 22517	674	3028	265	0	71
22	Solution - 22517	674	3028	265	0	71
23	Solution - 22517	674	3028	265	0	71
24	Solution - 22517	674	3028	265	0	71
25	Solution - 22377	683	3074	266	0	70
26	Solution - 22377	683	3074	266	0	70
27	Solution - 22377	683	3074	266	0	70
28	Solution - 22377	683	3074	266	0	70
29	Solution - 22377	683	3074	266	0	70
30	Solution - 22377	683	3074	266	0	70
31	Solution - 22377	683	3074	266	0	70
32	Solution - 22377	683	3074	266	0	70
33	Solution - 22377	683	3074	266	0	70
34	Solution - 22377	683	3074	266	0	70
35	Solution - 22377	683	3074	266	0	70
36	Solution - 22377	683	3074	266	0	70
37	Solution - 22377	683	3074	266	0	70
38	Solution - 22377	683	3074	266	0	70
39	Solution - 22377	683	3074	266	0	70
40	Solution - 22377	683	3074	266	0	70
41	Solution - 22377	683	3074	266	0	70
42	Solution - 22377	683	3074	266	0	70
43	Solution - 22377	683	3074	266	0	70
44	Solution - 22377	683	3074	266	0	70
45	Solution - 22377	683	3074	266	0	70
46	Solution - 22377	683	3074	266	0	70
47	Solution - 22377	683	3074	266	0	70
48	Solution - 22377	683	3074	266	0	70
49	Solution - 22029	697	3108	268	0	68
50	Solution - 22029	697	3108	268	0	68
51	Solution - 22029	697	3108	268	0	68
52	Solution - 22029	697	3108	268	0	68
53	Solution - 22029	697	3108	268	0	68
54	Solution - 22029	697	3108	268	0	68
55	Solution - 22029	697	3108	268	0	68
56	Solution - 22029	697	3108	268	0	68
57	Solution - 22029	697	3108	268	0	68
58	Solution - 22029	697	3108	268	0	68
59	Solution - 22029	697	3108	268	0	68
60	Solution - 22029	697	3108	268	0	68
61	Solution - 22029	697	3108	268	0	68
62	Solution - 22029	697	3108	268	0	68
63	Solution - 22029	697	3108	268	0	68
64	Solution - 22029	697	3108	268	0	68
65	Solution - 22029	697	3108	268	0	68
66	Solution - 22029	697	3108	268	0	68
67	Solution - 22029	697	3108	268	0	68
68	Solution - 22029	697	3108	268	0	68
69	Solution - 22029	697	3108	268	0	68
70	Solution - 22029	697	3108	268	0	68
71	Solution - 21339	678	3066	255	0	69
72	Solution - 21339	678	3066	255	0	69
73	Solution - 21339	678	3066	255	0	69
74	Solution - 21339	678	3066	255	0	69
75	Solution - 21339	678	3066	255	0	69
76	Solution - 21339	678	3066	255	0	69
77	Solution - 21339	678	3066	255	0	69
78	Solution - 21339	678	3066	255	0	69
79	Solution - 21339	678	3066	255	0	69
80	Solution - 21339	678	3066	255	0	69
81	Solution - 21339	678	3066	255	0	69
82	Solution - 20227	655	2956	248	0	67
83	Solution - 20227	655	2956	248	0	67
84	Solution - 20227	655	2956	248	0	67
85	Solution - 20227	655	2956	248	0	67
86	Solution - 20227	655	2956	248	0	67
87	Solution - 20227	655	2956	248	0	67
88	Solution - 20227	655	2956	248	0	67
89	Solution - 20227	655	2956	248	0	67
90	Solution - 20227	655	2956	248	0	67
91	Solution - 20227	655	2956	248	0	67
92	Solution - 20227	655	2956	248	0	67
93	Solution - 20227	655	2956	248	0	67
94	Solution - 20227	655	2956	248	0	67
95	Solution - 20227	655	2956	248	0	67
96	Solution - 20227	655	2956	248	0	67
97	Solution - 20227	655	2956	248	0	67
98	Solution - 20227	655	2956	248	0	67
99	Solution - 20227	655	2956	248	0	67
