0	Solution - 30337	704	3150	373	0	71
1	Solution - 28193	683	3080	349	0	70
2	Solution - 28193	683	3080	349	0	70
3	Solution - 23059	683	3080	268	0	72
4	Solution - 23059	683	3080	268	0	72
5	Solution - 23059	683	3080	268	0	72
6	Solution - 23059	683	3080	268	0	72
7	Solution - 23059	683	3080	268	0	72
8	Solution - 23059	683	3080	268	0	72
9	Solution - 23059	683	3080	268	0	72
10	Solution - 23059	683	3080	268	0	72
11	Solution - 23059	683	3080	268	0	72
12	Solution - 23059	683	3080	268	0	72
13	Solution - 23059	683	3080	268	0	72
14	Solution - 23059	683	3080	268	0	72
15	Solution - 23059	683	3080	268	0	72
16	Solution - 23059	683	3080	268	0	72
17	Solution - 22162	693	3080	259	0	71
18	Solution - 22162	693	3080	259	0	71
19	Solution - 22162	693	3080	259	0	71
20	Solution - 22162	693	3080	259	0	71
21	Solution - 22162	693	3080	259	0	71
22	Solution - 22162	693	3080	259	0	71
23	Solution - 22162	693	3080	259	0	71
24	Solution - 22162	693	3080	259	0	71
25	Solution - 22162	693	3080	259	0	71
26	Solution - 22162	693	3080	259	0	71
27	Solution - 22162	693	3080	259	0	71
28	Solution - 22162	693	3080	259	0	71
29	Solution - 22162	693	3080	259	0	71
30	Solution - 22162	693	3080	259	0	71
31	Solution - 22162	693	3080	259	0	71
32	Solution - 22162	693	3080	259	0	71
33	Solution - 21791	686	3082	269	0	67
34	Solution - 21791	686	3082	269	0	67
35	Solution - 21791	686	3082	269	0	67
36	Solution - 21791	686	3082	269	0	67
37	Solution - 21791	686	3082	269	0	67
38	Solution - 21791	686	3082	269	0	67
39	Solution - 21791	686	3082	269	0	67
40	Solution - 21791	686	3082	269	0	67
41	Solution - 21791	686	3082	269	0	67
42	Solution - 21791	686	3082	269	0	67
43	Solution - 21791	686	3082	269	0	67
44	Solution - 21791	686	3082	269	0	67
45	Solution - 21791	686	3082	269	0	67
46	Solution - 21791	686	3082	269	0	67
47	Solution - 21791	686	3082	269	0	67
48	Solution - 21791	686	3082	269	0	67
49	Solution - 21791	686	3082	269	0	67
50	Solution - 21791	686	3082	269	0	67
51	Solution - 21791	686	3082	269	0	67
52	Solution - 21791	686	3082	269	0	67
53	Solution - 21791	686	3082	269	0	67
54	Solution - 21791	686	3082	269	0	67
55	Solution - 21791	686	3082	269	0	67
56	Solution - 21791	686	3082	269	0	67
57	Solution - 21791	686	3082	269	0	67
58	Solution - 21791	686	3082	269	0	67
59	Solution - 21791	686	3082	269	0	67
60	Solution - 21791	686	3082	269	0	67
61	Solution - 21791	686	3082	269	0	67
62	Solution - 21791	686	3082	269	0	67
63	Solution - 21791	686	3082	269	0	67
64	Solution - 21791	686	3082	269	0	67
65	Solution - 21791	686	3082	269	0	67
66	Solution - 21791	686	3082	269	0	67
67	Solution - 21791	686	3082	269	0	67
68	Solution - 21791	686	3082	269	0	67
69	Solution - 21791	686	3082	269	0	67
70	Solution - 21791	686	3082	269	0	67
71	Solution - 21791	686	3082	269	0	67
72	Solution - 21791	686	3082	269	0	67
73	Solution - 21791	686	3082	269	0	67
74	Solution - 21791	686	3082	269	0	67
75	Solution - 21791	686	3082	269	0	67
76	Solution - 21791	686	3082	269	0	67
77	Solution - 21791	686	3082	269	0	67
78	Solution - 21791	686	3082	269	0	67
79	Solution - 21791	686	3082	269	0	67
80	Solution - 21791	686	3082	269	0	67
81	Solution - 21791	686	3082	269	0	67
82	Solution - 21791	686	3082	269	0	67
83	Solution - 21791	686	3082	269	0	67
84	Solution - 21791	686	3082	269	0	67
85	Solution - 21791	686	3082	269	0	67
86	Solution - 21791	686	3082	269	0	67
87	Solution - 21791	686	3082	269	0	67
88	Solution - 21791	686	3082	269	0	67
89	Solution - 21791	686	3082	269	0	67
90	Solution - 21791	686	3082	269	0	67
91	Solution - 21791	686	3082	269	0	67
92	Solution - 21791	686	3082	269	0	67
93	Solution - 21791	686	3082	269	0	67
94	Solution - 21791	686	3082	269	0	67
95	Solution - 21791	686	3082	269	0	67
96	Solution - 21791	686	3082	269	0	67
97	Solution - 21791	686	3082	269	0	67
98	Solution - 21791	686	3082	269	0	67
99	Solution - 21791	686	3082	269	0	67
