25501
23711
23711
23711
23711
23711
23711
23711
23711
23711
23711
23711
21927
21927
21927
21927
21927
21927
21927
21927
21804
21804
21742
21742
21742
21742
21742
21742
21742
21742
21742
21742
21742
21742
21742
21742
21742
21742
21742
21742
21077
21077
21077
21077
21077
21077
21077
21077
21077
21077
21077
21077
21077
21077
21077
21077
21077
21077
21077
21077
21077
21077
21077
21077
21077
21077
21077
21077
21077
21077
21077
21077
21077
21077
21077
21077
21077
21077
21077
21077
21077
21077
21077
21077
21077
21077
21077
21077
21077
21077
21077
21077
21077
21077
21077
19968
19968
19968
19968
19968
