0	Solution - 26922	703	3179	320	0	72
1	Solution - 26922	703	3179	320	0	72
2	Solution - 26922	703	3179	320	0	72
3	Solution - 23779	672	3028	291	0	69
4	Solution - 23779	672	3028	291	0	69
5	Solution - 23012	672	3020	280	0	69
6	Solution - 23012	672	3020	280	0	69
7	Solution - 23012	672	3020	280	0	69
8	Solution - 23012	672	3020	280	0	69
9	Solution - 23012	672	3020	280	0	69
10	Solution - 23012	672	3020	280	0	69
11	Solution - 23012	672	3020	280	0	69
12	Solution - 23012	672	3020	280	0	69
13	Solution - 23012	672	3020	280	0	69
14	Solution - 23012	672	3020	280	0	69
15	Solution - 23012	672	3020	280	0	69
16	Solution - 23012	672	3020	280	0	69
17	Solution - 23012	672	3020	280	0	69
18	Solution - 23012	672	3020	280	0	69
19	Solution - 23012	672	3020	280	0	69
20	Solution - 23012	672	3020	280	0	69
21	Solution - 23012	672	3020	280	0	69
22	Solution - 23012	672	3020	280	0	69
23	Solution - 23012	672	3020	280	0	69
24	Solution - 23012	672	3020	280	0	69
25	Solution - 23012	672	3020	280	0	69
26	Solution - 23012	672	3020	280	0	69
27	Solution - 23012	672	3020	280	0	69
28	Solution - 23012	672	3020	280	0	69
29	Solution - 23012	672	3020	280	0	69
30	Solution - 23012	672	3020	280	0	69
31	Solution - 23012	672	3020	280	0	69
32	Solution - 23012	672	3020	280	0	69
33	Solution - 23012	672	3020	280	0	69
34	Solution - 23012	672	3020	280	0	69
35	Solution - 23012	672	3020	280	0	69
36	Solution - 23012	672	3020	280	0	69
37	Solution - 23012	672	3020	280	0	69
38	Solution - 23012	672	3020	280	0	69
39	Solution - 23012	672	3020	280	0	69
40	Solution - 23012	672	3020	280	0	69
41	Solution - 23012	672	3020	280	0	69
42	Solution - 23012	672	3020	280	0	69
43	Solution - 23012	672	3020	280	0	69
44	Solution - 23012	672	3020	280	0	69
45	Solution - 23012	672	3020	280	0	69
46	Solution - 23012	672	3020	280	0	69
47	Solution - 23012	672	3020	280	0	69
48	Solution - 23012	672	3020	280	0	69
49	Solution - 23012	672	3020	280	0	69
50	Solution - 23012	672	3020	280	0	69
51	Solution - 23012	672	3020	280	0	69
52	Solution - 23012	672	3020	280	0	69
53	Solution - 23012	672	3020	280	0	69
54	Solution - 23012	672	3020	280	0	69
55	Solution - 23012	672	3020	280	0	69
56	Solution - 23012	672	3020	280	0	69
57	Solution - 23012	672	3020	280	0	69
58	Solution - 23012	672	3020	280	0	69
59	Solution - 23012	672	3020	280	0	69
60	Solution - 21747	683	3074	257	0	70
61	Solution - 21747	683	3074	257	0	70
62	Solution - 21747	683	3074	257	0	70
63	Solution - 21747	683	3074	257	0	70
64	Solution - 21747	683	3074	257	0	70
65	Solution - 21747	683	3074	257	0	70
66	Solution - 21747	683	3074	257	0	70
67	Solution - 21747	683	3074	257	0	70
68	Solution - 21747	683	3074	257	0	70
69	Solution - 21747	683	3074	257	0	70
70	Solution - 21747	683	3074	257	0	70
71	Solution - 21360	684	3064	259	0	68
72	Solution - 21360	684	3064	259	0	68
73	Solution - 21360	684	3064	259	0	68
74	Solution - 21360	684	3064	259	0	68
75	Solution - 21360	684	3064	259	0	68
76	Solution - 21360	684	3064	259	0	68
77	Solution - 21360	684	3064	259	0	68
78	Solution - 21360	684	3064	259	0	68
79	Solution - 21360	684	3064	259	0	68
80	Solution - 21360	684	3064	259	0	68
81	Solution - 21360	684	3064	259	0	68
82	Solution - 21360	684	3064	259	0	68
83	Solution - 21360	684	3064	259	0	68
84	Solution - 21360	684	3064	259	0	68
85	Solution - 21360	684	3064	259	0	68
86	Solution - 21360	684	3064	259	0	68
87	Solution - 21360	684	3064	259	0	68
88	Solution - 21360	684	3064	259	0	68
89	Solution - 21360	684	3064	259	0	68
90	Solution - 21360	684	3064	259	0	68
91	Solution - 21360	684	3064	259	0	68
92	Solution - 21360	684	3064	259	0	68
93	Solution - 21360	684	3064	259	0	68
94	Solution - 21360	684	3064	259	0	68
95	Solution - 21360	684	3064	259	0	68
96	Solution - 21360	684	3064	259	0	68
97	Solution - 21360	684	3064	259	0	68
98	Solution - 21360	684	3064	259	0	68
99	Solution - 21360	684	3064	259	0	68
