23243
23050
23050
23050
23050
23050
23050
23050
23050
23050
23050
23050
23050
23050
23050
22831
22831
22831
22831
22831
22831
22831
22306
22306
22306
22306
22306
22306
22306
22306
22306
22306
22306
22306
22306
22306
22306
22306
22306
22306
22306
22306
22306
22306
22306
22306
22306
22306
22306
22306
22306
22306
22306
22306
22306
22306
22306
22306
22306
22306
22306
22306
22306
22306
22306
22306
22306
22306
22306
22306
22306
22306
22306
20334
20334
20334
20334
20334
20334
20334
20334
20334
20334
20334
20334
20334
20334
20334
20334
20334
20334
20334
20334
20334
20334
20334
20334
20334
20334
20334
