26416
24640
24640
24640
24640
24640
24640
24640
24640
24640
22426
22426
22426
22426
22426
22426
22426
21410
21410
21410
21410
21410
21410
21410
21410
21410
21410
21410
21410
21410
21410
21410
21410
21410
21410
21410
21410
21410
21410
21410
21410
21410
21410
21410
21410
21410
21410
21410
21410
21410
21410
21410
21410
21410
21410
21410
21410
21410
21410
21410
21410
21410
21410
21410
21410
21410
21410
21410
21410
21410
21410
21410
21410
21410
21410
21410
21410
21410
21410
21410
21410
21410
21410
21410
21410
21410
21410
21410
21410
21410
21410
21410
21410
21410
21410
21410
21410
21410
21410
20341
