27966
26609
26609
24837
22454
22454
22454
22454
22454
22454
22454
22454
22454
22454
22454
22454
22454
22454
22454
21965
21965
21965
21965
21965
21965
21965
21965
21965
21965
21965
21965
21965
21965
21965
21965
21965
21965
21965
21965
21965
21965
21965
21965
21965
21965
21965
21965
21965
21965
21965
21965
21965
21965
21965
21965
21965
21965
21965
21965
21965
21965
21965
21965
21965
21965
21965
21965
21965
21965
21965
21965
21965
21965
21965
21965
21965
21965
21965
21965
21965
21965
21965
21965
21965
21965
21965
21965
21965
21965
21965
21965
21965
21965
21965
21965
21965
21965
21965
21965
21965
