0	Solution - 24163	691	3102	291	0	70
1	Solution - 24163	691	3102	291	0	70
2	Solution - 24163	691	3102	291	0	70
3	Solution - 24163	691	3102	291	0	70
4	Solution - 23902	668	3004	289	0	70
5	Solution - 23902	668	3004	289	0	70
6	Solution - 23902	668	3004	289	0	70
7	Solution - 23902	668	3004	289	0	70
8	Solution - 23902	668	3004	289	0	70
9	Solution - 23902	668	3004	289	0	70
10	Solution - 23215	686	3089	270	0	72
11	Solution - 23215	686	3089	270	0	72
12	Solution - 23215	686	3089	270	0	72
13	Solution - 23215	686	3089	270	0	72
14	Solution - 23215	686	3089	270	0	72
15	Solution - 23215	686	3089	270	0	72
16	Solution - 23215	686	3089	270	0	72
17	Solution - 23215	686	3089	270	0	72
18	Solution - 23215	686	3089	270	0	72
19	Solution - 23215	686	3089	270	0	72
20	Solution - 23215	686	3089	270	0	72
21	Solution - 23215	686	3089	270	0	72
22	Solution - 23215	686	3089	270	0	72
23	Solution - 23215	686	3089	270	0	72
24	Solution - 23215	686	3089	270	0	72
25	Solution - 23215	686	3089	270	0	72
26	Solution - 23215	686	3089	270	0	72
27	Solution - 23215	686	3089	270	0	72
28	Solution - 23215	686	3089	270	0	72
29	Solution - 23215	686	3089	270	0	72
30	Solution - 23215	686	3089	270	0	72
31	Solution - 23215	686	3089	270	0	72
32	Solution - 23215	686	3089	270	0	72
33	Solution - 23215	686	3089	270	0	72
34	Solution - 23215	686	3089	270	0	72
35	Solution - 23215	686	3089	270	0	72
36	Solution - 23215	686	3089	270	0	72
37	Solution - 23215	686	3089	270	0	72
38	Solution - 23215	686	3089	270	0	72
39	Solution - 23215	686	3089	270	0	72
40	Solution - 22049	690	3089	261	0	70
41	Solution - 22049	690	3089	261	0	70
42	Solution - 22049	690	3089	261	0	70
43	Solution - 22049	690	3089	261	0	70
44	Solution - 22049	690	3089	261	0	70
45	Solution - 22049	690	3089	261	0	70
46	Solution - 22049	690	3089	261	0	70
47	Solution - 22049	690	3089	261	0	70
48	Solution - 22049	690	3089	261	0	70
49	Solution - 22049	690	3089	261	0	70
50	Solution - 22049	690	3089	261	0	70
51	Solution - 22049	690	3089	261	0	70
52	Solution - 22049	690	3089	261	0	70
53	Solution - 22049	690	3089	261	0	70
54	Solution - 22049	690	3089	261	0	70
55	Solution - 19381	691	3096	226	1	69
56	Solution - 19381	691	3096	226	1	69
57	Solution - 19381	691	3096	226	1	69
58	Solution - 19381	691	3096	226	1	69
59	Solution - 19381	691	3096	226	1	69
60	Solution - 19381	691	3096	226	1	69
61	Solution - 19381	691	3096	226	1	69
62	Solution - 19381	691	3096	226	1	69
63	Solution - 19381	691	3096	226	1	69
64	Solution - 19381	691	3096	226	1	69
65	Solution - 19381	691	3096	226	1	69
66	Solution - 19381	691	3096	226	1	69
67	Solution - 19381	691	3096	226	1	69
68	Solution - 19381	691	3096	226	1	69
69	Solution - 19381	691	3096	226	1	69
70	Solution - 19381	691	3096	226	1	69
71	Solution - 19381	691	3096	226	1	69
72	Solution - 19381	691	3096	226	1	69
73	Solution - 19381	691	3096	226	1	69
74	Solution - 19381	691	3096	226	1	69
75	Solution - 19381	691	3096	226	1	69
76	Solution - 19381	691	3096	226	1	69
77	Solution - 19381	691	3096	226	1	69
78	Solution - 19381	691	3096	226	1	69
79	Solution - 19381	691	3096	226	1	69
80	Solution - 19381	691	3096	226	1	69
81	Solution - 19381	691	3096	226	1	69
82	Solution - 19381	691	3096	226	1	69
83	Solution - 19381	691	3096	226	1	69
84	Solution - 19381	691	3096	226	1	69
85	Solution - 19381	691	3096	226	1	69
86	Solution - 19381	691	3096	226	1	69
87	Solution - 19381	691	3096	226	1	69
88	Solution - 19381	691	3096	226	1	69
89	Solution - 19381	691	3096	226	1	69
90	Solution - 19381	691	3096	226	1	69
91	Solution - 19381	691	3096	226	1	69
92	Solution - 19381	691	3096	226	1	69
93	Solution - 19381	691	3096	226	1	69
94	Solution - 19381	691	3096	226	1	69
95	Solution - 19381	691	3096	226	1	69
96	Solution - 19381	691	3096	226	1	69
97	Solution - 19381	691	3096	226	1	69
98	Solution - 19381	691	3096	226	1	69
99	Solution - 19381	691	3096	226	1	69
