0	Solution - 29118	687	3091	362	0	70
1	Solution - 27742	693	3122	337	0	71
2	Solution - 27742	693	3122	337	0	71
3	Solution - 27742	693	3122	337	0	71
4	Solution - 24867	685	3068	306	0	69
5	Solution - 24867	685	3068	306	0	69
6	Solution - 24867	685	3068	306	0	69
7	Solution - 24867	685	3068	306	0	69
8	Solution - 24867	685	3068	306	0	69
9	Solution - 24867	685	3068	306	0	69
10	Solution - 24867	685	3068	306	0	69
11	Solution - 24867	685	3068	306	0	69
12	Solution - 22062	689	3088	265	0	69
13	Solution - 22062	689	3088	265	0	69
14	Solution - 22062	689	3088	265	0	69
15	Solution - 22062	689	3088	265	0	69
16	Solution - 22062	689	3088	265	0	69
17	Solution - 22062	689	3088	265	0	69
18	Solution - 20723	691	3112	235	0	72
19	Solution - 20723	691	3112	235	0	72
20	Solution - 20723	691	3112	235	0	72
21	Solution - 20723	691	3112	235	0	72
22	Solution - 20723	691	3112	235	0	72
23	Solution - 20723	691	3112	235	0	72
24	Solution - 20723	691	3112	235	0	72
25	Solution - 20723	691	3112	235	0	72
26	Solution - 20723	691	3112	235	0	72
27	Solution - 20723	691	3112	235	0	72
28	Solution - 20723	691	3112	235	0	72
29	Solution - 20723	691	3112	235	0	72
30	Solution - 20723	691	3112	235	0	72
31	Solution - 20723	691	3112	235	0	72
32	Solution - 20723	691	3112	235	0	72
33	Solution - 20723	691	3112	235	0	72
34	Solution - 20723	691	3112	235	0	72
35	Solution - 20723	691	3112	235	0	72
36	Solution - 20723	691	3112	235	0	72
37	Solution - 20723	691	3112	235	0	72
38	Solution - 20723	691	3112	235	0	72
39	Solution - 20723	691	3112	235	0	72
40	Solution - 20723	691	3112	235	0	72
41	Solution - 20723	691	3112	235	0	72
42	Solution - 20723	691	3112	235	0	72
43	Solution - 20723	691	3112	235	0	72
44	Solution - 20723	691	3112	235	0	72
45	Solution - 20723	691	3112	235	0	72
46	Solution - 20723	691	3112	235	0	72
47	Solution - 20723	691	3112	235	0	72
48	Solution - 20723	691	3112	235	0	72
49	Solution - 20723	691	3112	235	0	72
50	Solution - 20723	691	3112	235	0	72
51	Solution - 20723	691	3112	235	0	72
52	Solution - 20723	691	3112	235	0	72
53	Solution - 20723	691	3112	235	0	72
54	Solution - 20723	691	3112	235	0	72
55	Solution - 20723	691	3112	235	0	72
56	Solution - 20723	691	3112	235	0	72
57	Solution - 20723	691	3112	235	0	72
58	Solution - 20723	691	3112	235	0	72
59	Solution - 20723	691	3112	235	0	72
60	Solution - 20723	691	3112	235	0	72
61	Solution - 20723	691	3112	235	0	72
62	Solution - 20723	691	3112	235	0	72
63	Solution - 20723	691	3112	235	0	72
64	Solution - 20723	691	3112	235	0	72
65	Solution - 20723	691	3112	235	0	72
66	Solution - 20723	691	3112	235	0	72
67	Solution - 20723	691	3112	235	0	72
68	Solution - 20723	691	3112	235	0	72
69	Solution - 20723	691	3112	235	0	72
70	Solution - 20723	691	3112	235	0	72
71	Solution - 20723	691	3112	235	0	72
72	Solution - 20723	691	3112	235	0	72
73	Solution - 20723	691	3112	235	0	72
74	Solution - 20723	691	3112	235	0	72
75	Solution - 20723	691	3112	235	0	72
76	Solution - 20723	691	3112	235	0	72
77	Solution - 20723	691	3112	235	0	72
78	Solution - 20723	691	3112	235	0	72
79	Solution - 20723	691	3112	235	0	72
80	Solution - 20723	691	3112	235	0	72
81	Solution - 20723	691	3112	235	0	72
82	Solution - 20723	691	3112	235	0	72
83	Solution - 20723	691	3112	235	0	72
84	Solution - 20723	691	3112	235	0	72
85	Solution - 20723	691	3112	235	0	72
86	Solution - 20723	691	3112	235	0	72
87	Solution - 20723	691	3112	235	0	72
88	Solution - 20723	691	3112	235	0	72
89	Solution - 20723	691	3112	235	0	72
90	Solution - 20723	691	3112	235	0	72
91	Solution - 20723	691	3112	235	0	72
92	Solution - 20723	691	3112	235	0	72
93	Solution - 20723	691	3112	235	0	72
94	Solution - 20723	691	3112	235	0	72
95	Solution - 20723	691	3112	235	0	72
96	Solution - 20723	691	3112	235	0	72
97	Solution - 20723	691	3112	235	0	72
98	Solution - 20723	691	3112	235	0	72
99	Solution - 20723	691	3112	235	0	72
