29174
27919
27919
24743
24743
24743
24743
24743
24743
24743
24743
24743
24743
24743
24654
24654
24654
23572
23572
23572
23572
23572
21222
21222
21222
21222
21222
21222
21222
21222
21222
21222
21222
21222
21222
21222
21222
21222
21222
21222
21222
21222
21222
21222
21222
21222
21171
21171
21171
21171
21171
21171
21171
21171
21171
21171
20803
20803
20803
20803
20803
20803
20803
20803
20803
20803
20803
20803
20803
20803
20803
20803
20803
20803
20803
20803
20803
20803
20803
20803
20803
20803
20803
20803
20803
20803
20803
20803
20803
20803
20803
20803
20803
20803
20803
20803
20803
20803
20803
20803
