31003
27205
21245
21245
21245
21245
21245
21245
21245
21245
21245
21245
21245
21245
21245
21245
21245
21245
21245
21245
21245
21245
21245
21245
21245
21245
21245
21245
21245
21245
21245
21245
21245
21245
20657
20657
20657
20657
20657
20657
20657
20657
20657
20657
20657
20657
20657
20657
20657
20657
20657
20657
20657
20657
20657
20657
20657
20657
20657
20657
20657
20657
20657
20657
20657
20657
20657
20657
20657
20657
20657
20657
20657
20657
20657
20657
20657
20657
20657
20657
20657
20657
20657
20657
20657
20657
20657
20657
20657
20657
20657
20657
20657
20657
20657
20657
20657
20657
20657
20657
