0	Solution - 26355	693	3122	322	0	70
1	Solution - 26355	693	3122	322	0	70
2	Solution - 26355	693	3122	322	0	70
3	Solution - 26355	693	3122	322	0	70
4	Solution - 26355	693	3122	322	0	70
5	Solution - 25479	689	3082	324	0	67
6	Solution - 25479	689	3082	324	0	67
7	Solution - 25479	689	3082	324	0	67
8	Solution - 25479	689	3082	324	0	67
9	Solution - 25479	689	3082	324	0	67
10	Solution - 25479	689	3082	324	0	67
11	Solution - 25479	689	3082	324	0	67
12	Solution - 25479	689	3082	324	0	67
13	Solution - 25479	689	3082	324	0	67
14	Solution - 24956	686	3087	307	0	69
15	Solution - 24956	686	3087	307	0	69
16	Solution - 22590	681	3079	269	0	70
17	Solution - 22590	681	3079	269	0	70
18	Solution - 22590	681	3079	269	0	70
19	Solution - 22590	681	3079	269	0	70
20	Solution - 22590	681	3079	269	0	70
21	Solution - 22590	681	3079	269	0	70
22	Solution - 22590	681	3079	269	0	70
23	Solution - 22590	681	3079	269	0	70
24	Solution - 22590	681	3079	269	0	70
25	Solution - 22590	681	3079	269	0	70
26	Solution - 22590	681	3079	269	0	70
27	Solution - 22590	681	3079	269	0	70
28	Solution - 22590	681	3079	269	0	70
29	Solution - 22590	681	3079	269	0	70
30	Solution - 22590	681	3079	269	0	70
31	Solution - 22590	681	3079	269	0	70
32	Solution - 22590	681	3079	269	0	70
33	Solution - 22590	681	3079	269	0	70
34	Solution - 22590	681	3079	269	0	70
35	Solution - 22590	681	3079	269	0	70
36	Solution - 22590	681	3079	269	0	70
37	Solution - 22590	681	3079	269	0	70
38	Solution - 22590	681	3079	269	0	70
39	Solution - 22590	681	3079	269	0	70
40	Solution - 22590	681	3079	269	0	70
41	Solution - 22590	681	3079	269	0	70
42	Solution - 22590	681	3079	269	0	70
43	Solution - 22590	681	3079	269	0	70
44	Solution - 22388	683	3075	270	0	69
45	Solution - 22388	683	3075	270	0	69
46	Solution - 22388	683	3075	270	0	69
47	Solution - 22388	683	3075	270	0	69
48	Solution - 22388	683	3075	270	0	69
49	Solution - 22388	683	3075	270	0	69
50	Solution - 22388	683	3075	270	0	69
51	Solution - 22388	683	3075	270	0	69
52	Solution - 22388	683	3075	270	0	69
53	Solution - 22388	683	3075	270	0	69
54	Solution - 22388	683	3075	270	0	69
55	Solution - 22388	683	3075	270	0	69
56	Solution - 22084	680	3050	266	0	69
57	Solution - 22084	680	3050	266	0	69
58	Solution - 22084	680	3050	266	0	69
59	Solution - 22084	680	3050	266	0	69
60	Solution - 22084	680	3050	266	0	69
61	Solution - 22084	680	3050	266	0	69
62	Solution - 22084	680	3050	266	0	69
63	Solution - 22084	680	3050	266	0	69
64	Solution - 22084	680	3050	266	0	69
65	Solution - 22084	680	3050	266	0	69
66	Solution - 22084	680	3050	266	0	69
67	Solution - 22084	680	3050	266	0	69
68	Solution - 22084	680	3050	266	0	69
69	Solution - 22084	680	3050	266	0	69
70	Solution - 22084	680	3050	266	0	69
71	Solution - 22084	680	3050	266	0	69
72	Solution - 22084	680	3050	266	0	69
73	Solution - 22084	680	3050	266	0	69
74	Solution - 22084	680	3050	266	0	69
75	Solution - 22084	680	3050	266	0	69
76	Solution - 22084	680	3050	266	0	69
77	Solution - 22084	680	3050	266	0	69
78	Solution - 22084	680	3050	266	0	69
79	Solution - 20961	681	3060	246	0	70
80	Solution - 20961	681	3060	246	0	70
81	Solution - 20961	681	3060	246	0	70
82	Solution - 20961	681	3060	246	0	70
83	Solution - 20961	681	3060	246	0	70
84	Solution - 20961	681	3060	246	0	70
85	Solution - 20961	681	3060	246	0	70
86	Solution - 20961	681	3060	246	0	70
87	Solution - 20961	681	3060	246	0	70
88	Solution - 20961	681	3060	246	0	70
89	Solution - 20961	681	3060	246	0	70
90	Solution - 20961	681	3060	246	0	70
91	Solution - 20961	681	3060	246	0	70
92	Solution - 20961	681	3060	246	0	70
93	Solution - 20961	681	3060	246	0	70
94	Solution - 20961	681	3060	246	0	70
95	Solution - 20961	681	3060	246	0	70
96	Solution - 20961	681	3060	246	0	70
97	Solution - 20961	681	3060	246	0	70
98	Solution - 20961	681	3060	246	0	70
99	Solution - 20961	681	3060	246	0	70
