0	Solution - 29174	694	3136	352	0	72
1	Solution - 27919	696	3143	344	0	70
2	Solution - 27919	696	3143	344	0	70
3	Solution - 24743	707	3162	294	0	71
4	Solution - 24743	707	3162	294	0	71
5	Solution - 24743	707	3162	294	0	71
6	Solution - 24743	707	3162	294	0	71
7	Solution - 24743	707	3162	294	0	71
8	Solution - 24743	707	3162	294	0	71
9	Solution - 24743	707	3162	294	0	71
10	Solution - 24743	707	3162	294	0	71
11	Solution - 24743	707	3162	294	0	71
12	Solution - 24743	707	3162	294	0	71
13	Solution - 24743	707	3162	294	0	71
14	Solution - 24654	703	3148	293	0	71
15	Solution - 24654	703	3148	293	0	71
16	Solution - 24654	703	3148	293	0	71
17	Solution - 23572	698	3136	278	0	71
18	Solution - 23572	698	3136	278	0	71
19	Solution - 23572	698	3136	278	0	71
20	Solution - 23572	698	3136	278	0	71
21	Solution - 23572	698	3136	278	0	71
22	Solution - 21222	683	3063	257	0	68
23	Solution - 21222	683	3063	257	0	68
24	Solution - 21222	683	3063	257	0	68
25	Solution - 21222	683	3063	257	0	68
26	Solution - 21222	683	3063	257	0	68
27	Solution - 21222	683	3063	257	0	68
28	Solution - 21222	683	3063	257	0	68
29	Solution - 21222	683	3063	257	0	68
30	Solution - 21222	683	3063	257	0	68
31	Solution - 21222	683	3063	257	0	68
32	Solution - 21222	683	3063	257	0	68
33	Solution - 21222	683	3063	257	0	68
34	Solution - 21222	683	3063	257	0	68
35	Solution - 21222	683	3063	257	0	68
36	Solution - 21222	683	3063	257	0	68
37	Solution - 21222	683	3063	257	0	68
38	Solution - 21222	683	3063	257	0	68
39	Solution - 21222	683	3063	257	0	68
40	Solution - 21222	683	3063	257	0	68
41	Solution - 21222	683	3063	257	0	68
42	Solution - 21222	683	3063	257	0	68
43	Solution - 21222	683	3063	257	0	68
44	Solution - 21222	683	3063	257	0	68
45	Solution - 21222	683	3063	257	0	68
46	Solution - 21171	665	2980	254	0	69
47	Solution - 21171	665	2980	254	0	69
48	Solution - 21171	665	2980	254	0	69
49	Solution - 21171	665	2980	254	0	69
50	Solution - 21171	665	2980	254	0	69
51	Solution - 21171	665	2980	254	0	69
52	Solution - 21171	665	2980	254	0	69
53	Solution - 21171	665	2980	254	0	69
54	Solution - 21171	665	2980	254	0	69
55	Solution - 21171	665	2980	254	0	69
56	Solution - 20803	685	3075	247	0	69
57	Solution - 20803	685	3075	247	0	69
58	Solution - 20803	685	3075	247	0	69
59	Solution - 20803	685	3075	247	0	69
60	Solution - 20803	685	3075	247	0	69
61	Solution - 20803	685	3075	247	0	69
62	Solution - 20803	685	3075	247	0	69
63	Solution - 20803	685	3075	247	0	69
64	Solution - 20803	685	3075	247	0	69
65	Solution - 20803	685	3075	247	0	69
66	Solution - 20803	685	3075	247	0	69
67	Solution - 20803	685	3075	247	0	69
68	Solution - 20803	685	3075	247	0	69
69	Solution - 20803	685	3075	247	0	69
70	Solution - 20803	685	3075	247	0	69
71	Solution - 20803	685	3075	247	0	69
72	Solution - 20803	685	3075	247	0	69
73	Solution - 20803	685	3075	247	0	69
74	Solution - 20803	685	3075	247	0	69
75	Solution - 20803	685	3075	247	0	69
76	Solution - 20803	685	3075	247	0	69
77	Solution - 20803	685	3075	247	0	69
78	Solution - 20803	685	3075	247	0	69
79	Solution - 20803	685	3075	247	0	69
80	Solution - 20803	685	3075	247	0	69
81	Solution - 20803	685	3075	247	0	69
82	Solution - 20803	685	3075	247	0	69
83	Solution - 20803	685	3075	247	0	69
84	Solution - 20803	685	3075	247	0	69
85	Solution - 20803	685	3075	247	0	69
86	Solution - 20803	685	3075	247	0	69
87	Solution - 20803	685	3075	247	0	69
88	Solution - 20803	685	3075	247	0	69
89	Solution - 20803	685	3075	247	0	69
90	Solution - 20803	685	3075	247	0	69
91	Solution - 20803	685	3075	247	0	69
92	Solution - 20803	685	3075	247	0	69
93	Solution - 20803	685	3075	247	0	69
94	Solution - 20803	685	3075	247	0	69
95	Solution - 20803	685	3075	247	0	69
96	Solution - 20803	685	3075	247	0	69
97	Solution - 20803	685	3075	247	0	69
98	Solution - 20803	685	3075	247	0	69
99	Solution - 20803	685	3075	247	0	69
