21971
20951
20951
20951
20951
20951
20951
20951
20951
20951
20951
20951
20951
20951
20951
20951
20951
20951
20951
20951
20951
20951
20951
20951
20951
20951
20951
20951
20951
20951
20951
20951
20951
20951
20951
20951
20951
20951
20951
20951
20951
20951
20951
20951
20951
20951
20951
20951
20951
20951
20951
20951
20951
20951
20951
20951
20951
20951
20951
20951
20951
20951
20951
20951
20951
20951
20951
20951
20951
20951
20951
20951
20951
20951
20951
20951
20951
20951
20951
20951
20951
20951
20951
20951
20951
20951
20951
20951
20951
20951
20951
20951
20951
20951
20951
20951
20951
20951
20951
20951
