0	Solution - 26901	698	3151	339	0	68
1	Solution - 26386	707	3183	304	0	74
2	Solution - 26386	707	3183	304	0	74
3	Solution - 22135	672	3035	271	0	68
4	Solution - 22135	672	3035	271	0	68
5	Solution - 22135	672	3035	271	0	68
6	Solution - 22135	672	3035	271	0	68
7	Solution - 22135	672	3035	271	0	68
8	Solution - 22135	672	3035	271	0	68
9	Solution - 21781	685	3076	265	0	68
10	Solution - 21781	685	3076	265	0	68
11	Solution - 21781	685	3076	265	0	68
12	Solution - 21781	685	3076	265	0	68
13	Solution - 21781	685	3076	265	0	68
14	Solution - 21781	685	3076	265	0	68
15	Solution - 21781	685	3076	265	0	68
16	Solution - 21781	685	3076	265	0	68
17	Solution - 21781	685	3076	265	0	68
18	Solution - 21781	685	3076	265	0	68
19	Solution - 21781	685	3076	265	0	68
20	Solution - 21781	685	3076	265	0	68
21	Solution - 21781	685	3076	265	0	68
22	Solution - 21781	685	3076	265	0	68
23	Solution - 21781	685	3076	265	0	68
24	Solution - 21781	685	3076	265	0	68
25	Solution - 21781	685	3076	265	0	68
26	Solution - 21781	685	3076	265	0	68
27	Solution - 21781	685	3076	265	0	68
28	Solution - 21781	685	3076	265	0	68
29	Solution - 21781	685	3076	265	0	68
30	Solution - 21781	685	3076	265	0	68
31	Solution - 21781	685	3076	265	0	68
32	Solution - 21781	685	3076	265	0	68
33	Solution - 21781	685	3076	265	0	68
34	Solution - 21781	685	3076	265	0	68
35	Solution - 21781	685	3076	265	0	68
36	Solution - 21781	685	3076	265	0	68
37	Solution - 21781	685	3076	265	0	68
38	Solution - 21781	685	3076	265	0	68
39	Solution - 21781	685	3076	265	0	68
40	Solution - 21781	685	3076	265	0	68
41	Solution - 21781	685	3076	265	0	68
42	Solution - 21781	685	3076	265	0	68
43	Solution - 21781	685	3076	265	0	68
44	Solution - 21781	685	3076	265	0	68
45	Solution - 21781	685	3076	265	0	68
46	Solution - 21781	685	3076	265	0	68
47	Solution - 21781	685	3076	265	0	68
48	Solution - 21781	685	3076	265	0	68
49	Solution - 21781	685	3076	265	0	68
50	Solution - 21781	685	3076	265	0	68
51	Solution - 21781	685	3076	265	0	68
52	Solution - 21781	685	3076	265	0	68
53	Solution - 21781	685	3076	265	0	68
54	Solution - 21781	685	3076	265	0	68
55	Solution - 21781	685	3076	265	0	68
56	Solution - 21781	685	3076	265	0	68
57	Solution - 21781	685	3076	265	0	68
58	Solution - 21781	685	3076	265	0	68
59	Solution - 21781	685	3076	265	0	68
60	Solution - 21781	685	3076	265	0	68
61	Solution - 21781	685	3076	265	0	68
62	Solution - 21781	685	3076	265	0	68
63	Solution - 21781	685	3076	265	0	68
64	Solution - 21781	685	3076	265	0	68
65	Solution - 21781	685	3076	265	0	68
66	Solution - 21781	685	3076	265	0	68
67	Solution - 21781	685	3076	265	0	68
68	Solution - 21781	685	3076	265	0	68
69	Solution - 21781	685	3076	265	0	68
70	Solution - 21781	685	3076	265	0	68
71	Solution - 21781	685	3076	265	0	68
72	Solution - 21781	685	3076	265	0	68
73	Solution - 21781	685	3076	265	0	68
74	Solution - 21781	685	3076	265	0	68
75	Solution - 21781	685	3076	265	0	68
76	Solution - 21781	685	3076	265	0	68
77	Solution - 21781	685	3076	265	0	68
78	Solution - 21781	685	3076	265	0	68
79	Solution - 21781	685	3076	265	0	68
80	Solution - 21781	685	3076	265	0	68
81	Solution - 21781	685	3076	265	0	68
82	Solution - 21781	685	3076	265	0	68
83	Solution - 21781	685	3076	265	0	68
84	Solution - 21781	685	3076	265	0	68
85	Solution - 21781	685	3076	265	0	68
86	Solution - 21781	685	3076	265	0	68
87	Solution - 21781	685	3076	265	0	68
88	Solution - 21781	685	3076	265	0	68
89	Solution - 21781	685	3076	265	0	68
90	Solution - 21781	685	3076	265	0	68
91	Solution - 21781	685	3076	265	0	68
92	Solution - 21781	685	3076	265	0	68
93	Solution - 21781	685	3076	265	0	68
94	Solution - 21781	685	3076	265	0	68
95	Solution - 21781	685	3076	265	0	68
96	Solution - 21781	685	3076	265	0	68
97	Solution - 21781	685	3076	265	0	68
98	Solution - 21781	685	3076	265	0	68
99	Solution - 21781	685	3076	265	0	68
