0	Solution - 27057	693	3124	332	0	70
1	Solution - 27057	693	3124	332	0	70
2	Solution - 25728	698	3134	322	0	68
3	Solution - 25728	698	3134	322	0	68
4	Solution - 25728	698	3134	322	0	68
5	Solution - 25728	698	3134	322	0	68
6	Solution - 23852	700	3132	286	0	70
7	Solution - 23852	700	3132	286	0	70
8	Solution - 23852	700	3132	286	0	70
9	Solution - 23852	700	3132	286	0	70
10	Solution - 23852	700	3132	286	0	70
11	Solution - 23852	700	3132	286	0	70
12	Solution - 23852	700	3132	286	0	70
13	Solution - 23852	700	3132	286	0	70
14	Solution - 23852	700	3132	286	0	70
15	Solution - 23852	700	3132	286	0	70
16	Solution - 23852	700	3132	286	0	70
17	Solution - 23852	700	3132	286	0	70
18	Solution - 23852	700	3132	286	0	70
19	Solution - 23852	700	3132	286	0	70
20	Solution - 23852	700	3132	286	0	70
21	Solution - 23852	700	3132	286	0	70
22	Solution - 23852	700	3132	286	0	70
23	Solution - 23852	700	3132	286	0	70
24	Solution - 21945	678	3051	264	0	69
25	Solution - 21945	678	3051	264	0	69
26	Solution - 21945	678	3051	264	0	69
27	Solution - 21945	678	3051	264	0	69
28	Solution - 21945	678	3051	264	0	69
29	Solution - 21945	678	3051	264	0	69
30	Solution - 21945	678	3051	264	0	69
31	Solution - 21945	678	3051	264	0	69
32	Solution - 21945	678	3051	264	0	69
33	Solution - 21945	678	3051	264	0	69
34	Solution - 21945	678	3051	264	0	69
35	Solution - 21945	678	3051	264	0	69
36	Solution - 21945	678	3051	264	0	69
37	Solution - 21945	678	3051	264	0	69
38	Solution - 21945	678	3051	264	0	69
39	Solution - 21945	678	3051	264	0	69
40	Solution - 21945	678	3051	264	0	69
41	Solution - 21945	678	3051	264	0	69
42	Solution - 21945	678	3051	264	0	69
43	Solution - 21945	678	3051	264	0	69
44	Solution - 21945	678	3051	264	0	69
45	Solution - 21945	678	3051	264	0	69
46	Solution - 21945	678	3051	264	0	69
47	Solution - 21945	678	3051	264	0	69
48	Solution - 21945	678	3051	264	0	69
49	Solution - 21945	678	3051	264	0	69
50	Solution - 21945	678	3051	264	0	69
51	Solution - 21945	678	3051	264	0	69
52	Solution - 21945	678	3051	264	0	69
53	Solution - 21945	678	3051	264	0	69
54	Solution - 21945	678	3051	264	0	69
55	Solution - 21945	678	3051	264	0	69
56	Solution - 21945	678	3051	264	0	69
57	Solution - 21945	678	3051	264	0	69
58	Solution - 21945	678	3051	264	0	69
59	Solution - 21945	678	3051	264	0	69
60	Solution - 21945	678	3051	264	0	69
61	Solution - 21945	678	3051	264	0	69
62	Solution - 21945	678	3051	264	0	69
63	Solution - 21945	678	3051	264	0	69
64	Solution - 21945	678	3051	264	0	69
65	Solution - 21945	678	3051	264	0	69
66	Solution - 21945	678	3051	264	0	69
67	Solution - 21945	678	3051	264	0	69
68	Solution - 21945	678	3051	264	0	69
69	Solution - 20897	684	3077	238	0	72
70	Solution - 20897	684	3077	238	0	72
71	Solution - 20897	684	3077	238	0	72
72	Solution - 20897	684	3077	238	0	72
73	Solution - 20897	684	3077	238	0	72
74	Solution - 20897	684	3077	238	0	72
75	Solution - 20897	684	3077	238	0	72
76	Solution - 20897	684	3077	238	0	72
77	Solution - 20897	684	3077	238	0	72
78	Solution - 20897	684	3077	238	0	72
79	Solution - 20897	684	3077	238	0	72
80	Solution - 20897	684	3077	238	0	72
81	Solution - 20897	684	3077	238	0	72
82	Solution - 20897	684	3077	238	0	72
83	Solution - 20897	684	3077	238	0	72
84	Solution - 20897	684	3077	238	0	72
85	Solution - 20897	684	3077	238	0	72
86	Solution - 20897	684	3077	238	0	72
87	Solution - 20897	684	3077	238	0	72
88	Solution - 20897	684	3077	238	0	72
89	Solution - 20897	684	3077	238	0	72
90	Solution - 20897	684	3077	238	0	72
91	Solution - 20897	684	3077	238	0	72
92	Solution - 20897	684	3077	238	0	72
93	Solution - 20897	684	3077	238	0	72
94	Solution - 20897	684	3077	238	0	72
95	Solution - 19259	666	2982	233	0	67
96	Solution - 19259	666	2982	233	0	67
97	Solution - 19259	666	2982	233	0	67
98	Solution - 19259	666	2982	233	0	67
99	Solution - 19259	666	2982	233	0	67
