0	Solution - 31003	705	3176	382	0	71
1	Solution - 27205	686	3059	340	0	69
2	Solution - 21245	679	3066	250	0	70
3	Solution - 21245	679	3066	250	0	70
4	Solution - 21245	679	3066	250	0	70
5	Solution - 21245	679	3066	250	0	70
6	Solution - 21245	679	3066	250	0	70
7	Solution - 21245	679	3066	250	0	70
8	Solution - 21245	679	3066	250	0	70
9	Solution - 21245	679	3066	250	0	70
10	Solution - 21245	679	3066	250	0	70
11	Solution - 21245	679	3066	250	0	70
12	Solution - 21245	679	3066	250	0	70
13	Solution - 21245	679	3066	250	0	70
14	Solution - 21245	679	3066	250	0	70
15	Solution - 21245	679	3066	250	0	70
16	Solution - 21245	679	3066	250	0	70
17	Solution - 21245	679	3066	250	0	70
18	Solution - 21245	679	3066	250	0	70
19	Solution - 21245	679	3066	250	0	70
20	Solution - 21245	679	3066	250	0	70
21	Solution - 21245	679	3066	250	0	70
22	Solution - 21245	679	3066	250	0	70
23	Solution - 21245	679	3066	250	0	70
24	Solution - 21245	679	3066	250	0	70
25	Solution - 21245	679	3066	250	0	70
26	Solution - 21245	679	3066	250	0	70
27	Solution - 21245	679	3066	250	0	70
28	Solution - 21245	679	3066	250	0	70
29	Solution - 21245	679	3066	250	0	70
30	Solution - 21245	679	3066	250	0	70
31	Solution - 21245	679	3066	250	0	70
32	Solution - 21245	679	3066	250	0	70
33	Solution - 21245	679	3066	250	0	70
34	Solution - 20657	692	3060	245	0	69
35	Solution - 20657	692	3060	245	0	69
36	Solution - 20657	692	3060	245	0	69
37	Solution - 20657	692	3060	245	0	69
38	Solution - 20657	692	3060	245	0	69
39	Solution - 20657	692	3060	245	0	69
40	Solution - 20657	692	3060	245	0	69
41	Solution - 20657	692	3060	245	0	69
42	Solution - 20657	692	3060	245	0	69
43	Solution - 20657	692	3060	245	0	69
44	Solution - 20657	692	3060	245	0	69
45	Solution - 20657	692	3060	245	0	69
46	Solution - 20657	692	3060	245	0	69
47	Solution - 20657	692	3060	245	0	69
48	Solution - 20657	692	3060	245	0	69
49	Solution - 20657	692	3060	245	0	69
50	Solution - 20657	692	3060	245	0	69
51	Solution - 20657	692	3060	245	0	69
52	Solution - 20657	692	3060	245	0	69
53	Solution - 20657	692	3060	245	0	69
54	Solution - 20657	692	3060	245	0	69
55	Solution - 20657	692	3060	245	0	69
56	Solution - 20657	692	3060	245	0	69
57	Solution - 20657	692	3060	245	0	69
58	Solution - 20657	692	3060	245	0	69
59	Solution - 20657	692	3060	245	0	69
60	Solution - 20657	692	3060	245	0	69
61	Solution - 20657	692	3060	245	0	69
62	Solution - 20657	692	3060	245	0	69
63	Solution - 20657	692	3060	245	0	69
64	Solution - 20657	692	3060	245	0	69
65	Solution - 20657	692	3060	245	0	69
66	Solution - 20657	692	3060	245	0	69
67	Solution - 20657	692	3060	245	0	69
68	Solution - 20657	692	3060	245	0	69
69	Solution - 20657	692	3060	245	0	69
70	Solution - 20657	692	3060	245	0	69
71	Solution - 20657	692	3060	245	0	69
72	Solution - 20657	692	3060	245	0	69
73	Solution - 20657	692	3060	245	0	69
74	Solution - 20657	692	3060	245	0	69
75	Solution - 20657	692	3060	245	0	69
76	Solution - 20657	692	3060	245	0	69
77	Solution - 20657	692	3060	245	0	69
78	Solution - 20657	692	3060	245	0	69
79	Solution - 20657	692	3060	245	0	69
80	Solution - 20657	692	3060	245	0	69
81	Solution - 20657	692	3060	245	0	69
82	Solution - 20657	692	3060	245	0	69
83	Solution - 20657	692	3060	245	0	69
84	Solution - 20657	692	3060	245	0	69
85	Solution - 20657	692	3060	245	0	69
86	Solution - 20657	692	3060	245	0	69
87	Solution - 20657	692	3060	245	0	69
88	Solution - 20657	692	3060	245	0	69
89	Solution - 20657	692	3060	245	0	69
90	Solution - 20657	692	3060	245	0	69
91	Solution - 20657	692	3060	245	0	69
92	Solution - 20657	692	3060	245	0	69
93	Solution - 20657	692	3060	245	0	69
94	Solution - 20657	692	3060	245	0	69
95	Solution - 20657	692	3060	245	0	69
96	Solution - 20657	692	3060	245	0	69
97	Solution - 20657	692	3060	245	0	69
98	Solution - 20657	692	3060	245	0	69
99	Solution - 20657	692	3060	245	0	69
