22691
22691
22691
22691
22691
22691
22691
22691
22691
22691
22691
22691
22691
22691
22691
22691
22691
22691
22691
22691
22691
22691
22691
22691
22691
22485
22485
22485
22485
22485
22485
22485
22485
22485
22485
22485
22485
22485
22485
22485
22485
22485
22485
22485
22485
22485
22485
22485
22485
22485
22485
22485
22485
22485
22485
22485
22485
22485
22485
22485
22485
22485
22485
22485
22485
22485
22485
22485
22485
22485
22485
22485
22485
22485
22485
22485
22485
22485
22485
22485
22485
22485
22485
22485
22485
22485
22485
22485
22485
22485
22485
22485
22485
22485
22485
22485
22485
22485
22485
22485
