24962
24962
24962
24962
24962
24962
24962
24646
24646
24646
24646
24646
24619
24619
23527
23527
21992
21992
21992
21992
21818
21818
21818
21818
21818
21818
21818
20892
20892
20892
20892
20892
20892
20892
20892
20892
20892
20892
20892
20892
20892
20892
20892
20892
20892
20892
20892
20892
20892
20892
20892
20892
20892
20892
20892
20892
20892
20892
20892
20892
20892
20892
20892
20892
20892
20892
20892
20892
20892
20892
20892
20892
20892
20892
20892
20892
20892
20892
20892
20892
20892
20892
20892
20892
20892
20892
20892
20892
20892
20892
20892
20892
20892
20892
20892
20892
20892
20892
20892
20892
