Solution - 20227	655	2956	248	0	67
Solution - 21330	682	3078	251	0	70
Solution - 19968	679	3049	232	0	70
Solution - 20951	671	3030	250	0	69
Solution - 21791	686	3082	269	0	67
Solution - 20657	692	3060	245	0	69
Solution - 19805	675	3030	230	0	70
Solution - 20603	672	3026	245	1	69
Solution - 20803	685	3075	247	0	69
Solution - 20672	692	3144	244	0	69
Solution - 22126	687	3085	266	0	69
Solution - 21704	693	3091	256	0	70
Solution - 22437	677	3070	267	0	70
Solution - 20341	660	2996	235	0	71
Solution - 19381	691	3096	226	1	69
Solution - 20530	689	3074	243	0	69
Solution - 20892	681	3030	249	0	69
Solution - 21015	663	2999	259	0	67
Solution - 19259	666	2982	233	0	67
Solution - 19977	683	3079	235	0	69
Solution - 20701	676	3051	246	0	69
Solution - 21965	677	3041	257	0	71
Solution - 22485	682	3043	268	0	70
Solution - 20106	672	3033	231	0	71
Solution - 21360	684	3064	259	0	68
Solution - 20961	681	3060	246	0	70
Solution - 20723	691	3112	235	0	72
Solution - 20334	685	3059	237	0	70
Solution - 21781	685	3076	265	0	68
Solution - 21946	686	3036	268	0	68
