1	Solution - 	179	26	113	10	0	4	[0, 5, 6, 5, 6, 0, 0, 3, 4, 10, 3, 4, 10, 0, 0, 7, 8, 9, 7, 8, 9, 0, 0, 2, 1, 2, 1, 0]
2	Solution - 	179	26	113	10	0	4	[0, 5, 6, 5, 6, 0, 0, 3, 4, 10, 3, 4, 10, 0, 0, 7, 8, 9, 7, 8, 9, 0, 0, 2, 1, 2, 1, 0]
3	Solution - 	179	26	113	10	0	4	[0, 5, 6, 5, 6, 0, 0, 3, 4, 10, 3, 4, 10, 0, 0, 7, 8, 9, 7, 8, 9, 0, 0, 2, 1, 2, 1, 0]
4	Solution - 	179	26	113	10	0	4	[0, 5, 6, 5, 6, 0, 0, 3, 4, 10, 3, 4, 10, 0, 0, 7, 8, 9, 7, 8, 9, 0, 0, 2, 1, 2, 1, 0]
5	Solution - 	175	30	129	4	0	4	[0, 5, 5, 6, 6, 0, 0, 4, 3, 3, 4, 10, 10, 0, 0, 7, 8, 9, 7, 8, 9, 0, 0, 1, 2, 1, 2, 0]
6	Solution - 	175	30	129	4	0	4	[0, 5, 5, 6, 6, 0, 0, 4, 3, 3, 4, 10, 10, 0, 0, 7, 8, 9, 7, 8, 9, 0, 0, 1, 2, 1, 2, 0]
7	Solution - 	175	30	129	4	0	4	[0, 5, 5, 6, 6, 0, 0, 4, 3, 3, 4, 10, 10, 0, 0, 7, 8, 9, 7, 8, 9, 0, 0, 1, 2, 1, 2, 0]
8	Solution - 	175	30	129	4	0	4	[0, 5, 5, 6, 6, 0, 0, 4, 3, 3, 4, 10, 10, 0, 0, 7, 8, 9, 7, 8, 9, 0, 0, 1, 2, 1, 2, 0]
9	Solution - 	175	30	129	4	0	4	[0, 5, 5, 6, 6, 0, 0, 4, 3, 3, 4, 10, 10, 0, 0, 7, 8, 9, 7, 8, 9, 0, 0, 1, 2, 1, 2, 0]
10	Solution - 	175	30	129	4	0	4	[0, 5, 5, 6, 6, 0, 0, 4, 3, 3, 4, 10, 10, 0, 0, 7, 8, 9, 7, 8, 9, 0, 0, 1, 2, 1, 2, 0]
11	Solution - 	175	30	129	4	0	4	[0, 5, 5, 6, 6, 0, 0, 4, 3, 3, 4, 10, 10, 0, 0, 7, 8, 9, 7, 8, 9, 0, 0, 1, 2, 1, 2, 0]
12	Solution - 	175	30	129	4	0	4	[0, 5, 5, 6, 6, 0, 0, 4, 3, 3, 4, 10, 10, 0, 0, 7, 8, 9, 7, 8, 9, 0, 0, 1, 2, 1, 2, 0]
13	Solution - 	175	30	129	4	0	4	[0, 5, 5, 6, 6, 0, 0, 4, 3, 3, 4, 10, 10, 0, 0, 7, 8, 9, 7, 8, 9, 0, 0, 1, 2, 1, 2, 0]
14	Solution - 	175	30	129	4	0	4	[0, 5, 5, 6, 6, 0, 0, 4, 3, 3, 4, 10, 10, 0, 0, 7, 8, 9, 7, 8, 9, 0, 0, 1, 2, 1, 2, 0]
15	Solution - 	175	30	129	4	0	4	[0, 5, 5, 6, 6, 0, 0, 4, 3, 3, 4, 10, 10, 0, 0, 7, 8, 9, 7, 8, 9, 0, 0, 1, 2, 1, 2, 0]
16	Solution - 	175	30	129	4	0	4	[0, 5, 5, 6, 6, 0, 0, 4, 3, 3, 4, 10, 10, 0, 0, 7, 8, 9, 7, 8, 9, 0, 0, 1, 2, 1, 2, 0]
17	Solution - 	175	30	129	4	0	4	[0, 5, 5, 6, 6, 0, 0, 4, 3, 3, 4, 10, 10, 0, 0, 7, 8, 9, 7, 8, 9, 0, 0, 1, 2, 1, 2, 0]
18	Solution - 	175	30	129	4	0	4	[0, 5, 5, 6, 6, 0, 0, 4, 3, 3, 4, 10, 10, 0, 0, 7, 8, 9, 7, 8, 9, 0, 0, 1, 2, 1, 2, 0]
19	Solution - 	175	30	129	4	0	4	[0, 5, 5, 6, 6, 0, 0, 4, 3, 3, 4, 10, 10, 0, 0, 7, 8, 9, 7, 8, 9, 0, 0, 1, 2, 1, 2, 0]
20	Solution - 	175	30	129	4	0	4	[0, 5, 5, 6, 6, 0, 0, 4, 3, 3, 4, 10, 10, 0, 0, 7, 8, 9, 7, 8, 9, 0, 0, 1, 2, 1, 2, 0]
21	Solution - 	175	30	129	4	0	4	[0, 5, 5, 6, 6, 0, 0, 4, 3, 3, 4, 10, 10, 0, 0, 7, 8, 9, 7, 8, 9, 0, 0, 1, 2, 1, 2, 0]
22	Solution - 	175	30	129	4	0	4	[0, 5, 5, 6, 6, 0, 0, 4, 3, 3, 4, 10, 10, 0, 0, 7, 8, 9, 7, 8, 9, 0, 0, 1, 2, 1, 2, 0]
23	Solution - 	175	30	129	4	0	4	[0, 5, 5, 6, 6, 0, 0, 4, 3, 3, 4, 10, 10, 0, 0, 7, 8, 9, 7, 8, 9, 0, 0, 1, 2, 1, 2, 0]
24	Solution - 	175	30	129	4	0	4	[0, 5, 5, 6, 6, 0, 0, 4, 3, 3, 4, 10, 10, 0, 0, 7, 8, 9, 7, 8, 9, 0, 0, 1, 2, 1, 2, 0]
25	Solution - 	175	30	129	4	0	4	[0, 5, 5, 6, 6, 0, 0, 4, 3, 3, 4, 10, 10, 0, 0, 7, 8, 9, 7, 8, 9, 0, 0, 1, 2, 1, 2, 0]
26	Solution - 	175	30	129	4	0	4	[0, 5, 5, 6, 6, 0, 0, 4, 3, 3, 4, 10, 10, 0, 0, 7, 8, 9, 7, 8, 9, 0, 0, 1, 2, 1, 2, 0]
27	Solution - 	175	30	129	4	0	4	[0, 5, 5, 6, 6, 0, 0, 4, 3, 3, 4, 10, 10, 0, 0, 7, 8, 9, 7, 8, 9, 0, 0, 1, 2, 1, 2, 0]
28	Solution - 	175	30	129	4	0	4	[0, 5, 5, 6, 6, 0, 0, 4, 3, 3, 4, 10, 10, 0, 0, 7, 8, 9, 7, 8, 9, 0, 0, 1, 2, 1, 2, 0]
29	Solution - 	175	30	129	4	0	4	[0, 5, 5, 6, 6, 0, 0, 4, 3, 3, 4, 10, 10, 0, 0, 7, 8, 9, 7, 8, 9, 0, 0, 1, 2, 1, 2, 0]
30	Solution - 	175	30	129	4	0	4	[0, 5, 5, 6, 6, 0, 0, 4, 3, 3, 4, 10, 10, 0, 0, 7, 8, 9, 7, 8, 9, 0, 0, 1, 2, 1, 2, 0]
31	Solution - 	175	30	129	4	0	4	[0, 5, 5, 6, 6, 0, 0, 4, 3, 3, 4, 10, 10, 0, 0, 7, 8, 9, 7, 8, 9, 0, 0, 1, 2, 1, 2, 0]
32	Solution - 	175	30	129	4	0	4	[0, 5, 5, 6, 6, 0, 0, 4, 3, 3, 4, 10, 10, 0, 0, 7, 8, 9, 7, 8, 9, 0, 0, 1, 2, 1, 2, 0]
33	Solution - 	175	30	129	4	0	4	[0, 5, 5, 6, 6, 0, 0, 4, 3, 3, 4, 10, 10, 0, 0, 7, 8, 9, 7, 8, 9, 0, 0, 1, 2, 1, 2, 0]
34	Solution - 	175	30	129	4	0	4	[0, 5, 5, 6, 6, 0, 0, 4, 3, 3, 4, 10, 10, 0, 0, 7, 8, 9, 7, 8, 9, 0, 0, 1, 2, 1, 2, 0]
35	Solution - 	175	30	129	4	0	4	[0, 5, 5, 6, 6, 0, 0, 4, 3, 3, 4, 10, 10, 0, 0, 7, 8, 9, 7, 8, 9, 0, 0, 1, 2, 1, 2, 0]
36	Solution - 	175	30	129	4	0	4	[0, 5, 5, 6, 6, 0, 0, 4, 3, 3, 4, 10, 10, 0, 0, 7, 8, 9, 7, 8, 9, 0, 0, 1, 2, 1, 2, 0]
37	Solution - 	175	30	129	4	0	4	[0, 5, 5, 6, 6, 0, 0, 4, 3, 3, 4, 10, 10, 0, 0, 7, 8, 9, 7, 8, 9, 0, 0, 1, 2, 1, 2, 0]
38	Solution - 	175	30	129	4	0	4	[0, 5, 5, 6, 6, 0, 0, 4, 3, 3, 4, 10, 10, 0, 0, 7, 8, 9, 7, 8, 9, 0, 0, 1, 2, 1, 2, 0]
39	Solution - 	175	30	129	4	0	4	[0, 5, 5, 6, 6, 0, 0, 4, 3, 3, 4, 10, 10, 0, 0, 7, 8, 9, 7, 8, 9, 0, 0, 1, 2, 1, 2, 0]
40	Solution - 	175	30	129	4	0	4	[0, 5, 5, 6, 6, 0, 0, 4, 3, 3, 4, 10, 10, 0, 0, 7, 8, 9, 7, 8, 9, 0, 0, 1, 2, 1, 2, 0]
41	Solution - 	175	30	129	4	0	4	[0, 5, 5, 6, 6, 0, 0, 4, 3, 3, 4, 10, 10, 0, 0, 7, 8, 9, 7, 8, 9, 0, 0, 1, 2, 1, 2, 0]
42	Solution - 	175	30	129	4	0	4	[0, 5, 5, 6, 6, 0, 0, 4, 3, 3, 4, 10, 10, 0, 0, 7, 8, 9, 7, 8, 9, 0, 0, 1, 2, 1, 2, 0]
43	Solution - 	175	30	129	4	0	4	[0, 5, 5, 6, 6, 0, 0, 4, 3, 3, 4, 10, 10, 0, 0, 7, 8, 9, 7, 8, 9, 0, 0, 1, 2, 1, 2, 0]
44	Solution - 	175	30	129	4	0	4	[0, 5, 5, 6, 6, 0, 0, 4, 3, 3, 4, 10, 10, 0, 0, 7, 8, 9, 7, 8, 9, 0, 0, 1, 2, 1, 2, 0]
45	Solution - 	175	30	129	4	0	4	[0, 5, 5, 6, 6, 0, 0, 4, 3, 3, 4, 10, 10, 0, 0, 7, 8, 9, 7, 8, 9, 0, 0, 1, 2, 1, 2, 0]
46	Solution - 	175	30	129	4	0	4	[0, 5, 5, 6, 6, 0, 0, 4, 3, 3, 4, 10, 10, 0, 0, 7, 8, 9, 7, 8, 9, 0, 0, 1, 2, 1, 2, 0]
47	Solution - 	175	30	129	4	0	4	[0, 5, 5, 6, 6, 0, 0, 4, 3, 3, 4, 10, 10, 0, 0, 7, 8, 9, 7, 8, 9, 0, 0, 1, 2, 1, 2, 0]
48	Solution - 	175	30	129	4	0	4	[0, 5, 5, 6, 6, 0, 0, 4, 3, 3, 4, 10, 10, 0, 0, 7, 8, 9, 7, 8, 9, 0, 0, 1, 2, 1, 2, 0]
49	Solution - 	175	30	129	4	0	4	[0, 5, 5, 6, 6, 0, 0, 4, 3, 3, 4, 10, 10, 0, 0, 7, 8, 9, 7, 8, 9, 0, 0, 1, 2, 1, 2, 0]
50	Solution - 	175	30	129	4	0	4	[0, 5, 5, 6, 6, 0, 0, 4, 3, 3, 4, 10, 10, 0, 0, 7, 8, 9, 7, 8, 9, 0, 0, 1, 2, 1, 2, 0]
51	Solution - 	175	30	129	4	0	4	[0, 5, 5, 6, 6, 0, 0, 4, 3, 3, 4, 10, 10, 0, 0, 7, 8, 9, 7, 8, 9, 0, 0, 1, 2, 1, 2, 0]
52	Solution - 	175	30	129	4	0	4	[0, 5, 5, 6, 6, 0, 0, 4, 3, 3, 4, 10, 10, 0, 0, 7, 8, 9, 7, 8, 9, 0, 0, 1, 2, 1, 2, 0]
53	Solution - 	175	30	129	4	0	4	[0, 5, 5, 6, 6, 0, 0, 4, 3, 3, 4, 10, 10, 0, 0, 7, 8, 9, 7, 8, 9, 0, 0, 1, 2, 1, 2, 0]
54	Solution - 	175	30	129	4	0	4	[0, 5, 5, 6, 6, 0, 0, 4, 3, 3, 4, 10, 10, 0, 0, 7, 8, 9, 7, 8, 9, 0, 0, 1, 2, 1, 2, 0]
55	Solution - 	175	30	129	4	0	4	[0, 5, 5, 6, 6, 0, 0, 4, 3, 3, 4, 10, 10, 0, 0, 7, 8, 9, 7, 8, 9, 0, 0, 1, 2, 1, 2, 0]
56	Solution - 	173	33	140	0	0	4	[0, 5, 5, 6, 2, 2, 6, 0, 0, 4, 3, 3, 4, 10, 10, 0, 0, 7, 8, 9, 7, 8, 9, 0, 0, 1, 1, 0]
57	Solution - 	173	33	140	0	0	4	[0, 5, 5, 6, 2, 2, 6, 0, 0, 4, 3, 3, 4, 10, 10, 0, 0, 7, 8, 9, 7, 8, 9, 0, 0, 1, 1, 0]
58	Solution - 	173	33	140	0	0	4	[0, 5, 5, 6, 2, 2, 6, 0, 0, 4, 3, 3, 4, 10, 10, 0, 0, 7, 8, 9, 7, 8, 9, 0, 0, 1, 1, 0]
59	Solution - 	173	33	140	0	0	4	[0, 5, 5, 6, 2, 2, 6, 0, 0, 4, 3, 3, 4, 10, 10, 0, 0, 7, 8, 9, 7, 8, 9, 0, 0, 1, 1, 0]
60	Solution - 	173	33	140	0	0	4	[0, 5, 5, 6, 2, 2, 6, 0, 0, 4, 3, 3, 4, 10, 10, 0, 0, 7, 8, 9, 7, 8, 9, 0, 0, 1, 1, 0]
61	Solution - 	173	33	140	0	0	4	[0, 5, 5, 6, 2, 2, 6, 0, 0, 4, 3, 3, 4, 10, 10, 0, 0, 7, 8, 9, 7, 8, 9, 0, 0, 1, 1, 0]
62	Solution - 	173	33	140	0	0	4	[0, 5, 5, 6, 2, 2, 6, 0, 0, 4, 3, 3, 4, 10, 10, 0, 0, 7, 8, 9, 7, 8, 9, 0, 0, 1, 1, 0]
63	Solution - 	173	33	140	0	0	4	[0, 5, 5, 6, 2, 2, 6, 0, 0, 4, 3, 3, 4, 10, 10, 0, 0, 7, 8, 9, 7, 8, 9, 0, 0, 1, 1, 0]
64	Solution - 	173	33	140	0	0	4	[0, 5, 5, 6, 2, 2, 6, 0, 0, 4, 3, 3, 4, 10, 10, 0, 0, 7, 8, 9, 7, 8, 9, 0, 0, 1, 1, 0]
65	Solution - 	173	33	140	0	0	4	[0, 5, 5, 6, 2, 2, 6, 0, 0, 4, 3, 3, 4, 10, 10, 0, 0, 7, 8, 9, 7, 8, 9, 0, 0, 1, 1, 0]
66	Solution - 	173	33	140	0	0	4	[0, 5, 5, 6, 2, 2, 6, 0, 0, 4, 3, 3, 4, 10, 10, 0, 0, 7, 8, 9, 7, 8, 9, 0, 0, 1, 1, 0]
67	Solution - 	173	33	140	0	0	4	[0, 5, 5, 6, 2, 2, 6, 0, 0, 4, 3, 3, 4, 10, 10, 0, 0, 7, 8, 9, 7, 8, 9, 0, 0, 1, 1, 0]
68	Solution - 	173	33	140	0	0	4	[0, 5, 5, 6, 2, 2, 6, 0, 0, 4, 3, 3, 4, 10, 10, 0, 0, 7, 8, 9, 7, 8, 9, 0, 0, 1, 1, 0]
69	Solution - 	173	33	140	0	0	4	[0, 5, 5, 6, 2, 2, 6, 0, 0, 4, 3, 3, 4, 10, 10, 0, 0, 7, 8, 9, 7, 8, 9, 0, 0, 1, 1, 0]
70	Solution - 	173	33	140	0	0	4	[0, 5, 5, 6, 2, 2, 6, 0, 0, 4, 3, 3, 4, 10, 10, 0, 0, 7, 8, 9, 7, 8, 9, 0, 0, 1, 1, 0]
71	Solution - 	173	33	140	0	0	4	[0, 5, 5, 6, 2, 2, 6, 0, 0, 4, 3, 3, 4, 10, 10, 0, 0, 7, 8, 9, 7, 8, 9, 0, 0, 1, 1, 0]
72	Solution - 	173	33	140	0	0	4	[0, 5, 5, 6, 2, 2, 6, 0, 0, 4, 3, 3, 4, 10, 10, 0, 0, 7, 8, 9, 7, 8, 9, 0, 0, 1, 1, 0]
73	Solution - 	151	28	123	0	0	3	[0, 5, 5, 6, 1, 2, 1, 2, 6, 0, 0, 4, 3, 3, 4, 10, 10, 0, 0, 7, 8, 9, 7, 8, 9, 0]
74	Solution - 	151	28	123	0	0	3	[0, 5, 5, 6, 1, 2, 1, 2, 6, 0, 0, 4, 3, 3, 4, 10, 10, 0, 0, 7, 8, 9, 7, 8, 9, 0]
75	Solution - 	151	28	123	0	0	3	[0, 5, 5, 6, 1, 2, 1, 2, 6, 0, 0, 4, 3, 3, 4, 10, 10, 0, 0, 7, 8, 9, 7, 8, 9, 0]
76	Solution - 	151	28	123	0	0	3	[0, 5, 5, 6, 1, 2, 1, 2, 6, 0, 0, 4, 3, 3, 4, 10, 10, 0, 0, 7, 8, 9, 7, 8, 9, 0]
77	Solution - 	151	28	123	0	0	3	[0, 5, 5, 6, 1, 2, 1, 2, 6, 0, 0, 4, 3, 3, 4, 10, 10, 0, 0, 7, 8, 9, 7, 8, 9, 0]
78	Solution - 	151	28	123	0	0	3	[0, 5, 5, 6, 1, 2, 1, 2, 6, 0, 0, 4, 3, 3, 4, 10, 10, 0, 0, 7, 8, 9, 7, 8, 9, 0]
79	Solution - 	151	28	123	0	0	3	[0, 5, 5, 6, 1, 2, 1, 2, 6, 0, 0, 4, 3, 3, 4, 10, 10, 0, 0, 7, 8, 9, 7, 8, 9, 0]
80	Solution - 	151	28	123	0	0	3	[0, 5, 5, 6, 1, 2, 1, 2, 6, 0, 0, 4, 3, 3, 4, 10, 10, 0, 0, 7, 8, 9, 7, 8, 9, 0]
81	Solution - 	151	28	123	0	0	3	[0, 5, 5, 6, 1, 2, 1, 2, 6, 0, 0, 4, 3, 3, 4, 10, 10, 0, 0, 7, 8, 9, 7, 8, 9, 0]
82	Solution - 	151	28	123	0	0	3	[0, 5, 5, 6, 1, 2, 1, 2, 6, 0, 0, 4, 3, 3, 4, 10, 10, 0, 0, 7, 8, 9, 7, 8, 9, 0]
83	Solution - 	151	28	123	0	0	3	[0, 5, 5, 6, 1, 2, 1, 2, 6, 0, 0, 4, 3, 3, 4, 10, 10, 0, 0, 7, 8, 9, 7, 8, 9, 0]
84	Solution - 	149	24	107	6	0	3	[0, 5, 5, 6, 1, 2, 1, 2, 6, 0, 0, 10, 3, 4, 3, 4, 10, 0, 0, 7, 8, 9, 7, 8, 9, 0]
85	Solution - 	149	24	107	6	0	3	[0, 5, 5, 6, 1, 2, 1, 2, 6, 0, 0, 10, 3, 4, 3, 4, 10, 0, 0, 7, 8, 9, 7, 8, 9, 0]
86	Solution - 	149	24	107	6	0	3	[0, 5, 5, 6, 1, 2, 1, 2, 6, 0, 0, 10, 3, 4, 3, 4, 10, 0, 0, 7, 8, 9, 7, 8, 9, 0]
87	Solution - 	149	24	107	6	0	3	[0, 5, 5, 6, 1, 2, 1, 2, 6, 0, 0, 10, 3, 4, 3, 4, 10, 0, 0, 7, 8, 9, 7, 8, 9, 0]
88	Solution - 	149	24	107	6	0	3	[0, 5, 5, 6, 1, 2, 1, 2, 6, 0, 0, 10, 3, 4, 3, 4, 10, 0, 0, 7, 8, 9, 7, 8, 9, 0]
89	Solution - 	149	24	107	6	0	3	[0, 5, 5, 6, 1, 2, 1, 2, 6, 0, 0, 10, 3, 4, 3, 4, 10, 0, 0, 7, 8, 9, 7, 8, 9, 0]
90	Solution - 	149	24	107	6	0	3	[0, 5, 5, 6, 1, 2, 1, 2, 6, 0, 0, 10, 3, 4, 3, 4, 10, 0, 0, 7, 8, 9, 7, 8, 9, 0]
91	Solution - 	149	24	107	6	0	3	[0, 5, 5, 6, 1, 2, 1, 2, 6, 0, 0, 10, 3, 4, 3, 4, 10, 0, 0, 7, 8, 9, 7, 8, 9, 0]
92	Solution - 	149	24	107	6	0	3	[0, 5, 5, 6, 1, 2, 1, 2, 6, 0, 0, 10, 3, 4, 3, 4, 10, 0, 0, 7, 8, 9, 7, 8, 9, 0]
93	Solution - 	149	24	107	6	0	3	[0, 5, 5, 6, 1, 2, 1, 2, 6, 0, 0, 10, 3, 4, 3, 4, 10, 0, 0, 7, 8, 9, 7, 8, 9, 0]
94	Solution - 	149	24	107	6	0	3	[0, 5, 5, 6, 1, 2, 1, 2, 6, 0, 0, 10, 3, 4, 3, 4, 10, 0, 0, 7, 8, 9, 7, 8, 9, 0]
95	Solution - 	149	24	107	6	0	3	[0, 5, 5, 6, 1, 2, 1, 2, 6, 0, 0, 10, 3, 4, 3, 4, 10, 0, 0, 7, 8, 9, 7, 8, 9, 0]
96	Solution - 	149	24	107	6	0	3	[0, 5, 5, 6, 1, 2, 1, 2, 6, 0, 0, 10, 3, 4, 3, 4, 10, 0, 0, 7, 8, 9, 7, 8, 9, 0]
97	Solution - 	149	24	107	6	0	3	[0, 5, 5, 6, 1, 2, 1, 2, 6, 0, 0, 10, 3, 4, 3, 4, 10, 0, 0, 7, 8, 9, 7, 8, 9, 0]
98	Solution - 	149	24	107	6	0	3	[0, 5, 5, 6, 1, 2, 1, 2, 6, 0, 0, 10, 3, 4, 3, 4, 10, 0, 0, 7, 8, 9, 7, 8, 9, 0]
99	Solution - 	149	24	107	6	0	3	[0, 5, 5, 6, 1, 2, 1, 2, 6, 0, 0, 10, 3, 4, 3, 4, 10, 0, 0, 7, 8, 9, 7, 8, 9, 0]
100	Solution - 	149	24	107	6	0	3	[0, 5, 5, 6, 1, 2, 1, 2, 6, 0, 0, 10, 3, 4, 3, 4, 10, 0, 0, 7, 8, 9, 7, 8, 9, 0]
101	Solution - 	149	24	107	6	0	3	[0, 5, 5, 6, 1, 2, 1, 2, 6, 0, 0, 10, 3, 4, 3, 4, 10, 0, 0, 7, 8, 9, 7, 8, 9, 0]
102	Solution - 	149	24	107	6	0	3	[0, 5, 5, 6, 1, 2, 1, 2, 6, 0, 0, 10, 3, 4, 3, 4, 10, 0, 0, 7, 8, 9, 7, 8, 9, 0]
103	Solution - 	149	24	107	6	0	3	[0, 5, 5, 6, 1, 2, 1, 2, 6, 0, 0, 10, 3, 4, 3, 4, 10, 0, 0, 7, 8, 9, 7, 8, 9, 0]
104	Solution - 	149	24	107	6	0	3	[0, 5, 5, 6, 1, 2, 1, 2, 6, 0, 0, 10, 3, 4, 3, 4, 10, 0, 0, 7, 8, 9, 7, 8, 9, 0]
105	Solution - 	149	24	107	6	0	3	[0, 5, 5, 6, 1, 2, 1, 2, 6, 0, 0, 10, 3, 4, 3, 4, 10, 0, 0, 7, 8, 9, 7, 8, 9, 0]
106	Solution - 	149	24	107	6	0	3	[0, 5, 5, 6, 1, 2, 1, 2, 6, 0, 0, 10, 3, 4, 3, 4, 10, 0, 0, 7, 8, 9, 7, 8, 9, 0]
107	Solution - 	149	24	107	6	0	3	[0, 5, 5, 6, 1, 2, 1, 2, 6, 0, 0, 10, 3, 4, 3, 4, 10, 0, 0, 7, 8, 9, 7, 8, 9, 0]
108	Solution - 	149	24	107	6	0	3	[0, 5, 5, 6, 1, 2, 1, 2, 6, 0, 0, 10, 3, 4, 3, 4, 10, 0, 0, 7, 8, 9, 7, 8, 9, 0]
109	Solution - 	149	24	107	6	0	3	[0, 5, 5, 6, 1, 2, 1, 2, 6, 0, 0, 10, 3, 4, 3, 4, 10, 0, 0, 7, 8, 9, 7, 8, 9, 0]
110	Solution - 	149	24	107	6	0	3	[0, 5, 5, 6, 1, 2, 1, 2, 6, 0, 0, 10, 3, 4, 3, 4, 10, 0, 0, 7, 8, 9, 7, 8, 9, 0]
111	Solution - 	149	24	107	6	0	3	[0, 5, 5, 6, 1, 2, 1, 2, 6, 0, 0, 10, 3, 4, 3, 4, 10, 0, 0, 7, 8, 9, 7, 8, 9, 0]
112	Solution - 	149	24	107	6	0	3	[0, 5, 5, 6, 1, 2, 1, 2, 6, 0, 0, 10, 3, 4, 3, 4, 10, 0, 0, 7, 8, 9, 7, 8, 9, 0]
113	Solution - 	149	24	107	6	0	3	[0, 5, 5, 6, 1, 2, 1, 2, 6, 0, 0, 10, 3, 4, 3, 4, 10, 0, 0, 7, 8, 9, 7, 8, 9, 0]
114	Solution - 	149	24	107	6	0	3	[0, 5, 5, 6, 1, 2, 1, 2, 6, 0, 0, 10, 3, 4, 3, 4, 10, 0, 0, 7, 8, 9, 7, 8, 9, 0]
115	Solution - 	149	24	107	6	0	3	[0, 5, 5, 6, 1, 2, 1, 2, 6, 0, 0, 10, 3, 4, 3, 4, 10, 0, 0, 7, 8, 9, 7, 8, 9, 0]
116	Solution - 	149	24	107	6	0	3	[0, 5, 5, 6, 1, 2, 1, 2, 6, 0, 0, 10, 3, 4, 3, 4, 10, 0, 0, 7, 8, 9, 7, 8, 9, 0]
117	Solution - 	149	24	107	6	0	3	[0, 5, 5, 6, 1, 2, 1, 2, 6, 0, 0, 10, 3, 4, 3, 4, 10, 0, 0, 7, 8, 9, 7, 8, 9, 0]
118	Solution - 	149	24	107	6	0	3	[0, 5, 5, 6, 1, 2, 1, 2, 6, 0, 0, 10, 3, 4, 3, 4, 10, 0, 0, 7, 8, 9, 7, 8, 9, 0]
119	Solution - 	149	24	107	6	0	3	[0, 5, 5, 6, 1, 2, 1, 2, 6, 0, 0, 10, 3, 4, 3, 4, 10, 0, 0, 7, 8, 9, 7, 8, 9, 0]
120	Solution - 	149	24	107	6	0	3	[0, 5, 5, 6, 1, 2, 1, 2, 6, 0, 0, 10, 3, 4, 3, 4, 10, 0, 0, 7, 8, 9, 7, 8, 9, 0]
121	Solution - 	149	24	107	6	0	3	[0, 5, 5, 6, 1, 2, 1, 2, 6, 0, 0, 10, 3, 4, 3, 4, 10, 0, 0, 7, 8, 9, 7, 8, 9, 0]
122	Solution - 	149	24	107	6	0	3	[0, 5, 5, 6, 1, 2, 1, 2, 6, 0, 0, 10, 3, 4, 3, 4, 10, 0, 0, 7, 8, 9, 7, 8, 9, 0]
123	Solution - 	149	24	107	6	0	3	[0, 5, 5, 6, 1, 2, 1, 2, 6, 0, 0, 10, 3, 4, 3, 4, 10, 0, 0, 7, 8, 9, 7, 8, 9, 0]
124	Solution - 	149	24	107	6	0	3	[0, 5, 5, 6, 1, 2, 1, 2, 6, 0, 0, 10, 3, 4, 3, 4, 10, 0, 0, 7, 8, 9, 7, 8, 9, 0]
125	Solution - 	149	24	107	6	0	3	[0, 5, 5, 6, 1, 2, 1, 2, 6, 0, 0, 10, 3, 4, 3, 4, 10, 0, 0, 7, 8, 9, 7, 8, 9, 0]
126	Solution - 	149	24	107	6	0	3	[0, 5, 5, 6, 1, 2, 1, 2, 6, 0, 0, 10, 3, 4, 3, 4, 10, 0, 0, 7, 8, 9, 7, 8, 9, 0]
127	Solution - 	149	24	107	6	0	3	[0, 5, 5, 6, 1, 2, 1, 2, 6, 0, 0, 10, 3, 4, 3, 4, 10, 0, 0, 7, 8, 9, 7, 8, 9, 0]
128	Solution - 	149	24	107	6	0	3	[0, 5, 5, 6, 1, 2, 1, 2, 6, 0, 0, 10, 3, 4, 3, 4, 10, 0, 0, 7, 8, 9, 7, 8, 9, 0]
129	Solution - 	149	24	107	6	0	3	[0, 5, 5, 6, 1, 2, 1, 2, 6, 0, 0, 10, 3, 4, 3, 4, 10, 0, 0, 7, 8, 9, 7, 8, 9, 0]
130	Solution - 	149	24	107	6	0	3	[0, 5, 5, 6, 1, 2, 1, 2, 6, 0, 0, 10, 3, 4, 3, 4, 10, 0, 0, 7, 8, 9, 7, 8, 9, 0]
131	Solution - 	149	24	107	6	0	3	[0, 5, 5, 6, 1, 2, 1, 2, 6, 0, 0, 10, 3, 4, 3, 4, 10, 0, 0, 7, 8, 9, 7, 8, 9, 0]
132	Solution - 	149	24	107	6	0	3	[0, 5, 5, 6, 1, 2, 1, 2, 6, 0, 0, 10, 3, 4, 3, 4, 10, 0, 0, 7, 8, 9, 7, 8, 9, 0]
133	Solution - 	149	24	107	6	0	3	[0, 5, 5, 6, 1, 2, 1, 2, 6, 0, 0, 10, 3, 4, 3, 4, 10, 0, 0, 7, 8, 9, 7, 8, 9, 0]
134	Solution - 	149	24	107	6	0	3	[0, 5, 5, 6, 1, 2, 1, 2, 6, 0, 0, 10, 3, 4, 3, 4, 10, 0, 0, 7, 8, 9, 7, 8, 9, 0]
135	Solution - 	149	24	107	6	0	3	[0, 5, 5, 6, 1, 2, 1, 2, 6, 0, 0, 10, 3, 4, 3, 4, 10, 0, 0, 7, 8, 9, 7, 8, 9, 0]
136	Solution - 	149	24	107	6	0	3	[0, 5, 5, 6, 1, 2, 1, 2, 6, 0, 0, 10, 3, 4, 3, 4, 10, 0, 0, 7, 8, 9, 7, 8, 9, 0]
137	Solution - 	149	24	107	6	0	3	[0, 5, 5, 6, 1, 2, 1, 2, 6, 0, 0, 10, 3, 4, 3, 4, 10, 0, 0, 7, 8, 9, 7, 8, 9, 0]
138	Solution - 	149	24	107	6	0	3	[0, 5, 5, 6, 1, 2, 1, 2, 6, 0, 0, 10, 3, 4, 3, 4, 10, 0, 0, 7, 8, 9, 7, 8, 9, 0]
139	Solution - 	149	24	107	6	0	3	[0, 5, 5, 6, 1, 2, 1, 2, 6, 0, 0, 10, 3, 4, 3, 4, 10, 0, 0, 7, 8, 9, 7, 8, 9, 0]
140	Solution - 	149	24	107	6	0	3	[0, 5, 5, 6, 1, 2, 1, 2, 6, 0, 0, 10, 3, 4, 3, 4, 10, 0, 0, 7, 8, 9, 7, 8, 9, 0]
141	Solution - 	149	24	107	6	0	3	[0, 5, 5, 6, 1, 2, 1, 2, 6, 0, 0, 10, 3, 4, 3, 4, 10, 0, 0, 7, 8, 9, 7, 8, 9, 0]
142	Solution - 	149	24	107	6	0	3	[0, 5, 5, 6, 1, 2, 1, 2, 6, 0, 0, 10, 3, 4, 3, 4, 10, 0, 0, 7, 8, 9, 7, 8, 9, 0]
143	Solution - 	149	24	107	6	0	3	[0, 5, 5, 6, 1, 2, 1, 2, 6, 0, 0, 10, 3, 4, 3, 4, 10, 0, 0, 7, 8, 9, 7, 8, 9, 0]
144	Solution - 	149	24	107	6	0	3	[0, 5, 5, 6, 1, 2, 1, 2, 6, 0, 0, 10, 3, 4, 3, 4, 10, 0, 0, 7, 8, 9, 7, 8, 9, 0]
145	Solution - 	149	24	107	6	0	3	[0, 5, 5, 6, 1, 2, 1, 2, 6, 0, 0, 10, 3, 4, 3, 4, 10, 0, 0, 7, 8, 9, 7, 8, 9, 0]
146	Solution - 	149	24	107	6	0	3	[0, 5, 5, 6, 1, 2, 1, 2, 6, 0, 0, 10, 3, 4, 3, 4, 10, 0, 0, 7, 8, 9, 7, 8, 9, 0]
147	Solution - 	149	24	107	6	0	3	[0, 5, 5, 6, 1, 2, 1, 2, 6, 0, 0, 10, 3, 4, 3, 4, 10, 0, 0, 7, 8, 9, 7, 8, 9, 0]
148	Solution - 	149	24	107	6	0	3	[0, 5, 5, 6, 1, 2, 1, 2, 6, 0, 0, 10, 3, 4, 3, 4, 10, 0, 0, 7, 8, 9, 7, 8, 9, 0]
149	Solution - 	149	24	107	6	0	3	[0, 5, 5, 6, 1, 2, 1, 2, 6, 0, 0, 10, 3, 4, 3, 4, 10, 0, 0, 7, 8, 9, 7, 8, 9, 0]
150	Solution - 	149	24	107	6	0	3	[0, 5, 5, 6, 1, 2, 1, 2, 6, 0, 0, 10, 3, 4, 3, 4, 10, 0, 0, 7, 8, 9, 7, 8, 9, 0]
151	Solution - 	149	24	107	6	0	3	[0, 5, 5, 6, 1, 2, 1, 2, 6, 0, 0, 10, 3, 4, 3, 4, 10, 0, 0, 7, 8, 9, 7, 8, 9, 0]
152	Solution - 	149	24	107	6	0	3	[0, 5, 5, 6, 1, 2, 1, 2, 6, 0, 0, 10, 3, 4, 3, 4, 10, 0, 0, 7, 8, 9, 7, 8, 9, 0]
153	Solution - 	149	24	107	6	0	3	[0, 5, 5, 6, 1, 2, 1, 2, 6, 0, 0, 10, 3, 4, 3, 4, 10, 0, 0, 7, 8, 9, 7, 8, 9, 0]
154	Solution - 	149	24	107	6	0	3	[0, 5, 5, 6, 1, 2, 1, 2, 6, 0, 0, 10, 3, 4, 3, 4, 10, 0, 0, 7, 8, 9, 7, 8, 9, 0]
155	Solution - 	149	24	107	6	0	3	[0, 5, 5, 6, 1, 2, 1, 2, 6, 0, 0, 10, 3, 4, 3, 4, 10, 0, 0, 7, 8, 9, 7, 8, 9, 0]
156	Solution - 	149	24	107	6	0	3	[0, 5, 5, 6, 1, 2, 1, 2, 6, 0, 0, 10, 3, 4, 3, 4, 10, 0, 0, 7, 8, 9, 7, 8, 9, 0]
157	Solution - 	149	24	107	6	0	3	[0, 5, 5, 6, 1, 2, 1, 2, 6, 0, 0, 10, 3, 4, 3, 4, 10, 0, 0, 7, 8, 9, 7, 8, 9, 0]
158	Solution - 	149	24	107	6	0	3	[0, 5, 5, 6, 1, 2, 1, 2, 6, 0, 0, 10, 3, 4, 3, 4, 10, 0, 0, 7, 8, 9, 7, 8, 9, 0]
159	Solution - 	149	24	107	6	0	3	[0, 5, 5, 6, 1, 2, 1, 2, 6, 0, 0, 10, 3, 4, 3, 4, 10, 0, 0, 7, 8, 9, 7, 8, 9, 0]
160	Solution - 	149	24	107	6	0	3	[0, 5, 5, 6, 1, 2, 1, 2, 6, 0, 0, 10, 3, 4, 3, 4, 10, 0, 0, 7, 8, 9, 7, 8, 9, 0]
161	Solution - 	149	24	107	6	0	3	[0, 5, 5, 6, 1, 2, 1, 2, 6, 0, 0, 10, 3, 4, 3, 4, 10, 0, 0, 7, 8, 9, 7, 8, 9, 0]
162	Solution - 	149	24	107	6	0	3	[0, 5, 5, 6, 1, 2, 1, 2, 6, 0, 0, 10, 3, 4, 3, 4, 10, 0, 0, 7, 8, 9, 7, 8, 9, 0]
163	Solution - 	149	24	107	6	0	3	[0, 5, 5, 6, 1, 2, 1, 2, 6, 0, 0, 10, 3, 4, 3, 4, 10, 0, 0, 7, 8, 9, 7, 8, 9, 0]
164	Solution - 	149	24	107	6	0	3	[0, 5, 5, 6, 1, 2, 1, 2, 6, 0, 0, 10, 3, 4, 3, 4, 10, 0, 0, 7, 8, 9, 7, 8, 9, 0]
165	Solution - 	149	24	107	6	0	3	[0, 5, 5, 6, 1, 2, 1, 2, 6, 0, 0, 10, 3, 4, 3, 4, 10, 0, 0, 7, 8, 9, 7, 8, 9, 0]
166	Solution - 	149	24	107	6	0	3	[0, 5, 5, 6, 1, 2, 1, 2, 6, 0, 0, 10, 3, 4, 3, 4, 10, 0, 0, 7, 8, 9, 7, 8, 9, 0]
167	Solution - 	149	24	107	6	0	3	[0, 5, 5, 6, 1, 2, 1, 2, 6, 0, 0, 10, 3, 4, 3, 4, 10, 0, 0, 7, 8, 9, 7, 8, 9, 0]
168	Solution - 	149	24	107	6	0	3	[0, 5, 5, 6, 1, 2, 1, 2, 6, 0, 0, 10, 3, 4, 3, 4, 10, 0, 0, 7, 8, 9, 7, 8, 9, 0]
169	Solution - 	149	24	107	6	0	3	[0, 5, 5, 6, 1, 2, 1, 2, 6, 0, 0, 10, 3, 4, 3, 4, 10, 0, 0, 7, 8, 9, 7, 8, 9, 0]
170	Solution - 	149	24	107	6	0	3	[0, 5, 5, 6, 1, 2, 1, 2, 6, 0, 0, 10, 3, 4, 3, 4, 10, 0, 0, 7, 8, 9, 7, 8, 9, 0]
171	Solution - 	149	24	107	6	0	3	[0, 5, 5, 6, 1, 2, 1, 2, 6, 0, 0, 10, 3, 4, 3, 4, 10, 0, 0, 7, 8, 9, 7, 8, 9, 0]
172	Solution - 	149	24	107	6	0	3	[0, 5, 5, 6, 1, 2, 1, 2, 6, 0, 0, 10, 3, 4, 3, 4, 10, 0, 0, 7, 8, 9, 7, 8, 9, 0]
173	Solution - 	149	24	107	6	0	3	[0, 5, 5, 6, 1, 2, 1, 2, 6, 0, 0, 10, 3, 4, 3, 4, 10, 0, 0, 7, 8, 9, 7, 8, 9, 0]
174	Solution - 	149	24	107	6	0	3	[0, 5, 5, 6, 1, 2, 1, 2, 6, 0, 0, 10, 3, 4, 3, 4, 10, 0, 0, 7, 8, 9, 7, 8, 9, 0]
175	Solution - 	149	24	107	6	0	3	[0, 5, 5, 6, 1, 2, 1, 2, 6, 0, 0, 10, 3, 4, 3, 4, 10, 0, 0, 7, 8, 9, 7, 8, 9, 0]
176	Solution - 	149	24	107	6	0	3	[0, 5, 5, 6, 1, 2, 1, 2, 6, 0, 0, 10, 3, 4, 3, 4, 10, 0, 0, 7, 8, 9, 7, 8, 9, 0]
177	Solution - 	149	24	107	6	0	3	[0, 5, 5, 6, 1, 2, 1, 2, 6, 0, 0, 10, 3, 4, 3, 4, 10, 0, 0, 7, 8, 9, 7, 8, 9, 0]
178	Solution - 	149	24	107	6	0	3	[0, 5, 5, 6, 1, 2, 1, 2, 6, 0, 0, 10, 3, 4, 3, 4, 10, 0, 0, 7, 8, 9, 7, 8, 9, 0]
179	Solution - 	149	24	107	6	0	3	[0, 5, 5, 6, 1, 2, 1, 2, 6, 0, 0, 10, 3, 4, 3, 4, 10, 0, 0, 7, 8, 9, 7, 8, 9, 0]
180	Solution - 	149	24	107	6	0	3	[0, 5, 5, 6, 1, 2, 1, 2, 6, 0, 0, 10, 3, 4, 3, 4, 10, 0, 0, 7, 8, 9, 7, 8, 9, 0]
181	Solution - 	149	24	107	6	0	3	[0, 5, 5, 6, 1, 2, 1, 2, 6, 0, 0, 10, 3, 4, 3, 4, 10, 0, 0, 7, 8, 9, 7, 8, 9, 0]
182	Solution - 	149	24	107	6	0	3	[0, 5, 5, 6, 1, 2, 1, 2, 6, 0, 0, 10, 3, 4, 3, 4, 10, 0, 0, 7, 8, 9, 7, 8, 9, 0]
183	Solution - 	149	24	107	6	0	3	[0, 5, 5, 6, 1, 2, 1, 2, 6, 0, 0, 10, 3, 4, 3, 4, 10, 0, 0, 7, 8, 9, 7, 8, 9, 0]
184	Solution - 	149	24	107	6	0	3	[0, 5, 5, 6, 1, 2, 1, 2, 6, 0, 0, 10, 3, 4, 3, 4, 10, 0, 0, 7, 8, 9, 7, 8, 9, 0]
185	Solution - 	149	24	107	6	0	3	[0, 5, 5, 6, 1, 2, 1, 2, 6, 0, 0, 10, 3, 4, 3, 4, 10, 0, 0, 7, 8, 9, 7, 8, 9, 0]
186	Solution - 	149	24	107	6	0	3	[0, 5, 5, 6, 1, 2, 1, 2, 6, 0, 0, 10, 3, 4, 3, 4, 10, 0, 0, 7, 8, 9, 7, 8, 9, 0]
187	Solution - 	149	24	107	6	0	3	[0, 5, 5, 6, 1, 2, 1, 2, 6, 0, 0, 10, 3, 4, 3, 4, 10, 0, 0, 7, 8, 9, 7, 8, 9, 0]
188	Solution - 	149	24	107	6	0	3	[0, 5, 5, 6, 1, 2, 1, 2, 6, 0, 0, 10, 3, 4, 3, 4, 10, 0, 0, 7, 8, 9, 7, 8, 9, 0]
189	Solution - 	149	24	107	6	0	3	[0, 5, 5, 6, 1, 2, 1, 2, 6, 0, 0, 10, 3, 4, 3, 4, 10, 0, 0, 7, 8, 9, 7, 8, 9, 0]
190	Solution - 	149	24	107	6	0	3	[0, 5, 5, 6, 1, 2, 1, 2, 6, 0, 0, 10, 3, 4, 3, 4, 10, 0, 0, 7, 8, 9, 7, 8, 9, 0]
191	Solution - 	149	24	107	6	0	3	[0, 5, 5, 6, 1, 2, 1, 2, 6, 0, 0, 10, 3, 4, 3, 4, 10, 0, 0, 7, 8, 9, 7, 8, 9, 0]
192	Solution - 	149	24	107	6	0	3	[0, 5, 5, 6, 1, 2, 1, 2, 6, 0, 0, 10, 3, 4, 3, 4, 10, 0, 0, 7, 8, 9, 7, 8, 9, 0]
193	Solution - 	149	24	107	6	0	3	[0, 5, 5, 6, 1, 2, 1, 2, 6, 0, 0, 10, 3, 4, 3, 4, 10, 0, 0, 7, 8, 9, 7, 8, 9, 0]
194	Solution - 	149	24	107	6	0	3	[0, 5, 5, 6, 1, 2, 1, 2, 6, 0, 0, 10, 3, 4, 3, 4, 10, 0, 0, 7, 8, 9, 7, 8, 9, 0]
195	Solution - 	149	24	107	6	0	3	[0, 5, 5, 6, 1, 2, 1, 2, 6, 0, 0, 10, 3, 4, 3, 4, 10, 0, 0, 7, 8, 9, 7, 8, 9, 0]
196	Solution - 	149	24	107	6	0	3	[0, 5, 5, 6, 1, 2, 1, 2, 6, 0, 0, 10, 3, 4, 3, 4, 10, 0, 0, 7, 8, 9, 7, 8, 9, 0]
197	Solution - 	149	24	107	6	0	3	[0, 5, 5, 6, 1, 2, 1, 2, 6, 0, 0, 10, 3, 4, 3, 4, 10, 0, 0, 7, 8, 9, 7, 8, 9, 0]
198	Solution - 	149	24	107	6	0	3	[0, 5, 5, 6, 1, 2, 1, 2, 6, 0, 0, 10, 3, 4, 3, 4, 10, 0, 0, 7, 8, 9, 7, 8, 9, 0]
199	Solution - 	149	24	107	6	0	3	[0, 5, 5, 6, 1, 2, 1, 2, 6, 0, 0, 10, 3, 4, 3, 4, 10, 0, 0, 7, 8, 9, 7, 8, 9, 0]
200	Solution - 	149	24	107	6	0	3	[0, 5, 5, 6, 1, 2, 1, 2, 6, 0, 0, 10, 3, 4, 3, 4, 10, 0, 0, 7, 8, 9, 7, 8, 9, 0]
201	Solution - 	149	24	107	6	0	3	[0, 5, 5, 6, 1, 2, 1, 2, 6, 0, 0, 10, 3, 4, 3, 4, 10, 0, 0, 7, 8, 9, 7, 8, 9, 0]
202	Solution - 	149	24	107	6	0	3	[0, 5, 5, 6, 1, 2, 1, 2, 6, 0, 0, 10, 3, 4, 3, 4, 10, 0, 0, 7, 8, 9, 7, 8, 9, 0]
203	Solution - 	149	24	107	6	0	3	[0, 5, 5, 6, 1, 2, 1, 2, 6, 0, 0, 10, 3, 4, 3, 4, 10, 0, 0, 7, 8, 9, 7, 8, 9, 0]
204	Solution - 	149	24	107	6	0	3	[0, 5, 5, 6, 1, 2, 1, 2, 6, 0, 0, 10, 3, 4, 3, 4, 10, 0, 0, 7, 8, 9, 7, 8, 9, 0]
205	Solution - 	149	24	107	6	0	3	[0, 5, 5, 6, 1, 2, 1, 2, 6, 0, 0, 10, 3, 4, 3, 4, 10, 0, 0, 7, 8, 9, 7, 8, 9, 0]
206	Solution - 	149	24	107	6	0	3	[0, 5, 5, 6, 1, 2, 1, 2, 6, 0, 0, 10, 3, 4, 3, 4, 10, 0, 0, 7, 8, 9, 7, 8, 9, 0]
207	Solution - 	149	24	107	6	0	3	[0, 5, 5, 6, 1, 2, 1, 2, 6, 0, 0, 10, 3, 4, 3, 4, 10, 0, 0, 7, 8, 9, 7, 8, 9, 0]
208	Solution - 	149	24	107	6	0	3	[0, 5, 5, 6, 1, 2, 1, 2, 6, 0, 0, 10, 3, 4, 3, 4, 10, 0, 0, 7, 8, 9, 7, 8, 9, 0]
209	Solution - 	149	24	107	6	0	3	[0, 5, 5, 6, 1, 2, 1, 2, 6, 0, 0, 10, 3, 4, 3, 4, 10, 0, 0, 7, 8, 9, 7, 8, 9, 0]
210	Solution - 	149	24	107	6	0	3	[0, 5, 5, 6, 1, 2, 1, 2, 6, 0, 0, 10, 3, 4, 3, 4, 10, 0, 0, 7, 8, 9, 7, 8, 9, 0]
211	Solution - 	149	24	107	6	0	3	[0, 5, 5, 6, 1, 2, 1, 2, 6, 0, 0, 10, 3, 4, 3, 4, 10, 0, 0, 7, 8, 9, 7, 8, 9, 0]
212	Solution - 	149	24	107	6	0	3	[0, 5, 5, 6, 1, 2, 1, 2, 6, 0, 0, 10, 3, 4, 3, 4, 10, 0, 0, 7, 8, 9, 7, 8, 9, 0]
213	Solution - 	149	24	107	6	0	3	[0, 5, 5, 6, 1, 2, 1, 2, 6, 0, 0, 10, 3, 4, 3, 4, 10, 0, 0, 7, 8, 9, 7, 8, 9, 0]
214	Solution - 	149	24	107	6	0	3	[0, 5, 5, 6, 1, 2, 1, 2, 6, 0, 0, 10, 3, 4, 3, 4, 10, 0, 0, 7, 8, 9, 7, 8, 9, 0]
215	Solution - 	149	24	107	6	0	3	[0, 5, 5, 6, 1, 2, 1, 2, 6, 0, 0, 10, 3, 4, 3, 4, 10, 0, 0, 7, 8, 9, 7, 8, 9, 0]
216	Solution - 	149	24	107	6	0	3	[0, 5, 5, 6, 1, 2, 1, 2, 6, 0, 0, 10, 3, 4, 3, 4, 10, 0, 0, 7, 8, 9, 7, 8, 9, 0]
217	Solution - 	149	24	107	6	0	3	[0, 5, 5, 6, 1, 2, 1, 2, 6, 0, 0, 10, 3, 4, 3, 4, 10, 0, 0, 7, 8, 9, 7, 8, 9, 0]
218	Solution - 	149	24	107	6	0	3	[0, 5, 5, 6, 1, 2, 1, 2, 6, 0, 0, 10, 3, 4, 3, 4, 10, 0, 0, 7, 8, 9, 7, 8, 9, 0]
219	Solution - 	149	24	107	6	0	3	[0, 5, 5, 6, 1, 2, 1, 2, 6, 0, 0, 10, 3, 4, 3, 4, 10, 0, 0, 7, 8, 9, 7, 8, 9, 0]
220	Solution - 	149	24	107	6	0	3	[0, 5, 5, 6, 1, 2, 1, 2, 6, 0, 0, 10, 3, 4, 3, 4, 10, 0, 0, 7, 8, 9, 7, 8, 9, 0]
221	Solution - 	149	24	107	6	0	3	[0, 5, 5, 6, 1, 2, 1, 2, 6, 0, 0, 10, 3, 4, 3, 4, 10, 0, 0, 7, 8, 9, 7, 8, 9, 0]
222	Solution - 	149	24	107	6	0	3	[0, 5, 5, 6, 1, 2, 1, 2, 6, 0, 0, 10, 3, 4, 3, 4, 10, 0, 0, 7, 8, 9, 7, 8, 9, 0]
223	Solution - 	149	24	107	6	0	3	[0, 5, 5, 6, 1, 2, 1, 2, 6, 0, 0, 10, 3, 4, 3, 4, 10, 0, 0, 7, 8, 9, 7, 8, 9, 0]
224	Solution - 	149	24	107	6	0	3	[0, 5, 5, 6, 1, 2, 1, 2, 6, 0, 0, 10, 3, 4, 3, 4, 10, 0, 0, 7, 8, 9, 7, 8, 9, 0]
225	Solution - 	149	24	107	6	0	3	[0, 5, 5, 6, 1, 2, 1, 2, 6, 0, 0, 10, 3, 4, 3, 4, 10, 0, 0, 7, 8, 9, 7, 8, 9, 0]
226	Solution - 	149	24	107	6	0	3	[0, 5, 5, 6, 1, 2, 1, 2, 6, 0, 0, 10, 3, 4, 3, 4, 10, 0, 0, 7, 8, 9, 7, 8, 9, 0]
227	Solution - 	149	24	107	6	0	3	[0, 5, 5, 6, 1, 2, 1, 2, 6, 0, 0, 10, 3, 4, 3, 4, 10, 0, 0, 7, 8, 9, 7, 8, 9, 0]
228	Solution - 	149	24	107	6	0	3	[0, 5, 5, 6, 1, 2, 1, 2, 6, 0, 0, 10, 3, 4, 3, 4, 10, 0, 0, 7, 8, 9, 7, 8, 9, 0]
229	Solution - 	149	24	107	6	0	3	[0, 5, 5, 6, 1, 2, 1, 2, 6, 0, 0, 10, 3, 4, 3, 4, 10, 0, 0, 7, 8, 9, 7, 8, 9, 0]
230	Solution - 	149	24	107	6	0	3	[0, 5, 5, 6, 1, 2, 1, 2, 6, 0, 0, 10, 3, 4, 3, 4, 10, 0, 0, 7, 8, 9, 7, 8, 9, 0]
231	Solution - 	149	24	107	6	0	3	[0, 5, 5, 6, 1, 2, 1, 2, 6, 0, 0, 10, 3, 4, 3, 4, 10, 0, 0, 7, 8, 9, 7, 8, 9, 0]
232	Solution - 	149	24	107	6	0	3	[0, 5, 5, 6, 1, 2, 1, 2, 6, 0, 0, 10, 3, 4, 3, 4, 10, 0, 0, 7, 8, 9, 7, 8, 9, 0]
233	Solution - 	149	24	107	6	0	3	[0, 5, 5, 6, 1, 2, 1, 2, 6, 0, 0, 10, 3, 4, 3, 4, 10, 0, 0, 7, 8, 9, 7, 8, 9, 0]
234	Solution - 	149	24	107	6	0	3	[0, 5, 5, 6, 1, 2, 1, 2, 6, 0, 0, 10, 3, 4, 3, 4, 10, 0, 0, 7, 8, 9, 7, 8, 9, 0]
235	Solution - 	149	24	107	6	0	3	[0, 5, 5, 6, 1, 2, 1, 2, 6, 0, 0, 10, 3, 4, 3, 4, 10, 0, 0, 7, 8, 9, 7, 8, 9, 0]
236	Solution - 	149	24	107	6	0	3	[0, 5, 5, 6, 1, 2, 1, 2, 6, 0, 0, 10, 3, 4, 3, 4, 10, 0, 0, 7, 8, 9, 7, 8, 9, 0]
237	Solution - 	149	24	107	6	0	3	[0, 5, 5, 6, 1, 2, 1, 2, 6, 0, 0, 10, 3, 4, 3, 4, 10, 0, 0, 7, 8, 9, 7, 8, 9, 0]
238	Solution - 	149	24	107	6	0	3	[0, 5, 5, 6, 1, 2, 1, 2, 6, 0, 0, 10, 3, 4, 3, 4, 10, 0, 0, 7, 8, 9, 7, 8, 9, 0]
239	Solution - 	149	24	107	6	0	3	[0, 5, 5, 6, 1, 2, 1, 2, 6, 0, 0, 10, 3, 4, 3, 4, 10, 0, 0, 7, 8, 9, 7, 8, 9, 0]
240	Solution - 	149	24	107	6	0	3	[0, 5, 5, 6, 1, 2, 1, 2, 6, 0, 0, 10, 3, 4, 3, 4, 10, 0, 0, 7, 8, 9, 7, 8, 9, 0]
241	Solution - 	149	24	107	6	0	3	[0, 5, 5, 6, 1, 2, 1, 2, 6, 0, 0, 10, 3, 4, 3, 4, 10, 0, 0, 7, 8, 9, 7, 8, 9, 0]
242	Solution - 	149	24	107	6	0	3	[0, 5, 5, 6, 1, 2, 1, 2, 6, 0, 0, 10, 3, 4, 3, 4, 10, 0, 0, 7, 8, 9, 7, 8, 9, 0]
243	Solution - 	149	24	107	6	0	3	[0, 5, 5, 6, 1, 2, 1, 2, 6, 0, 0, 10, 3, 4, 3, 4, 10, 0, 0, 7, 8, 9, 7, 8, 9, 0]
244	Solution - 	149	24	107	6	0	3	[0, 5, 5, 6, 1, 2, 1, 2, 6, 0, 0, 10, 3, 4, 3, 4, 10, 0, 0, 7, 8, 9, 7, 8, 9, 0]
245	Solution - 	149	24	107	6	0	3	[0, 5, 5, 6, 1, 2, 1, 2, 6, 0, 0, 10, 3, 4, 3, 4, 10, 0, 0, 7, 8, 9, 7, 8, 9, 0]
246	Solution - 	149	24	107	6	0	3	[0, 5, 5, 6, 1, 2, 1, 2, 6, 0, 0, 10, 3, 4, 3, 4, 10, 0, 0, 7, 8, 9, 7, 8, 9, 0]
247	Solution - 	149	24	107	6	0	3	[0, 5, 5, 6, 1, 2, 1, 2, 6, 0, 0, 10, 3, 4, 3, 4, 10, 0, 0, 7, 8, 9, 7, 8, 9, 0]
248	Solution - 	149	24	107	6	0	3	[0, 5, 5, 6, 1, 2, 1, 2, 6, 0, 0, 10, 3, 4, 3, 4, 10, 0, 0, 7, 8, 9, 7, 8, 9, 0]
249	Solution - 	149	24	107	6	0	3	[0, 5, 5, 6, 1, 2, 1, 2, 6, 0, 0, 10, 3, 4, 3, 4, 10, 0, 0, 7, 8, 9, 7, 8, 9, 0]
250	Solution - 	149	24	107	6	0	3	[0, 5, 5, 6, 1, 2, 1, 2, 6, 0, 0, 10, 3, 4, 3, 4, 10, 0, 0, 7, 8, 9, 7, 8, 9, 0]
251	Solution - 	149	24	107	6	0	3	[0, 5, 5, 6, 1, 2, 1, 2, 6, 0, 0, 10, 3, 4, 3, 4, 10, 0, 0, 7, 8, 9, 7, 8, 9, 0]
252	Solution - 	149	24	107	6	0	3	[0, 5, 5, 6, 1, 2, 1, 2, 6, 0, 0, 10, 3, 4, 3, 4, 10, 0, 0, 7, 8, 9, 7, 8, 9, 0]
253	Solution - 	149	24	107	6	0	3	[0, 5, 5, 6, 1, 2, 1, 2, 6, 0, 0, 10, 3, 4, 3, 4, 10, 0, 0, 7, 8, 9, 7, 8, 9, 0]
254	Solution - 	149	24	107	6	0	3	[0, 5, 5, 6, 1, 2, 1, 2, 6, 0, 0, 10, 3, 4, 3, 4, 10, 0, 0, 7, 8, 9, 7, 8, 9, 0]
255	Solution - 	149	24	107	6	0	3	[0, 5, 5, 6, 1, 2, 1, 2, 6, 0, 0, 10, 3, 4, 3, 4, 10, 0, 0, 7, 8, 9, 7, 8, 9, 0]
256	Solution - 	149	24	107	6	0	3	[0, 5, 5, 6, 1, 2, 1, 2, 6, 0, 0, 10, 3, 4, 3, 4, 10, 0, 0, 7, 8, 9, 7, 8, 9, 0]
257	Solution - 	149	24	107	6	0	3	[0, 5, 5, 6, 1, 2, 1, 2, 6, 0, 0, 10, 3, 4, 3, 4, 10, 0, 0, 7, 8, 9, 7, 8, 9, 0]
258	Solution - 	149	24	107	6	0	3	[0, 5, 5, 6, 1, 2, 1, 2, 6, 0, 0, 10, 3, 4, 3, 4, 10, 0, 0, 7, 8, 9, 7, 8, 9, 0]
259	Solution - 	149	24	107	6	0	3	[0, 5, 5, 6, 1, 2, 1, 2, 6, 0, 0, 10, 3, 4, 3, 4, 10, 0, 0, 7, 8, 9, 7, 8, 9, 0]
260	Solution - 	149	24	107	6	0	3	[0, 5, 5, 6, 1, 2, 1, 2, 6, 0, 0, 10, 3, 4, 3, 4, 10, 0, 0, 7, 8, 9, 7, 8, 9, 0]
261	Solution - 	149	24	107	6	0	3	[0, 5, 5, 6, 1, 2, 1, 2, 6, 0, 0, 10, 3, 4, 3, 4, 10, 0, 0, 7, 8, 9, 7, 8, 9, 0]
262	Solution - 	149	24	107	6	0	3	[0, 5, 5, 6, 1, 2, 1, 2, 6, 0, 0, 10, 3, 4, 3, 4, 10, 0, 0, 7, 8, 9, 7, 8, 9, 0]
263	Solution - 	149	24	107	6	0	3	[0, 5, 5, 6, 1, 2, 1, 2, 6, 0, 0, 10, 3, 4, 3, 4, 10, 0, 0, 7, 8, 9, 7, 8, 9, 0]
264	Solution - 	149	24	107	6	0	3	[0, 5, 5, 6, 1, 2, 1, 2, 6, 0, 0, 10, 3, 4, 3, 4, 10, 0, 0, 7, 8, 9, 7, 8, 9, 0]
265	Solution - 	149	24	107	6	0	3	[0, 5, 5, 6, 1, 2, 1, 2, 6, 0, 0, 10, 3, 4, 3, 4, 10, 0, 0, 7, 8, 9, 7, 8, 9, 0]
266	Solution - 	149	24	107	6	0	3	[0, 5, 5, 6, 1, 2, 1, 2, 6, 0, 0, 10, 3, 4, 3, 4, 10, 0, 0, 7, 8, 9, 7, 8, 9, 0]
267	Solution - 	149	24	107	6	0	3	[0, 5, 5, 6, 1, 2, 1, 2, 6, 0, 0, 10, 3, 4, 3, 4, 10, 0, 0, 7, 8, 9, 7, 8, 9, 0]
268	Solution - 	149	24	107	6	0	3	[0, 5, 5, 6, 1, 2, 1, 2, 6, 0, 0, 10, 3, 4, 3, 4, 10, 0, 0, 7, 8, 9, 7, 8, 9, 0]
269	Solution - 	149	24	107	6	0	3	[0, 5, 5, 6, 1, 2, 1, 2, 6, 0, 0, 10, 3, 4, 3, 4, 10, 0, 0, 7, 8, 9, 7, 8, 9, 0]
270	Solution - 	149	24	107	6	0	3	[0, 5, 5, 6, 1, 2, 1, 2, 6, 0, 0, 10, 3, 4, 3, 4, 10, 0, 0, 7, 8, 9, 7, 8, 9, 0]
271	Solution - 	149	24	107	6	0	3	[0, 5, 5, 6, 1, 2, 1, 2, 6, 0, 0, 10, 3, 4, 3, 4, 10, 0, 0, 7, 8, 9, 7, 8, 9, 0]
272	Solution - 	149	24	107	6	0	3	[0, 5, 5, 6, 1, 2, 1, 2, 6, 0, 0, 10, 3, 4, 3, 4, 10, 0, 0, 7, 8, 9, 7, 8, 9, 0]
273	Solution - 	149	24	107	6	0	3	[0, 5, 5, 6, 1, 2, 1, 2, 6, 0, 0, 10, 3, 4, 3, 4, 10, 0, 0, 7, 8, 9, 7, 8, 9, 0]
274	Solution - 	149	24	107	6	0	3	[0, 5, 5, 6, 1, 2, 1, 2, 6, 0, 0, 10, 3, 4, 3, 4, 10, 0, 0, 7, 8, 9, 7, 8, 9, 0]
275	Solution - 	149	24	107	6	0	3	[0, 5, 5, 6, 1, 2, 1, 2, 6, 0, 0, 10, 3, 4, 3, 4, 10, 0, 0, 7, 8, 9, 7, 8, 9, 0]
276	Solution - 	149	24	107	6	0	3	[0, 5, 5, 6, 1, 2, 1, 2, 6, 0, 0, 10, 3, 4, 3, 4, 10, 0, 0, 7, 8, 9, 7, 8, 9, 0]
277	Solution - 	149	24	107	6	0	3	[0, 5, 5, 6, 1, 2, 1, 2, 6, 0, 0, 10, 3, 4, 3, 4, 10, 0, 0, 7, 8, 9, 7, 8, 9, 0]
278	Solution - 	149	24	107	6	0	3	[0, 5, 5, 6, 1, 2, 1, 2, 6, 0, 0, 10, 3, 4, 3, 4, 10, 0, 0, 7, 8, 9, 7, 8, 9, 0]
279	Solution - 	149	24	107	6	0	3	[0, 5, 5, 6, 1, 2, 1, 2, 6, 0, 0, 10, 3, 4, 3, 4, 10, 0, 0, 7, 8, 9, 7, 8, 9, 0]
280	Solution - 	149	24	107	6	0	3	[0, 5, 5, 6, 1, 2, 1, 2, 6, 0, 0, 10, 3, 4, 3, 4, 10, 0, 0, 7, 8, 9, 7, 8, 9, 0]
281	Solution - 	149	24	107	6	0	3	[0, 5, 5, 6, 1, 2, 1, 2, 6, 0, 0, 10, 3, 4, 3, 4, 10, 0, 0, 7, 8, 9, 7, 8, 9, 0]
282	Solution - 	149	24	107	6	0	3	[0, 5, 5, 6, 1, 2, 1, 2, 6, 0, 0, 10, 3, 4, 3, 4, 10, 0, 0, 7, 8, 9, 7, 8, 9, 0]
283	Solution - 	149	24	107	6	0	3	[0, 5, 5, 6, 1, 2, 1, 2, 6, 0, 0, 10, 3, 4, 3, 4, 10, 0, 0, 7, 8, 9, 7, 8, 9, 0]
284	Solution - 	149	24	107	6	0	3	[0, 5, 5, 6, 1, 2, 1, 2, 6, 0, 0, 10, 3, 4, 3, 4, 10, 0, 0, 7, 8, 9, 7, 8, 9, 0]
285	Solution - 	149	24	107	6	0	3	[0, 5, 5, 6, 1, 2, 1, 2, 6, 0, 0, 10, 3, 4, 3, 4, 10, 0, 0, 7, 8, 9, 7, 8, 9, 0]
286	Solution - 	149	24	107	6	0	3	[0, 5, 5, 6, 1, 2, 1, 2, 6, 0, 0, 10, 3, 4, 3, 4, 10, 0, 0, 7, 8, 9, 7, 8, 9, 0]
287	Solution - 	149	24	107	6	0	3	[0, 5, 5, 6, 1, 2, 1, 2, 6, 0, 0, 10, 3, 4, 3, 4, 10, 0, 0, 7, 8, 9, 7, 8, 9, 0]
288	Solution - 	149	24	107	6	0	3	[0, 5, 5, 6, 1, 2, 1, 2, 6, 0, 0, 10, 3, 4, 3, 4, 10, 0, 0, 7, 8, 9, 7, 8, 9, 0]
289	Solution - 	149	24	107	6	0	3	[0, 5, 5, 6, 1, 2, 1, 2, 6, 0, 0, 10, 3, 4, 3, 4, 10, 0, 0, 7, 8, 9, 7, 8, 9, 0]
290	Solution - 	149	24	107	6	0	3	[0, 5, 5, 6, 1, 2, 1, 2, 6, 0, 0, 10, 3, 4, 3, 4, 10, 0, 0, 7, 8, 9, 7, 8, 9, 0]
291	Solution - 	149	24	107	6	0	3	[0, 5, 5, 6, 1, 2, 1, 2, 6, 0, 0, 10, 3, 4, 3, 4, 10, 0, 0, 7, 8, 9, 7, 8, 9, 0]
292	Solution - 	149	24	107	6	0	3	[0, 5, 5, 6, 1, 2, 1, 2, 6, 0, 0, 10, 3, 4, 3, 4, 10, 0, 0, 7, 8, 9, 7, 8, 9, 0]
293	Solution - 	149	24	107	6	0	3	[0, 5, 5, 6, 1, 2, 1, 2, 6, 0, 0, 10, 3, 4, 3, 4, 10, 0, 0, 7, 8, 9, 7, 8, 9, 0]
294	Solution - 	149	24	107	6	0	3	[0, 5, 5, 6, 1, 2, 1, 2, 6, 0, 0, 10, 3, 4, 3, 4, 10, 0, 0, 7, 8, 9, 7, 8, 9, 0]
295	Solution - 	149	24	107	6	0	3	[0, 5, 5, 6, 1, 2, 1, 2, 6, 0, 0, 10, 3, 4, 3, 4, 10, 0, 0, 7, 8, 9, 7, 8, 9, 0]
296	Solution - 	149	24	107	6	0	3	[0, 5, 5, 6, 1, 2, 1, 2, 6, 0, 0, 10, 3, 4, 3, 4, 10, 0, 0, 7, 8, 9, 7, 8, 9, 0]
297	Solution - 	149	24	107	6	0	3	[0, 5, 5, 6, 1, 2, 1, 2, 6, 0, 0, 10, 3, 4, 3, 4, 10, 0, 0, 7, 8, 9, 7, 8, 9, 0]
298	Solution - 	149	24	107	6	0	3	[0, 5, 5, 6, 1, 2, 1, 2, 6, 0, 0, 10, 3, 4, 3, 4, 10, 0, 0, 7, 8, 9, 7, 8, 9, 0]
299	Solution - 	149	24	107	6	0	3	[0, 5, 5, 6, 1, 2, 1, 2, 6, 0, 0, 10, 3, 4, 3, 4, 10, 0, 0, 7, 8, 9, 7, 8, 9, 0]
300	Solution - 	149	24	107	6	0	3	[0, 5, 5, 6, 1, 2, 1, 2, 6, 0, 0, 10, 3, 4, 3, 4, 10, 0, 0, 7, 8, 9, 7, 8, 9, 0]
301	Solution - 	149	24	107	6	0	3	[0, 5, 5, 6, 1, 2, 1, 2, 6, 0, 0, 10, 3, 4, 3, 4, 10, 0, 0, 7, 8, 9, 7, 8, 9, 0]
302	Solution - 	149	24	107	6	0	3	[0, 5, 5, 6, 1, 2, 1, 2, 6, 0, 0, 10, 3, 4, 3, 4, 10, 0, 0, 7, 8, 9, 7, 8, 9, 0]
303	Solution - 	149	24	107	6	0	3	[0, 5, 5, 6, 1, 2, 1, 2, 6, 0, 0, 10, 3, 4, 3, 4, 10, 0, 0, 7, 8, 9, 7, 8, 9, 0]
304	Solution - 	149	24	107	6	0	3	[0, 5, 5, 6, 1, 2, 1, 2, 6, 0, 0, 10, 3, 4, 3, 4, 10, 0, 0, 7, 8, 9, 7, 8, 9, 0]
305	Solution - 	149	24	107	6	0	3	[0, 5, 5, 6, 1, 2, 1, 2, 6, 0, 0, 10, 3, 4, 3, 4, 10, 0, 0, 7, 8, 9, 7, 8, 9, 0]
306	Solution - 	149	24	107	6	0	3	[0, 5, 5, 6, 1, 2, 1, 2, 6, 0, 0, 10, 3, 4, 3, 4, 10, 0, 0, 7, 8, 9, 7, 8, 9, 0]
307	Solution - 	149	24	107	6	0	3	[0, 5, 5, 6, 1, 2, 1, 2, 6, 0, 0, 10, 3, 4, 3, 4, 10, 0, 0, 7, 8, 9, 7, 8, 9, 0]
308	Solution - 	149	24	107	6	0	3	[0, 5, 5, 6, 1, 2, 1, 2, 6, 0, 0, 10, 3, 4, 3, 4, 10, 0, 0, 7, 8, 9, 7, 8, 9, 0]
309	Solution - 	149	24	107	6	0	3	[0, 5, 5, 6, 1, 2, 1, 2, 6, 0, 0, 10, 3, 4, 3, 4, 10, 0, 0, 7, 8, 9, 7, 8, 9, 0]
310	Solution - 	149	24	107	6	0	3	[0, 5, 5, 6, 1, 2, 1, 2, 6, 0, 0, 10, 3, 4, 3, 4, 10, 0, 0, 7, 8, 9, 7, 8, 9, 0]
311	Solution - 	149	24	107	6	0	3	[0, 5, 5, 6, 1, 2, 1, 2, 6, 0, 0, 10, 3, 4, 3, 4, 10, 0, 0, 7, 8, 9, 7, 8, 9, 0]
312	Solution - 	149	24	107	6	0	3	[0, 5, 5, 6, 1, 2, 1, 2, 6, 0, 0, 10, 3, 4, 3, 4, 10, 0, 0, 7, 8, 9, 7, 8, 9, 0]
313	Solution - 	149	24	107	6	0	3	[0, 5, 5, 6, 1, 2, 1, 2, 6, 0, 0, 10, 3, 4, 3, 4, 10, 0, 0, 7, 8, 9, 7, 8, 9, 0]
314	Solution - 	149	24	107	6	0	3	[0, 5, 5, 6, 1, 2, 1, 2, 6, 0, 0, 10, 3, 4, 3, 4, 10, 0, 0, 7, 8, 9, 7, 8, 9, 0]
315	Solution - 	149	24	107	6	0	3	[0, 5, 5, 6, 1, 2, 1, 2, 6, 0, 0, 10, 3, 4, 3, 4, 10, 0, 0, 7, 8, 9, 7, 8, 9, 0]
316	Solution - 	149	24	107	6	0	3	[0, 5, 5, 6, 1, 2, 1, 2, 6, 0, 0, 10, 3, 4, 3, 4, 10, 0, 0, 7, 8, 9, 7, 8, 9, 0]
317	Solution - 	149	24	107	6	0	3	[0, 5, 5, 6, 1, 2, 1, 2, 6, 0, 0, 10, 3, 4, 3, 4, 10, 0, 0, 7, 8, 9, 7, 8, 9, 0]
318	Solution - 	149	24	107	6	0	3	[0, 5, 5, 6, 1, 2, 1, 2, 6, 0, 0, 10, 3, 4, 3, 4, 10, 0, 0, 7, 8, 9, 7, 8, 9, 0]
319	Solution - 	149	24	107	6	0	3	[0, 5, 5, 6, 1, 2, 1, 2, 6, 0, 0, 10, 3, 4, 3, 4, 10, 0, 0, 7, 8, 9, 7, 8, 9, 0]
320	Solution - 	149	24	107	6	0	3	[0, 5, 5, 6, 1, 2, 1, 2, 6, 0, 0, 10, 3, 4, 3, 4, 10, 0, 0, 7, 8, 9, 7, 8, 9, 0]
321	Solution - 	149	24	107	6	0	3	[0, 5, 5, 6, 1, 2, 1, 2, 6, 0, 0, 10, 3, 4, 3, 4, 10, 0, 0, 7, 8, 9, 7, 8, 9, 0]
322	Solution - 	149	24	107	6	0	3	[0, 5, 5, 6, 1, 2, 1, 2, 6, 0, 0, 10, 3, 4, 3, 4, 10, 0, 0, 7, 8, 9, 7, 8, 9, 0]
323	Solution - 	149	24	107	6	0	3	[0, 5, 5, 6, 1, 2, 1, 2, 6, 0, 0, 10, 3, 4, 3, 4, 10, 0, 0, 7, 8, 9, 7, 8, 9, 0]
324	Solution - 	149	24	107	6	0	3	[0, 5, 5, 6, 1, 2, 1, 2, 6, 0, 0, 10, 3, 4, 3, 4, 10, 0, 0, 7, 8, 9, 7, 8, 9, 0]
325	Solution - 	149	24	107	6	0	3	[0, 5, 5, 6, 1, 2, 1, 2, 6, 0, 0, 10, 3, 4, 3, 4, 10, 0, 0, 7, 8, 9, 7, 8, 9, 0]
326	Solution - 	149	24	107	6	0	3	[0, 5, 5, 6, 1, 2, 1, 2, 6, 0, 0, 10, 3, 4, 3, 4, 10, 0, 0, 7, 8, 9, 7, 8, 9, 0]
327	Solution - 	149	24	107	6	0	3	[0, 5, 5, 6, 1, 2, 1, 2, 6, 0, 0, 10, 3, 4, 3, 4, 10, 0, 0, 7, 8, 9, 7, 8, 9, 0]
328	Solution - 	149	24	107	6	0	3	[0, 5, 5, 6, 1, 2, 1, 2, 6, 0, 0, 10, 3, 4, 3, 4, 10, 0, 0, 7, 8, 9, 7, 8, 9, 0]
329	Solution - 	149	24	107	6	0	3	[0, 5, 5, 6, 1, 2, 1, 2, 6, 0, 0, 10, 3, 4, 3, 4, 10, 0, 0, 7, 8, 9, 7, 8, 9, 0]
330	Solution - 	149	24	107	6	0	3	[0, 5, 5, 6, 1, 2, 1, 2, 6, 0, 0, 10, 3, 4, 3, 4, 10, 0, 0, 7, 8, 9, 7, 8, 9, 0]
331	Solution - 	149	24	107	6	0	3	[0, 5, 5, 6, 1, 2, 1, 2, 6, 0, 0, 10, 3, 4, 3, 4, 10, 0, 0, 7, 8, 9, 7, 8, 9, 0]
332	Solution - 	149	24	107	6	0	3	[0, 5, 5, 6, 1, 2, 1, 2, 6, 0, 0, 10, 3, 4, 3, 4, 10, 0, 0, 7, 8, 9, 7, 8, 9, 0]
333	Solution - 	149	24	107	6	0	3	[0, 5, 5, 6, 1, 2, 1, 2, 6, 0, 0, 10, 3, 4, 3, 4, 10, 0, 0, 7, 8, 9, 7, 8, 9, 0]
334	Solution - 	149	24	107	6	0	3	[0, 5, 5, 6, 1, 2, 1, 2, 6, 0, 0, 10, 3, 4, 3, 4, 10, 0, 0, 7, 8, 9, 7, 8, 9, 0]
335	Solution - 	149	24	107	6	0	3	[0, 5, 5, 6, 1, 2, 1, 2, 6, 0, 0, 10, 3, 4, 3, 4, 10, 0, 0, 7, 8, 9, 7, 8, 9, 0]
336	Solution - 	149	24	107	6	0	3	[0, 5, 5, 6, 1, 2, 1, 2, 6, 0, 0, 10, 3, 4, 3, 4, 10, 0, 0, 7, 8, 9, 7, 8, 9, 0]
337	Solution - 	149	24	107	6	0	3	[0, 5, 5, 6, 1, 2, 1, 2, 6, 0, 0, 10, 3, 4, 3, 4, 10, 0, 0, 7, 8, 9, 7, 8, 9, 0]
338	Solution - 	149	24	107	6	0	3	[0, 5, 5, 6, 1, 2, 1, 2, 6, 0, 0, 10, 3, 4, 3, 4, 10, 0, 0, 7, 8, 9, 7, 8, 9, 0]
339	Solution - 	149	24	107	6	0	3	[0, 5, 5, 6, 1, 2, 1, 2, 6, 0, 0, 10, 3, 4, 3, 4, 10, 0, 0, 7, 8, 9, 7, 8, 9, 0]
340	Solution - 	149	24	107	6	0	3	[0, 5, 5, 6, 1, 2, 1, 2, 6, 0, 0, 10, 3, 4, 3, 4, 10, 0, 0, 7, 8, 9, 7, 8, 9, 0]
341	Solution - 	149	24	107	6	0	3	[0, 5, 5, 6, 1, 2, 1, 2, 6, 0, 0, 10, 3, 4, 3, 4, 10, 0, 0, 7, 8, 9, 7, 8, 9, 0]
342	Solution - 	149	24	107	6	0	3	[0, 5, 5, 6, 1, 2, 1, 2, 6, 0, 0, 10, 3, 4, 3, 4, 10, 0, 0, 7, 8, 9, 7, 8, 9, 0]
343	Solution - 	149	24	107	6	0	3	[0, 5, 5, 6, 1, 2, 1, 2, 6, 0, 0, 10, 3, 4, 3, 4, 10, 0, 0, 7, 8, 9, 7, 8, 9, 0]
344	Solution - 	149	24	107	6	0	3	[0, 5, 5, 6, 1, 2, 1, 2, 6, 0, 0, 10, 3, 4, 3, 4, 10, 0, 0, 7, 8, 9, 7, 8, 9, 0]
345	Solution - 	149	24	107	6	0	3	[0, 5, 5, 6, 1, 2, 1, 2, 6, 0, 0, 10, 3, 4, 3, 4, 10, 0, 0, 7, 8, 9, 7, 8, 9, 0]
346	Solution - 	149	24	107	6	0	3	[0, 5, 5, 6, 1, 2, 1, 2, 6, 0, 0, 10, 3, 4, 3, 4, 10, 0, 0, 7, 8, 9, 7, 8, 9, 0]
347	Solution - 	149	24	107	6	0	3	[0, 5, 5, 6, 1, 2, 1, 2, 6, 0, 0, 10, 3, 4, 3, 4, 10, 0, 0, 7, 8, 9, 7, 8, 9, 0]
348	Solution - 	149	24	107	6	0	3	[0, 5, 5, 6, 1, 2, 1, 2, 6, 0, 0, 10, 3, 4, 3, 4, 10, 0, 0, 7, 8, 9, 7, 8, 9, 0]
349	Solution - 	149	24	107	6	0	3	[0, 5, 5, 6, 1, 2, 1, 2, 6, 0, 0, 10, 3, 4, 3, 4, 10, 0, 0, 7, 8, 9, 7, 8, 9, 0]
350	Solution - 	149	24	107	6	0	3	[0, 5, 5, 6, 1, 2, 1, 2, 6, 0, 0, 10, 3, 4, 3, 4, 10, 0, 0, 7, 8, 9, 7, 8, 9, 0]
351	Solution - 	149	24	107	6	0	3	[0, 5, 5, 6, 1, 2, 1, 2, 6, 0, 0, 10, 3, 4, 3, 4, 10, 0, 0, 7, 8, 9, 7, 8, 9, 0]
352	Solution - 	149	24	107	6	0	3	[0, 5, 5, 6, 1, 2, 1, 2, 6, 0, 0, 10, 3, 4, 3, 4, 10, 0, 0, 7, 8, 9, 7, 8, 9, 0]
353	Solution - 	149	24	107	6	0	3	[0, 5, 5, 6, 1, 2, 1, 2, 6, 0, 0, 10, 3, 4, 3, 4, 10, 0, 0, 7, 8, 9, 7, 8, 9, 0]
354	Solution - 	149	24	107	6	0	3	[0, 5, 5, 6, 1, 2, 1, 2, 6, 0, 0, 10, 3, 4, 3, 4, 10, 0, 0, 7, 8, 9, 7, 8, 9, 0]
355	Solution - 	149	24	107	6	0	3	[0, 5, 5, 6, 1, 2, 1, 2, 6, 0, 0, 10, 3, 4, 3, 4, 10, 0, 0, 7, 8, 9, 7, 8, 9, 0]
356	Solution - 	149	24	107	6	0	3	[0, 5, 5, 6, 1, 2, 1, 2, 6, 0, 0, 10, 3, 4, 3, 4, 10, 0, 0, 7, 8, 9, 7, 8, 9, 0]
357	Solution - 	149	24	107	6	0	3	[0, 5, 5, 6, 1, 2, 1, 2, 6, 0, 0, 10, 3, 4, 3, 4, 10, 0, 0, 7, 8, 9, 7, 8, 9, 0]
358	Solution - 	149	24	107	6	0	3	[0, 5, 5, 6, 1, 2, 1, 2, 6, 0, 0, 10, 3, 4, 3, 4, 10, 0, 0, 7, 8, 9, 7, 8, 9, 0]
359	Solution - 	149	24	107	6	0	3	[0, 5, 5, 6, 1, 2, 1, 2, 6, 0, 0, 10, 3, 4, 3, 4, 10, 0, 0, 7, 8, 9, 7, 8, 9, 0]
360	Solution - 	149	24	107	6	0	3	[0, 5, 5, 6, 1, 2, 1, 2, 6, 0, 0, 10, 3, 4, 3, 4, 10, 0, 0, 7, 8, 9, 7, 8, 9, 0]
361	Solution - 	149	24	107	6	0	3	[0, 5, 5, 6, 1, 2, 1, 2, 6, 0, 0, 10, 3, 4, 3, 4, 10, 0, 0, 7, 8, 9, 7, 8, 9, 0]
362	Solution - 	149	24	107	6	0	3	[0, 5, 5, 6, 1, 2, 1, 2, 6, 0, 0, 10, 3, 4, 3, 4, 10, 0, 0, 7, 8, 9, 7, 8, 9, 0]
363	Solution - 	149	24	107	6	0	3	[0, 5, 5, 6, 1, 2, 1, 2, 6, 0, 0, 10, 3, 4, 3, 4, 10, 0, 0, 7, 8, 9, 7, 8, 9, 0]
364	Solution - 	149	24	107	6	0	3	[0, 5, 5, 6, 1, 2, 1, 2, 6, 0, 0, 10, 3, 4, 3, 4, 10, 0, 0, 7, 8, 9, 7, 8, 9, 0]
365	Solution - 	149	24	107	6	0	3	[0, 5, 5, 6, 1, 2, 1, 2, 6, 0, 0, 10, 3, 4, 3, 4, 10, 0, 0, 7, 8, 9, 7, 8, 9, 0]
366	Solution - 	149	24	107	6	0	3	[0, 5, 5, 6, 1, 2, 1, 2, 6, 0, 0, 10, 3, 4, 3, 4, 10, 0, 0, 7, 8, 9, 7, 8, 9, 0]
367	Solution - 	149	24	107	6	0	3	[0, 5, 5, 6, 1, 2, 1, 2, 6, 0, 0, 10, 3, 4, 3, 4, 10, 0, 0, 7, 8, 9, 7, 8, 9, 0]
368	Solution - 	149	24	107	6	0	3	[0, 5, 5, 6, 1, 2, 1, 2, 6, 0, 0, 10, 3, 4, 3, 4, 10, 0, 0, 7, 8, 9, 7, 8, 9, 0]
369	Solution - 	149	24	107	6	0	3	[0, 5, 5, 6, 1, 2, 1, 2, 6, 0, 0, 10, 3, 4, 3, 4, 10, 0, 0, 7, 8, 9, 7, 8, 9, 0]
370	Solution - 	149	24	107	6	0	3	[0, 5, 5, 6, 1, 2, 1, 2, 6, 0, 0, 10, 3, 4, 3, 4, 10, 0, 0, 7, 8, 9, 7, 8, 9, 0]
371	Solution - 	149	24	107	6	0	3	[0, 5, 5, 6, 1, 2, 1, 2, 6, 0, 0, 10, 3, 4, 3, 4, 10, 0, 0, 7, 8, 9, 7, 8, 9, 0]
372	Solution - 	149	24	107	6	0	3	[0, 5, 5, 6, 1, 2, 1, 2, 6, 0, 0, 10, 3, 4, 3, 4, 10, 0, 0, 7, 8, 9, 7, 8, 9, 0]
373	Solution - 	149	24	107	6	0	3	[0, 5, 5, 6, 1, 2, 1, 2, 6, 0, 0, 10, 3, 4, 3, 4, 10, 0, 0, 7, 8, 9, 7, 8, 9, 0]
374	Solution - 	149	24	107	6	0	3	[0, 5, 5, 6, 1, 2, 1, 2, 6, 0, 0, 10, 3, 4, 3, 4, 10, 0, 0, 7, 8, 9, 7, 8, 9, 0]
375	Solution - 	149	24	107	6	0	3	[0, 5, 5, 6, 1, 2, 1, 2, 6, 0, 0, 10, 3, 4, 3, 4, 10, 0, 0, 7, 8, 9, 7, 8, 9, 0]
376	Solution - 	149	24	107	6	0	3	[0, 5, 5, 6, 1, 2, 1, 2, 6, 0, 0, 10, 3, 4, 3, 4, 10, 0, 0, 7, 8, 9, 7, 8, 9, 0]
377	Solution - 	149	24	107	6	0	3	[0, 5, 5, 6, 1, 2, 1, 2, 6, 0, 0, 10, 3, 4, 3, 4, 10, 0, 0, 7, 8, 9, 7, 8, 9, 0]
378	Solution - 	149	24	107	6	0	3	[0, 5, 5, 6, 1, 2, 1, 2, 6, 0, 0, 10, 3, 4, 3, 4, 10, 0, 0, 7, 8, 9, 7, 8, 9, 0]
379	Solution - 	149	24	107	6	0	3	[0, 5, 5, 6, 1, 2, 1, 2, 6, 0, 0, 10, 3, 4, 3, 4, 10, 0, 0, 7, 8, 9, 7, 8, 9, 0]
380	Solution - 	149	24	107	6	0	3	[0, 5, 5, 6, 1, 2, 1, 2, 6, 0, 0, 10, 3, 4, 3, 4, 10, 0, 0, 7, 8, 9, 7, 8, 9, 0]
381	Solution - 	149	24	107	6	0	3	[0, 5, 5, 6, 1, 2, 1, 2, 6, 0, 0, 10, 3, 4, 3, 4, 10, 0, 0, 7, 8, 9, 7, 8, 9, 0]
382	Solution - 	149	24	107	6	0	3	[0, 5, 5, 6, 1, 2, 1, 2, 6, 0, 0, 10, 3, 4, 3, 4, 10, 0, 0, 7, 8, 9, 7, 8, 9, 0]
383	Solution - 	149	24	107	6	0	3	[0, 5, 5, 6, 1, 2, 1, 2, 6, 0, 0, 10, 3, 4, 3, 4, 10, 0, 0, 7, 8, 9, 7, 8, 9, 0]
384	Solution - 	149	24	107	6	0	3	[0, 5, 5, 6, 1, 2, 1, 2, 6, 0, 0, 10, 3, 4, 3, 4, 10, 0, 0, 7, 8, 9, 7, 8, 9, 0]
385	Solution - 	149	24	107	6	0	3	[0, 5, 5, 6, 1, 2, 1, 2, 6, 0, 0, 10, 3, 4, 3, 4, 10, 0, 0, 7, 8, 9, 7, 8, 9, 0]
386	Solution - 	149	24	107	6	0	3	[0, 5, 5, 6, 1, 2, 1, 2, 6, 0, 0, 10, 3, 4, 3, 4, 10, 0, 0, 7, 8, 9, 7, 8, 9, 0]
387	Solution - 	149	24	107	6	0	3	[0, 5, 5, 6, 1, 2, 1, 2, 6, 0, 0, 10, 3, 4, 3, 4, 10, 0, 0, 7, 8, 9, 7, 8, 9, 0]
388	Solution - 	149	24	107	6	0	3	[0, 5, 5, 6, 1, 2, 1, 2, 6, 0, 0, 10, 3, 4, 3, 4, 10, 0, 0, 7, 8, 9, 7, 8, 9, 0]
389	Solution - 	149	24	107	6	0	3	[0, 5, 5, 6, 1, 2, 1, 2, 6, 0, 0, 10, 3, 4, 3, 4, 10, 0, 0, 7, 8, 9, 7, 8, 9, 0]
390	Solution - 	149	24	107	6	0	3	[0, 5, 5, 6, 1, 2, 1, 2, 6, 0, 0, 10, 3, 4, 3, 4, 10, 0, 0, 7, 8, 9, 7, 8, 9, 0]
391	Solution - 	149	24	107	6	0	3	[0, 5, 5, 6, 1, 2, 1, 2, 6, 0, 0, 10, 3, 4, 3, 4, 10, 0, 0, 7, 8, 9, 7, 8, 9, 0]
392	Solution - 	149	24	107	6	0	3	[0, 5, 5, 6, 1, 2, 1, 2, 6, 0, 0, 10, 3, 4, 3, 4, 10, 0, 0, 7, 8, 9, 7, 8, 9, 0]
393	Solution - 	149	24	107	6	0	3	[0, 5, 5, 6, 1, 2, 1, 2, 6, 0, 0, 10, 3, 4, 3, 4, 10, 0, 0, 7, 8, 9, 7, 8, 9, 0]
394	Solution - 	149	24	107	6	0	3	[0, 5, 5, 6, 1, 2, 1, 2, 6, 0, 0, 10, 3, 4, 3, 4, 10, 0, 0, 7, 8, 9, 7, 8, 9, 0]
395	Solution - 	149	24	107	6	0	3	[0, 5, 5, 6, 1, 2, 1, 2, 6, 0, 0, 10, 3, 4, 3, 4, 10, 0, 0, 7, 8, 9, 7, 8, 9, 0]
396	Solution - 	149	24	107	6	0	3	[0, 5, 5, 6, 1, 2, 1, 2, 6, 0, 0, 10, 3, 4, 3, 4, 10, 0, 0, 7, 8, 9, 7, 8, 9, 0]
397	Solution - 	149	24	107	6	0	3	[0, 5, 5, 6, 1, 2, 1, 2, 6, 0, 0, 10, 3, 4, 3, 4, 10, 0, 0, 7, 8, 9, 7, 8, 9, 0]
398	Solution - 	149	24	107	6	0	3	[0, 5, 5, 6, 1, 2, 1, 2, 6, 0, 0, 10, 3, 4, 3, 4, 10, 0, 0, 7, 8, 9, 7, 8, 9, 0]
399	Solution - 	149	24	107	6	0	3	[0, 5, 5, 6, 1, 2, 1, 2, 6, 0, 0, 10, 3, 4, 3, 4, 10, 0, 0, 7, 8, 9, 7, 8, 9, 0]
400	Solution - 	149	24	107	6	0	3	[0, 5, 5, 6, 1, 2, 1, 2, 6, 0, 0, 10, 3, 4, 3, 4, 10, 0, 0, 7, 8, 9, 7, 8, 9, 0]
401	Solution - 	149	24	107	6	0	3	[0, 5, 5, 6, 1, 2, 1, 2, 6, 0, 0, 10, 3, 4, 3, 4, 10, 0, 0, 7, 8, 9, 7, 8, 9, 0]
402	Solution - 	149	24	107	6	0	3	[0, 5, 5, 6, 1, 2, 1, 2, 6, 0, 0, 10, 3, 4, 3, 4, 10, 0, 0, 7, 8, 9, 7, 8, 9, 0]
403	Solution - 	149	24	107	6	0	3	[0, 5, 5, 6, 1, 2, 1, 2, 6, 0, 0, 10, 3, 4, 3, 4, 10, 0, 0, 7, 8, 9, 7, 8, 9, 0]
404	Solution - 	149	24	107	6	0	3	[0, 5, 5, 6, 1, 2, 1, 2, 6, 0, 0, 10, 3, 4, 3, 4, 10, 0, 0, 7, 8, 9, 7, 8, 9, 0]
405	Solution - 	149	24	107	6	0	3	[0, 5, 5, 6, 1, 2, 1, 2, 6, 0, 0, 10, 3, 4, 3, 4, 10, 0, 0, 7, 8, 9, 7, 8, 9, 0]
406	Solution - 	149	24	107	6	0	3	[0, 5, 5, 6, 1, 2, 1, 2, 6, 0, 0, 10, 3, 4, 3, 4, 10, 0, 0, 7, 8, 9, 7, 8, 9, 0]
407	Solution - 	149	24	107	6	0	3	[0, 5, 5, 6, 1, 2, 1, 2, 6, 0, 0, 10, 3, 4, 3, 4, 10, 0, 0, 7, 8, 9, 7, 8, 9, 0]
408	Solution - 	149	24	107	6	0	3	[0, 5, 5, 6, 1, 2, 1, 2, 6, 0, 0, 10, 3, 4, 3, 4, 10, 0, 0, 7, 8, 9, 7, 8, 9, 0]
409	Solution - 	149	24	107	6	0	3	[0, 5, 5, 6, 1, 2, 1, 2, 6, 0, 0, 10, 3, 4, 3, 4, 10, 0, 0, 7, 8, 9, 7, 8, 9, 0]
410	Solution - 	149	24	107	6	0	3	[0, 5, 5, 6, 1, 2, 1, 2, 6, 0, 0, 10, 3, 4, 3, 4, 10, 0, 0, 7, 8, 9, 7, 8, 9, 0]
411	Solution - 	149	24	107	6	0	3	[0, 5, 5, 6, 1, 2, 1, 2, 6, 0, 0, 10, 3, 4, 3, 4, 10, 0, 0, 7, 8, 9, 7, 8, 9, 0]
412	Solution - 	149	24	107	6	0	3	[0, 5, 5, 6, 1, 2, 1, 2, 6, 0, 0, 10, 3, 4, 3, 4, 10, 0, 0, 7, 8, 9, 7, 8, 9, 0]
413	Solution - 	149	24	107	6	0	3	[0, 5, 5, 6, 1, 2, 1, 2, 6, 0, 0, 10, 3, 4, 3, 4, 10, 0, 0, 7, 8, 9, 7, 8, 9, 0]
414	Solution - 	149	24	107	6	0	3	[0, 5, 5, 6, 1, 2, 1, 2, 6, 0, 0, 10, 3, 4, 3, 4, 10, 0, 0, 7, 8, 9, 7, 8, 9, 0]
415	Solution - 	149	24	107	6	0	3	[0, 5, 5, 6, 1, 2, 1, 2, 6, 0, 0, 10, 3, 4, 3, 4, 10, 0, 0, 7, 8, 9, 7, 8, 9, 0]
416	Solution - 	149	24	107	6	0	3	[0, 5, 5, 6, 1, 2, 1, 2, 6, 0, 0, 10, 3, 4, 3, 4, 10, 0, 0, 7, 8, 9, 7, 8, 9, 0]
417	Solution - 	149	24	107	6	0	3	[0, 5, 5, 6, 1, 2, 1, 2, 6, 0, 0, 10, 3, 4, 3, 4, 10, 0, 0, 7, 8, 9, 7, 8, 9, 0]
418	Solution - 	149	24	107	6	0	3	[0, 5, 5, 6, 1, 2, 1, 2, 6, 0, 0, 10, 3, 4, 3, 4, 10, 0, 0, 7, 8, 9, 7, 8, 9, 0]
419	Solution - 	149	24	107	6	0	3	[0, 5, 5, 6, 1, 2, 1, 2, 6, 0, 0, 10, 3, 4, 3, 4, 10, 0, 0, 7, 8, 9, 7, 8, 9, 0]
420	Solution - 	149	24	107	6	0	3	[0, 5, 5, 6, 1, 2, 1, 2, 6, 0, 0, 10, 3, 4, 3, 4, 10, 0, 0, 7, 8, 9, 7, 8, 9, 0]
421	Solution - 	149	24	107	6	0	3	[0, 5, 5, 6, 1, 2, 1, 2, 6, 0, 0, 10, 3, 4, 3, 4, 10, 0, 0, 7, 8, 9, 7, 8, 9, 0]
422	Solution - 	149	24	107	6	0	3	[0, 5, 5, 6, 1, 2, 1, 2, 6, 0, 0, 10, 3, 4, 3, 4, 10, 0, 0, 7, 8, 9, 7, 8, 9, 0]
423	Solution - 	149	24	107	6	0	3	[0, 5, 5, 6, 1, 2, 1, 2, 6, 0, 0, 10, 3, 4, 3, 4, 10, 0, 0, 7, 8, 9, 7, 8, 9, 0]
424	Solution - 	149	24	107	6	0	3	[0, 5, 5, 6, 1, 2, 1, 2, 6, 0, 0, 10, 3, 4, 3, 4, 10, 0, 0, 7, 8, 9, 7, 8, 9, 0]
425	Solution - 	149	24	107	6	0	3	[0, 5, 5, 6, 1, 2, 1, 2, 6, 0, 0, 10, 3, 4, 3, 4, 10, 0, 0, 7, 8, 9, 7, 8, 9, 0]
426	Solution - 	149	24	107	6	0	3	[0, 5, 5, 6, 1, 2, 1, 2, 6, 0, 0, 10, 3, 4, 3, 4, 10, 0, 0, 7, 8, 9, 7, 8, 9, 0]
427	Solution - 	149	24	107	6	0	3	[0, 5, 5, 6, 1, 2, 1, 2, 6, 0, 0, 10, 3, 4, 3, 4, 10, 0, 0, 7, 8, 9, 7, 8, 9, 0]
428	Solution - 	149	24	107	6	0	3	[0, 5, 5, 6, 1, 2, 1, 2, 6, 0, 0, 10, 3, 4, 3, 4, 10, 0, 0, 7, 8, 9, 7, 8, 9, 0]
429	Solution - 	149	24	107	6	0	3	[0, 5, 5, 6, 1, 2, 1, 2, 6, 0, 0, 10, 3, 4, 3, 4, 10, 0, 0, 7, 8, 9, 7, 8, 9, 0]
430	Solution - 	149	24	107	6	0	3	[0, 5, 5, 6, 1, 2, 1, 2, 6, 0, 0, 10, 3, 4, 3, 4, 10, 0, 0, 7, 8, 9, 7, 8, 9, 0]
431	Solution - 	149	24	107	6	0	3	[0, 5, 5, 6, 1, 2, 1, 2, 6, 0, 0, 10, 3, 4, 3, 4, 10, 0, 0, 7, 8, 9, 7, 8, 9, 0]
432	Solution - 	149	24	107	6	0	3	[0, 5, 5, 6, 1, 2, 1, 2, 6, 0, 0, 10, 3, 4, 3, 4, 10, 0, 0, 7, 8, 9, 7, 8, 9, 0]
433	Solution - 	149	24	107	6	0	3	[0, 5, 5, 6, 1, 2, 1, 2, 6, 0, 0, 10, 3, 4, 3, 4, 10, 0, 0, 7, 8, 9, 7, 8, 9, 0]
434	Solution - 	149	24	107	6	0	3	[0, 5, 5, 6, 1, 2, 1, 2, 6, 0, 0, 10, 3, 4, 3, 4, 10, 0, 0, 7, 8, 9, 7, 8, 9, 0]
435	Solution - 	149	24	107	6	0	3	[0, 5, 5, 6, 1, 2, 1, 2, 6, 0, 0, 10, 3, 4, 3, 4, 10, 0, 0, 7, 8, 9, 7, 8, 9, 0]
436	Solution - 	149	24	107	6	0	3	[0, 5, 5, 6, 1, 2, 1, 2, 6, 0, 0, 10, 3, 4, 3, 4, 10, 0, 0, 7, 8, 9, 7, 8, 9, 0]
437	Solution - 	149	24	107	6	0	3	[0, 5, 5, 6, 1, 2, 1, 2, 6, 0, 0, 10, 3, 4, 3, 4, 10, 0, 0, 7, 8, 9, 7, 8, 9, 0]
438	Solution - 	149	24	107	6	0	3	[0, 5, 5, 6, 1, 2, 1, 2, 6, 0, 0, 10, 3, 4, 3, 4, 10, 0, 0, 7, 8, 9, 7, 8, 9, 0]
439	Solution - 	149	24	107	6	0	3	[0, 5, 5, 6, 1, 2, 1, 2, 6, 0, 0, 10, 3, 4, 3, 4, 10, 0, 0, 7, 8, 9, 7, 8, 9, 0]
440	Solution - 	149	24	107	6	0	3	[0, 5, 5, 6, 1, 2, 1, 2, 6, 0, 0, 10, 3, 4, 3, 4, 10, 0, 0, 7, 8, 9, 7, 8, 9, 0]
441	Solution - 	149	24	107	6	0	3	[0, 5, 5, 6, 1, 2, 1, 2, 6, 0, 0, 10, 3, 4, 3, 4, 10, 0, 0, 7, 8, 9, 7, 8, 9, 0]
442	Solution - 	149	24	107	6	0	3	[0, 5, 5, 6, 1, 2, 1, 2, 6, 0, 0, 10, 3, 4, 3, 4, 10, 0, 0, 7, 8, 9, 7, 8, 9, 0]
443	Solution - 	149	24	107	6	0	3	[0, 5, 5, 6, 1, 2, 1, 2, 6, 0, 0, 10, 3, 4, 3, 4, 10, 0, 0, 7, 8, 9, 7, 8, 9, 0]
444	Solution - 	149	24	107	6	0	3	[0, 5, 5, 6, 1, 2, 1, 2, 6, 0, 0, 10, 3, 4, 3, 4, 10, 0, 0, 7, 8, 9, 7, 8, 9, 0]
445	Solution - 	149	24	107	6	0	3	[0, 5, 5, 6, 1, 2, 1, 2, 6, 0, 0, 10, 3, 4, 3, 4, 10, 0, 0, 7, 8, 9, 7, 8, 9, 0]
446	Solution - 	149	24	107	6	0	3	[0, 5, 5, 6, 1, 2, 1, 2, 6, 0, 0, 10, 3, 4, 3, 4, 10, 0, 0, 7, 8, 9, 7, 8, 9, 0]
447	Solution - 	149	24	107	6	0	3	[0, 5, 5, 6, 1, 2, 1, 2, 6, 0, 0, 10, 3, 4, 3, 4, 10, 0, 0, 7, 8, 9, 7, 8, 9, 0]
448	Solution - 	149	24	107	6	0	3	[0, 5, 5, 6, 1, 2, 1, 2, 6, 0, 0, 10, 3, 4, 3, 4, 10, 0, 0, 7, 8, 9, 7, 8, 9, 0]
449	Solution - 	149	24	107	6	0	3	[0, 5, 5, 6, 1, 2, 1, 2, 6, 0, 0, 10, 3, 4, 3, 4, 10, 0, 0, 7, 8, 9, 7, 8, 9, 0]
450	Solution - 	149	24	107	6	0	3	[0, 5, 5, 6, 1, 2, 1, 2, 6, 0, 0, 10, 3, 4, 3, 4, 10, 0, 0, 7, 8, 9, 7, 8, 9, 0]
451	Solution - 	149	24	107	6	0	3	[0, 5, 5, 6, 1, 2, 1, 2, 6, 0, 0, 10, 3, 4, 3, 4, 10, 0, 0, 7, 8, 9, 7, 8, 9, 0]
452	Solution - 	149	24	107	6	0	3	[0, 5, 5, 6, 1, 2, 1, 2, 6, 0, 0, 10, 3, 4, 3, 4, 10, 0, 0, 7, 8, 9, 7, 8, 9, 0]
453	Solution - 	149	24	107	6	0	3	[0, 5, 5, 6, 1, 2, 1, 2, 6, 0, 0, 10, 3, 4, 3, 4, 10, 0, 0, 7, 8, 9, 7, 8, 9, 0]
454	Solution - 	149	24	107	6	0	3	[0, 5, 5, 6, 1, 2, 1, 2, 6, 0, 0, 10, 3, 4, 3, 4, 10, 0, 0, 7, 8, 9, 7, 8, 9, 0]
455	Solution - 	149	24	107	6	0	3	[0, 5, 5, 6, 1, 2, 1, 2, 6, 0, 0, 10, 3, 4, 3, 4, 10, 0, 0, 7, 8, 9, 7, 8, 9, 0]
456	Solution - 	149	24	107	6	0	3	[0, 5, 5, 6, 1, 2, 1, 2, 6, 0, 0, 10, 3, 4, 3, 4, 10, 0, 0, 7, 8, 9, 7, 8, 9, 0]
457	Solution - 	149	24	107	6	0	3	[0, 5, 5, 6, 1, 2, 1, 2, 6, 0, 0, 10, 3, 4, 3, 4, 10, 0, 0, 7, 8, 9, 7, 8, 9, 0]
458	Solution - 	149	24	107	6	0	3	[0, 5, 5, 6, 1, 2, 1, 2, 6, 0, 0, 10, 3, 4, 3, 4, 10, 0, 0, 7, 8, 9, 7, 8, 9, 0]
459	Solution - 	149	24	107	6	0	3	[0, 5, 5, 6, 1, 2, 1, 2, 6, 0, 0, 10, 3, 4, 3, 4, 10, 0, 0, 7, 8, 9, 7, 8, 9, 0]
460	Solution - 	149	24	107	6	0	3	[0, 5, 5, 6, 1, 2, 1, 2, 6, 0, 0, 10, 3, 4, 3, 4, 10, 0, 0, 7, 8, 9, 7, 8, 9, 0]
461	Solution - 	149	24	107	6	0	3	[0, 5, 5, 6, 1, 2, 1, 2, 6, 0, 0, 10, 3, 4, 3, 4, 10, 0, 0, 7, 8, 9, 7, 8, 9, 0]
462	Solution - 	149	24	107	6	0	3	[0, 5, 5, 6, 1, 2, 1, 2, 6, 0, 0, 10, 3, 4, 3, 4, 10, 0, 0, 7, 8, 9, 7, 8, 9, 0]
463	Solution - 	149	24	107	6	0	3	[0, 5, 5, 6, 1, 2, 1, 2, 6, 0, 0, 10, 3, 4, 3, 4, 10, 0, 0, 7, 8, 9, 7, 8, 9, 0]
464	Solution - 	149	24	107	6	0	3	[0, 5, 5, 6, 1, 2, 1, 2, 6, 0, 0, 10, 3, 4, 3, 4, 10, 0, 0, 7, 8, 9, 7, 8, 9, 0]
465	Solution - 	149	24	107	6	0	3	[0, 5, 5, 6, 1, 2, 1, 2, 6, 0, 0, 10, 3, 4, 3, 4, 10, 0, 0, 7, 8, 9, 7, 8, 9, 0]
466	Solution - 	149	24	107	6	0	3	[0, 5, 5, 6, 1, 2, 1, 2, 6, 0, 0, 10, 3, 4, 3, 4, 10, 0, 0, 7, 8, 9, 7, 8, 9, 0]
467	Solution - 	149	24	107	6	0	3	[0, 5, 5, 6, 1, 2, 1, 2, 6, 0, 0, 10, 3, 4, 3, 4, 10, 0, 0, 7, 8, 9, 7, 8, 9, 0]
468	Solution - 	149	24	107	6	0	3	[0, 5, 5, 6, 1, 2, 1, 2, 6, 0, 0, 10, 3, 4, 3, 4, 10, 0, 0, 7, 8, 9, 7, 8, 9, 0]
469	Solution - 	149	24	107	6	0	3	[0, 5, 5, 6, 1, 2, 1, 2, 6, 0, 0, 10, 3, 4, 3, 4, 10, 0, 0, 7, 8, 9, 7, 8, 9, 0]
470	Solution - 	149	24	107	6	0	3	[0, 5, 5, 6, 1, 2, 1, 2, 6, 0, 0, 10, 3, 4, 3, 4, 10, 0, 0, 7, 8, 9, 7, 8, 9, 0]
471	Solution - 	149	24	107	6	0	3	[0, 5, 5, 6, 1, 2, 1, 2, 6, 0, 0, 10, 3, 4, 3, 4, 10, 0, 0, 7, 8, 9, 7, 8, 9, 0]
472	Solution - 	149	24	107	6	0	3	[0, 5, 5, 6, 1, 2, 1, 2, 6, 0, 0, 10, 3, 4, 3, 4, 10, 0, 0, 7, 8, 9, 7, 8, 9, 0]
473	Solution - 	149	24	107	6	0	3	[0, 5, 5, 6, 1, 2, 1, 2, 6, 0, 0, 10, 3, 4, 3, 4, 10, 0, 0, 7, 8, 9, 7, 8, 9, 0]
474	Solution - 	149	24	107	6	0	3	[0, 5, 5, 6, 1, 2, 1, 2, 6, 0, 0, 10, 3, 4, 3, 4, 10, 0, 0, 7, 8, 9, 7, 8, 9, 0]
475	Solution - 	149	24	107	6	0	3	[0, 5, 5, 6, 1, 2, 1, 2, 6, 0, 0, 10, 3, 4, 3, 4, 10, 0, 0, 7, 8, 9, 7, 8, 9, 0]
476	Solution - 	149	24	107	6	0	3	[0, 5, 5, 6, 1, 2, 1, 2, 6, 0, 0, 10, 3, 4, 3, 4, 10, 0, 0, 7, 8, 9, 7, 8, 9, 0]
477	Solution - 	149	24	107	6	0	3	[0, 5, 5, 6, 1, 2, 1, 2, 6, 0, 0, 10, 3, 4, 3, 4, 10, 0, 0, 7, 8, 9, 7, 8, 9, 0]
478	Solution - 	149	24	107	6	0	3	[0, 5, 5, 6, 1, 2, 1, 2, 6, 0, 0, 10, 3, 4, 3, 4, 10, 0, 0, 7, 8, 9, 7, 8, 9, 0]
479	Solution - 	149	24	107	6	0	3	[0, 5, 5, 6, 1, 2, 1, 2, 6, 0, 0, 10, 3, 4, 3, 4, 10, 0, 0, 7, 8, 9, 7, 8, 9, 0]
480	Solution - 	149	24	107	6	0	3	[0, 5, 5, 6, 1, 2, 1, 2, 6, 0, 0, 10, 3, 4, 3, 4, 10, 0, 0, 7, 8, 9, 7, 8, 9, 0]
481	Solution - 	149	24	107	6	0	3	[0, 5, 5, 6, 1, 2, 1, 2, 6, 0, 0, 10, 3, 4, 3, 4, 10, 0, 0, 7, 8, 9, 7, 8, 9, 0]
482	Solution - 	149	24	107	6	0	3	[0, 5, 5, 6, 1, 2, 1, 2, 6, 0, 0, 10, 3, 4, 3, 4, 10, 0, 0, 7, 8, 9, 7, 8, 9, 0]
483	Solution - 	149	24	107	6	0	3	[0, 5, 5, 6, 1, 2, 1, 2, 6, 0, 0, 10, 3, 4, 3, 4, 10, 0, 0, 7, 8, 9, 7, 8, 9, 0]
484	Solution - 	149	24	107	6	0	3	[0, 5, 5, 6, 1, 2, 1, 2, 6, 0, 0, 10, 3, 4, 3, 4, 10, 0, 0, 7, 8, 9, 7, 8, 9, 0]
485	Solution - 	149	24	107	6	0	3	[0, 5, 5, 6, 1, 2, 1, 2, 6, 0, 0, 10, 3, 4, 3, 4, 10, 0, 0, 7, 8, 9, 7, 8, 9, 0]
486	Solution - 	149	24	107	6	0	3	[0, 5, 5, 6, 1, 2, 1, 2, 6, 0, 0, 10, 3, 4, 3, 4, 10, 0, 0, 7, 8, 9, 7, 8, 9, 0]
487	Solution - 	149	24	107	6	0	3	[0, 5, 5, 6, 1, 2, 1, 2, 6, 0, 0, 10, 3, 4, 3, 4, 10, 0, 0, 7, 8, 9, 7, 8, 9, 0]
488	Solution - 	149	24	107	6	0	3	[0, 5, 5, 6, 1, 2, 1, 2, 6, 0, 0, 10, 3, 4, 3, 4, 10, 0, 0, 7, 8, 9, 7, 8, 9, 0]
489	Solution - 	149	24	107	6	0	3	[0, 5, 5, 6, 1, 2, 1, 2, 6, 0, 0, 10, 3, 4, 3, 4, 10, 0, 0, 7, 8, 9, 7, 8, 9, 0]
490	Solution - 	149	24	107	6	0	3	[0, 5, 5, 6, 1, 2, 1, 2, 6, 0, 0, 10, 3, 4, 3, 4, 10, 0, 0, 7, 8, 9, 7, 8, 9, 0]
491	Solution - 	149	24	107	6	0	3	[0, 5, 5, 6, 1, 2, 1, 2, 6, 0, 0, 10, 3, 4, 3, 4, 10, 0, 0, 7, 8, 9, 7, 8, 9, 0]
492	Solution - 	149	24	107	6	0	3	[0, 5, 5, 6, 1, 2, 1, 2, 6, 0, 0, 10, 3, 4, 3, 4, 10, 0, 0, 7, 8, 9, 7, 8, 9, 0]
493	Solution - 	149	24	107	6	0	3	[0, 5, 5, 6, 1, 2, 1, 2, 6, 0, 0, 10, 3, 4, 3, 4, 10, 0, 0, 7, 8, 9, 7, 8, 9, 0]
494	Solution - 	149	24	107	6	0	3	[0, 5, 5, 6, 1, 2, 1, 2, 6, 0, 0, 10, 3, 4, 3, 4, 10, 0, 0, 7, 8, 9, 7, 8, 9, 0]
495	Solution - 	149	24	107	6	0	3	[0, 5, 5, 6, 1, 2, 1, 2, 6, 0, 0, 10, 3, 4, 3, 4, 10, 0, 0, 7, 8, 9, 7, 8, 9, 0]
496	Solution - 	149	24	107	6	0	3	[0, 5, 5, 6, 1, 2, 1, 2, 6, 0, 0, 10, 3, 4, 3, 4, 10, 0, 0, 7, 8, 9, 7, 8, 9, 0]
497	Solution - 	149	24	107	6	0	3	[0, 5, 5, 6, 1, 2, 1, 2, 6, 0, 0, 10, 3, 4, 3, 4, 10, 0, 0, 7, 8, 9, 7, 8, 9, 0]
498	Solution - 	149	24	107	6	0	3	[0, 5, 5, 6, 1, 2, 1, 2, 6, 0, 0, 10, 3, 4, 3, 4, 10, 0, 0, 7, 8, 9, 7, 8, 9, 0]
499	Solution - 	149	24	107	6	0	3	[0, 5, 5, 6, 1, 2, 1, 2, 6, 0, 0, 10, 3, 4, 3, 4, 10, 0, 0, 7, 8, 9, 7, 8, 9, 0]
500	Solution - 	149	24	107	6	0	3	[0, 5, 5, 6, 1, 2, 1, 2, 6, 0, 0, 10, 3, 4, 3, 4, 10, 0, 0, 7, 8, 9, 7, 8, 9, 0]
