[0, -454, 5, -460, 6, -465, 5, -465, 6, -474, 0, -481, 0, -427, 4, -433, 3, -433, 10, -433, 4, -445, 3, -445, 10, -446, 0, -454, 0, -562, 7, -568, 8, -577, 9, -582, 7, -589, 8, -589, 9, -590, 0, -599, 0, -460, 2, -463, 1, -463, 2, -470, 1, -470, 0, -476]
[0, -454, 5, -460, 6, -465, 5, -465, 6, -474, 0, -481, 0, -427, 4, -433, 3, -433, 10, -433, 4, -445, 3, -445, 10, -446, 0, -454, 0, -562, 7, -568, 8, -577, 9, -582, 7, -589, 8, -589, 9, -590, 0, -599, 0, -460, 2, -463, 1, -463, 2, -470, 1, -470, 0, -476]
[0, -454, 5, -460, 6, -465, 5, -465, 6, -474, 0, -481, 0, -427, 4, -433, 3, -433, 10, -433, 4, -445, 3, -445, 10, -446, 0, -454, 0, -562, 7, -568, 8, -577, 9, -582, 7, -589, 8, -589, 9, -590, 0, -599, 0, -460, 2, -463, 1, -463, 2, -470, 1, -470, 0, -476]
[0, -454, 5, -460, 6, -465, 5, -465, 6, -474, 0, -481, 0, -427, 4, -433, 3, -433, 10, -433, 4, -445, 3, -445, 10, -446, 0, -454, 0, -562, 7, -568, 8, -577, 9, -582, 7, -589, 8, -589, 9, -590, 0, -599, 0, -460, 2, -463, 1, -463, 2, -470, 1, -470, 0, -476]
[0, -454, 5, -460, 6, -465, 5, -465, 6, -474, 0, -481, 0, -427, 4, -433, 3, -433, 10, -433, 4, -445, 3, -445, 10, -446, 0, -454, 0, -562, 7, -568, 8, -577, 9, -582, 7, -589, 8, -589, 9, -590, 0, -599, 0, -460, 2, -463, 1, -463, 2, -470, 1, -470, 0, -476]
[0, -454, 5, -460, 6, -465, 5, -465, 6, -474, 0, -481, 0, -427, 4, -433, 3, -433, 10, -433, 4, -445, 3, -445, 10, -446, 0, -454, 0, -562, 7, -568, 8, -577, 9, -582, 7, -589, 8, -589, 9, -590, 0, -599, 0, -460, 2, -463, 1, -463, 2, -470, 1, -470, 0, -476]
[0, -454, 5, -460, 6, -465, 5, -465, 6, -474, 0, -481, 0, -427, 4, -433, 3, -433, 10, -433, 4, -445, 3, -445, 10, -446, 0, -454, 0, -562, 7, -568, 8, -577, 9, -582, 7, -589, 8, -589, 9, -590, 0, -599, 0, -460, 2, -463, 1, -463, 2, -470, 1, -470, 0, -476]
[0, -454, 5, -460, 6, -465, 5, -465, 6, -474, 0, -481, 0, -427, 4, -433, 3, -433, 10, -433, 4, -445, 3, -445, 10, -446, 0, -454, 0, -562, 7, -568, 8, -577, 9, -582, 7, -589, 8, -589, 9, -590, 0, -599, 0, -460, 2, -463, 1, -463, 2, -470, 1, -470, 0, -476]
[0, -451, 1, -454, 2, -454, 5, -460, 6, -465, 5, -465, 2, -476, 1, -476, 6, -478, 0, -485, 0, -427, 4, -433, 3, -433, 4, -445, 3, -445, 0, -455, 0, -562, 7, -568, 8, -577, 9, -582, 7, -589, 8, -589, 9, -590, 0, -599, 0, -437, 10, -443, 10, -452, 0, -460]
[0, -451, 1, -454, 2, -454, 5, -460, 6, -465, 5, -465, 2, -476, 1, -476, 6, -478, 0, -485, 0, -427, 4, -433, 3, -433, 4, -445, 3, -445, 0, -455, 0, -562, 7, -568, 8, -577, 9, -582, 7, -589, 8, -589, 9, -590, 0, -599, 0, -437, 10, -443, 10, -452, 0, -460]
[0, -451, 1, -454, 2, -454, 5, -460, 6, -465, 5, -465, 2, -476, 1, -476, 6, -478, 0, -485, 0, -427, 4, -433, 3, -433, 4, -445, 3, -445, 0, -455, 0, -562, 7, -568, 8, -577, 9, -582, 7, -589, 8, -589, 9, -590, 0, -599, 0, -437, 10, -443, 10, -452, 0, -460]
[0, -451, 1, -454, 2, -454, 5, -460, 6, -465, 5, -465, 2, -476, 1, -476, 6, -478, 0, -485, 0, -427, 4, -433, 3, -433, 4, -445, 3, -445, 0, -455, 0, -562, 7, -568, 8, -577, 9, -582, 7, -589, 8, -589, 9, -590, 0, -599, 0, -437, 10, -443, 10, -452, 0, -460]
[0, -451, 1, -454, 2, -454, 5, -460, 6, -465, 5, -465, 2, -476, 1, -476, 6, -478, 0, -485, 0, -427, 4, -433, 3, -433, 4, -445, 3, -445, 0, -455, 0, -562, 7, -568, 8, -577, 9, -582, 7, -589, 8, -589, 9, -590, 0, -599, 0, -437, 10, -443, 10, -452, 0, -460]
[0, -451, 1, -454, 2, -454, 5, -460, 6, -465, 5, -465, 2, -476, 1, -476, 6, -478, 0, -485, 0, -427, 4, -433, 3, -433, 4, -445, 3, -445, 0, -455, 0, -562, 7, -568, 8, -577, 9, -582, 7, -589, 8, -589, 9, -590, 0, -599, 0, -437, 10, -443, 10, -452, 0, -460]
[0, -451, 1, -454, 2, -454, 5, -460, 6, -465, 5, -465, 2, -476, 1, -476, 6, -478, 0, -485, 0, -427, 4, -433, 3, -433, 4, -445, 3, -445, 0, -455, 0, -562, 7, -568, 8, -577, 9, -582, 7, -589, 8, -589, 9, -590, 0, -599, 0, -437, 10, -443, 10, -452, 0, -460]
[0, -451, 1, -454, 2, -454, 5, -460, 6, -465, 5, -465, 2, -476, 1, -476, 6, -478, 0, -485, 0, -427, 4, -433, 3, -433, 4, -445, 3, -445, 0, -455, 0, -562, 7, -568, 8, -577, 9, -582, 7, -589, 8, -589, 9, -590, 0, -599, 0, -437, 10, -443, 10, -452, 0, -460]
[0, -451, 1, -454, 2, -454, 5, -460, 6, -465, 5, -465, 2, -476, 1, -476, 6, -478, 0, -485, 0, -427, 4, -433, 3, -433, 4, -445, 3, -445, 0, -455, 0, -562, 7, -568, 8, -577, 9, -582, 7, -589, 8, -589, 9, -590, 0, -599, 0, -437, 10, -443, 10, -452, 0, -460]
[0, -451, 1, -454, 2, -454, 5, -460, 6, -465, 5, -465, 2, -476, 1, -476, 6, -478, 0, -485, 0, -427, 4, -433, 3, -433, 4, -445, 3, -445, 0, -455, 0, -562, 7, -568, 8, -577, 9, -582, 7, -589, 8, -589, 9, -590, 0, -599, 0, -437, 10, -443, 10, -452, 0, -460]
[0, -451, 1, -454, 2, -454, 5, -460, 6, -465, 5, -465, 2, -476, 1, -476, 6, -478, 0, -485, 0, -427, 4, -433, 3, -433, 4, -445, 3, -445, 0, -455, 0, -562, 7, -568, 8, -577, 9, -582, 7, -589, 8, -589, 9, -590, 0, -599, 0, -437, 10, -443, 10, -452, 0, -460]
[0, -451, 1, -454, 2, -454, 5, -460, 6, -465, 5, -465, 2, -476, 1, -476, 6, -478, 0, -485, 0, -427, 4, -433, 3, -433, 4, -445, 3, -445, 0, -455, 0, -562, 7, -568, 8, -577, 9, -582, 7, -589, 8, -589, 9, -590, 0, -599, 0, -437, 10, -443, 10, -452, 0, -460]
[0, -451, 1, -454, 2, -454, 5, -460, 6, -465, 5, -465, 2, -476, 1, -476, 6, -478, 0, -485, 0, -427, 4, -433, 3, -433, 4, -445, 3, -445, 0, -455, 0, -562, 7, -568, 8, -577, 9, -582, 7, -589, 8, -589, 9, -590, 0, -599, 0, -437, 10, -443, 10, -452, 0, -460]
[0, -451, 1, -454, 2, -454, 5, -460, 6, -465, 5, -465, 2, -476, 1, -476, 6, -478, 0, -485, 0, -427, 4, -433, 3, -433, 4, -445, 3, -445, 0, -455, 0, -562, 7, -568, 8, -577, 9, -582, 7, -589, 8, -589, 9, -590, 0, -599, 0, -437, 10, -443, 10, -452, 0, -460]
[0, -451, 1, -454, 2, -454, 5, -460, 6, -465, 5, -465, 2, -476, 1, -476, 6, -478, 0, -485, 0, -427, 4, -433, 3, -433, 4, -445, 3, -445, 0, -455, 0, -562, 7, -568, 8, -577, 9, -582, 7, -589, 8, -589, 9, -590, 0, -599, 0, -437, 10, -443, 10, -452, 0, -460]
[0, -451, 1, -454, 2, -454, 5, -460, 6, -465, 5, -465, 2, -476, 1, -476, 6, -478, 0, -485, 0, -427, 4, -433, 3, -433, 4, -445, 3, -445, 0, -455, 0, -562, 7, -568, 8, -577, 9, -582, 7, -589, 8, -589, 9, -590, 0, -599, 0, -437, 10, -443, 10, -452, 0, -460]
[0, -451, 1, -454, 2, -454, 5, -460, 6, -465, 5, -465, 2, -476, 1, -476, 6, -478, 0, -485, 0, -427, 4, -433, 3, -433, 4, -445, 3, -445, 0, -455, 0, -562, 7, -568, 8, -577, 9, -582, 7, -589, 8, -589, 9, -590, 0, -599, 0, -437, 10, -443, 10, -452, 0, -460]
[0, -451, 1, -454, 2, -454, 5, -460, 6, -465, 5, -465, 2, -476, 1, -476, 6, -478, 0, -485, 0, -427, 4, -433, 3, -433, 4, -445, 3, -445, 0, -455, 0, -562, 7, -568, 8, -577, 9, -582, 7, -589, 8, -589, 9, -590, 0, -599, 0, -437, 10, -443, 10, -452, 0, -460]
[0, -451, 1, -454, 2, -454, 5, -460, 6, -465, 5, -465, 2, -476, 1, -476, 6, -478, 0, -485, 0, -427, 4, -433, 3, -433, 4, -445, 3, -445, 0, -455, 0, -562, 7, -568, 8, -577, 9, -582, 7, -589, 8, -589, 9, -590, 0, -599, 0, -437, 10, -443, 10, -452, 0, -460]
[0, -451, 1, -454, 2, -454, 5, -460, 6, -465, 5, -465, 2, -476, 1, -476, 6, -478, 0, -485, 0, -427, 4, -433, 3, -433, 4, -445, 3, -445, 0, -455, 0, -562, 7, -568, 8, -577, 9, -582, 7, -589, 8, -589, 9, -590, 0, -599, 0, -437, 10, -443, 10, -452, 0, -460]
[0, -451, 1, -454, 2, -454, 5, -460, 6, -465, 5, -465, 2, -476, 1, -476, 6, -478, 0, -485, 0, -427, 4, -433, 3, -433, 4, -445, 3, -445, 0, -455, 0, -562, 7, -568, 8, -577, 9, -582, 7, -589, 8, -589, 9, -590, 0, -599, 0, -437, 10, -443, 10, -452, 0, -460]
[0, -451, 1, -454, 2, -454, 5, -460, 6, -465, 5, -465, 2, -476, 1, -476, 6, -478, 0, -485, 0, -427, 4, -433, 3, -433, 4, -445, 3, -445, 0, -455, 0, -562, 7, -568, 8, -577, 9, -582, 7, -589, 8, -589, 9, -590, 0, -599, 0, -437, 10, -443, 10, -452, 0, -460]
[0, -451, 1, -454, 2, -454, 5, -460, 6, -465, 5, -465, 2, -476, 1, -476, 6, -478, 0, -485, 0, -427, 4, -433, 3, -433, 4, -445, 3, -445, 0, -455, 0, -562, 7, -568, 8, -577, 9, -582, 7, -589, 8, -589, 9, -590, 0, -599, 0, -437, 10, -443, 10, -452, 0, -460]
[0, -451, 1, -454, 2, -454, 5, -460, 6, -465, 5, -465, 2, -476, 1, -476, 6, -478, 0, -485, 0, -427, 4, -433, 3, -433, 4, -445, 3, -445, 0, -455, 0, -562, 7, -568, 8, -577, 9, -582, 7, -589, 8, -589, 9, -590, 0, -599, 0, -437, 10, -443, 10, -452, 0, -460]
[0, -451, 1, -454, 2, -454, 5, -460, 6, -465, 5, -465, 2, -476, 1, -476, 6, -478, 0, -485, 0, -427, 4, -433, 3, -433, 4, -445, 3, -445, 0, -455, 0, -562, 7, -568, 8, -577, 9, -582, 7, -589, 8, -589, 9, -590, 0, -599, 0, -437, 10, -443, 10, -452, 0, -460]
[0, -451, 1, -454, 2, -454, 5, -460, 6, -465, 5, -465, 2, -476, 1, -476, 6, -478, 0, -485, 0, -427, 4, -433, 3, -433, 4, -445, 3, -445, 0, -455, 0, -562, 7, -568, 8, -577, 9, -582, 7, -589, 8, -589, 9, -590, 0, -599, 0, -437, 10, -443, 10, -452, 0, -460]
[0, -451, 1, -454, 2, -454, 5, -460, 6, -465, 5, -465, 2, -476, 1, -476, 6, -478, 0, -485, 0, -427, 4, -433, 3, -433, 4, -445, 3, -445, 0, -455, 0, -562, 7, -568, 8, -577, 9, -582, 7, -589, 8, -589, 9, -590, 0, -599, 0, -437, 10, -443, 10, -452, 0, -460]
[0, -451, 1, -454, 2, -454, 5, -460, 6, -465, 5, -465, 2, -476, 1, -476, 6, -478, 0, -485, 0, -427, 4, -433, 3, -433, 4, -445, 3, -445, 0, -455, 0, -562, 7, -568, 8, -577, 9, -582, 7, -589, 8, -589, 9, -590, 0, -599, 0, -437, 10, -443, 10, -452, 0, -460]
[0, -451, 1, -454, 2, -454, 5, -460, 6, -465, 5, -465, 2, -476, 1, -476, 6, -478, 0, -485, 0, -427, 4, -433, 3, -433, 4, -445, 3, -445, 0, -455, 0, -562, 7, -568, 8, -577, 9, -582, 7, -589, 8, -589, 9, -590, 0, -599, 0, -437, 10, -443, 10, -452, 0, -460]
[0, -451, 1, -454, 2, -454, 5, -460, 6, -465, 5, -465, 2, -476, 1, -476, 6, -478, 0, -485, 0, -427, 4, -433, 3, -433, 4, -445, 3, -445, 0, -455, 0, -562, 7, -568, 8, -577, 9, -582, 7, -589, 8, -589, 9, -590, 0, -599, 0, -437, 10, -443, 10, -452, 0, -460]
[0, -451, 1, -454, 2, -454, 5, -460, 6, -465, 5, -465, 2, -476, 1, -476, 6, -478, 0, -485, 0, -427, 4, -433, 3, -433, 4, -445, 3, -445, 0, -455, 0, -562, 7, -568, 8, -577, 9, -582, 7, -589, 8, -589, 9, -590, 0, -599, 0, -437, 10, -443, 10, -452, 0, -460]
[0, -451, 1, -454, 2, -454, 5, -460, 6, -465, 5, -465, 2, -476, 1, -476, 6, -478, 0, -485, 0, -427, 4, -433, 3, -433, 4, -445, 3, -445, 0, -455, 0, -562, 7, -568, 8, -577, 9, -582, 7, -589, 8, -589, 9, -590, 0, -599, 0, -437, 10, -443, 10, -452, 0, -460]
[0, -451, 1, -454, 2, -454, 5, -460, 6, -465, 5, -465, 2, -476, 1, -476, 6, -478, 0, -485, 0, -427, 4, -433, 3, -433, 4, -445, 3, -445, 0, -455, 0, -562, 7, -568, 8, -577, 9, -582, 7, -589, 8, -589, 9, -590, 0, -599, 0, -437, 10, -443, 10, -452, 0, -460]
[0, -451, 1, -454, 2, -454, 5, -460, 6, -465, 5, -465, 2, -476, 1, -476, 6, -478, 0, -485, 0, -427, 4, -433, 3, -433, 4, -445, 3, -445, 0, -455, 0, -562, 7, -568, 8, -577, 9, -582, 7, -589, 8, -589, 9, -590, 0, -599, 0, -437, 10, -443, 10, -452, 0, -460]
[0, -451, 1, -454, 2, -454, 5, -460, 6, -465, 5, -465, 2, -476, 1, -476, 6, -478, 0, -485, 0, -427, 4, -433, 3, -433, 4, -445, 3, -445, 0, -455, 0, -562, 7, -568, 8, -577, 9, -582, 7, -589, 8, -589, 9, -590, 0, -599, 0, -437, 10, -443, 10, -452, 0, -460]
[0, -451, 1, -454, 2, -454, 5, -460, 6, -465, 5, -465, 2, -476, 1, -476, 6, -478, 0, -485, 0, -427, 4, -433, 3, -433, 4, -445, 3, -445, 0, -455, 0, -562, 7, -568, 8, -577, 9, -582, 7, -589, 8, -589, 9, -590, 0, -599, 0, -437, 10, -443, 10, -452, 0, -460]
[0, -451, 1, -454, 2, -454, 5, -460, 6, -465, 5, -465, 2, -476, 1, -476, 6, -478, 0, -485, 0, -427, 4, -433, 3, -433, 4, -445, 3, -445, 0, -455, 0, -562, 7, -568, 8, -577, 9, -582, 7, -589, 8, -589, 9, -590, 0, -599, 0, -437, 10, -443, 10, -452, 0, -460]
[0, -451, 1, -454, 2, -454, 5, -460, 6, -465, 5, -465, 2, -476, 1, -476, 6, -478, 0, -485, 0, -427, 4, -433, 3, -433, 4, -445, 3, -445, 0, -455, 0, -562, 7, -568, 8, -577, 9, -582, 7, -589, 8, -589, 9, -590, 0, -599, 0, -437, 10, -443, 10, -452, 0, -460]
[0, -451, 1, -454, 2, -454, 5, -460, 6, -465, 5, -465, 2, -476, 1, -476, 6, -478, 0, -485, 0, -427, 4, -433, 3, -433, 4, -445, 3, -445, 0, -455, 0, -562, 7, -568, 8, -577, 9, -582, 7, -589, 8, -589, 9, -590, 0, -599, 0, -437, 10, -443, 10, -452, 0, -460]
[0, -451, 1, -454, 2, -454, 5, -460, 6, -465, 5, -465, 2, -476, 1, -476, 6, -478, 0, -485, 0, -427, 4, -433, 3, -433, 4, -445, 3, -445, 0, -455, 0, -562, 7, -568, 8, -577, 9, -582, 7, -589, 8, -589, 9, -590, 0, -599, 0, -437, 10, -443, 10, -452, 0, -460]
[0, -451, 1, -454, 2, -454, 5, -460, 6, -465, 5, -465, 2, -476, 1, -476, 6, -478, 0, -485, 0, -427, 4, -433, 3, -433, 4, -445, 3, -445, 0, -455, 0, -562, 7, -568, 8, -577, 9, -582, 7, -589, 8, -589, 9, -590, 0, -599, 0, -437, 10, -443, 10, -452, 0, -460]
[0, -451, 1, -454, 2, -454, 5, -460, 6, -465, 5, -465, 2, -476, 1, -476, 6, -478, 0, -485, 0, -427, 4, -433, 3, -433, 4, -445, 3, -445, 0, -455, 0, -562, 7, -568, 8, -577, 9, -582, 7, -589, 8, -589, 9, -590, 0, -599, 0, -437, 10, -443, 10, -452, 0, -460]
[0, -451, 1, -454, 2, -454, 5, -460, 6, -465, 5, -465, 2, -476, 1, -476, 6, -478, 0, -485, 0, -427, 4, -433, 3, -433, 4, -445, 3, -445, 0, -455, 0, -562, 7, -568, 8, -577, 9, -582, 7, -589, 8, -589, 9, -590, 0, -599, 0, -437, 10, -443, 10, -452, 0, -460]
[0, -451, 1, -454, 2, -454, 5, -460, 6, -465, 5, -465, 2, -476, 1, -476, 6, -478, 0, -485, 0, -427, 4, -433, 3, -433, 4, -445, 3, -445, 0, -455, 0, -562, 7, -568, 8, -577, 9, -582, 7, -589, 8, -589, 9, -590, 0, -599, 0, -437, 10, -443, 10, -452, 0, -460]
[0, -451, 1, -454, 2, -454, 5, -460, 6, -465, 5, -465, 2, -476, 1, -476, 6, -478, 0, -485, 0, -427, 4, -433, 3, -433, 4, -445, 3, -445, 0, -455, 0, -562, 7, -568, 8, -577, 9, -582, 7, -589, 8, -589, 9, -590, 0, -599, 0, -437, 10, -443, 10, -452, 0, -460]
[0, -451, 1, -454, 2, -454, 5, -460, 6, -465, 5, -465, 2, -476, 1, -476, 6, -478, 0, -485, 0, -427, 4, -433, 3, -433, 4, -445, 3, -445, 0, -455, 0, -562, 7, -568, 8, -577, 9, -582, 7, -589, 8, -589, 9, -590, 0, -599, 0, -437, 10, -443, 10, -452, 0, -460]
[0, -451, 1, -454, 2, -454, 5, -460, 6, -465, 5, -465, 2, -476, 1, -476, 6, -478, 0, -485, 0, -427, 4, -433, 3, -433, 4, -445, 3, -445, 0, -455, 0, -562, 7, -568, 8, -577, 9, -582, 7, -589, 8, -589, 9, -590, 0, -599, 0, -437, 10, -443, 10, -452, 0, -460]
[0, -451, 1, -454, 2, -454, 5, -460, 6, -465, 5, -465, 2, -476, 1, -476, 6, -478, 0, -485, 0, -427, 4, -433, 3, -433, 4, -445, 3, -445, 0, -455, 0, -562, 7, -568, 8, -577, 9, -582, 7, -589, 8, -589, 9, -590, 0, -599, 0, -437, 10, -443, 10, -452, 0, -460]
[0, -451, 1, -454, 2, -454, 5, -460, 6, -465, 5, -465, 2, -476, 1, -476, 6, -478, 0, -485, 0, -427, 4, -433, 3, -433, 4, -445, 3, -445, 0, -455, 0, -562, 7, -568, 8, -577, 9, -582, 7, -589, 8, -589, 9, -590, 0, -599, 0, -437, 10, -443, 10, -452, 0, -460]
[0, -451, 1, -454, 2, -454, 5, -460, 6, -465, 5, -465, 2, -476, 1, -476, 6, -478, 0, -485, 0, -427, 4, -433, 3, -433, 4, -445, 3, -445, 0, -455, 0, -562, 7, -568, 8, -577, 9, -582, 7, -589, 8, -589, 9, -590, 0, -599, 0, -437, 10, -443, 10, -452, 0, -460]
[0, -451, 1, -454, 2, -454, 5, -460, 6, -465, 5, -465, 2, -476, 1, -476, 6, -478, 0, -485, 0, -427, 4, -433, 3, -433, 4, -445, 3, -445, 0, -455, 0, -562, 7, -568, 8, -577, 9, -582, 7, -589, 8, -589, 9, -590, 0, -599, 0, -437, 10, -443, 10, -452, 0, -460]
[0, -451, 1, -454, 2, -454, 5, -460, 6, -465, 5, -465, 2, -476, 1, -476, 6, -478, 0, -485, 0, -427, 4, -433, 3, -433, 4, -445, 3, -445, 0, -455, 0, -562, 7, -568, 8, -577, 9, -582, 7, -589, 8, -589, 9, -590, 0, -599, 0, -437, 10, -443, 10, -452, 0, -460]
[0, -451, 1, -454, 2, -454, 5, -460, 6, -465, 5, -465, 2, -476, 1, -476, 6, -478, 0, -485, 0, -427, 4, -433, 3, -433, 4, -445, 3, -445, 0, -455, 0, -562, 7, -568, 8, -577, 9, -582, 7, -589, 8, -589, 9, -590, 0, -599, 0, -437, 10, -443, 10, -452, 0, -460]
[0, -451, 1, -454, 2, -454, 5, -460, 6, -465, 5, -465, 2, -476, 1, -476, 6, -478, 0, -485, 0, -427, 4, -433, 3, -433, 4, -445, 3, -445, 0, -455, 0, -562, 7, -568, 8, -577, 9, -582, 7, -589, 8, -589, 9, -590, 0, -599, 0, -437, 10, -443, 10, -452, 0, -460]
[0, -451, 1, -454, 2, -454, 5, -460, 6, -465, 5, -465, 2, -476, 1, -476, 6, -478, 0, -485, 0, -427, 4, -433, 3, -433, 4, -445, 3, -445, 0, -455, 0, -562, 7, -568, 8, -577, 9, -582, 7, -589, 8, -589, 9, -590, 0, -599, 0, -437, 10, -443, 10, -452, 0, -460]
[0, -451, 1, -454, 2, -454, 5, -460, 6, -465, 5, -465, 2, -476, 1, -476, 6, -478, 0, -485, 0, -562, 7, -568, 8, -577, 9, -582, 7, -589, 8, -589, 9, -590, 0, -599, 0, -427, 10, -433, 4, -433, 3, -433, 4, -445, 3, -445, 10, -446, 0, -454]
[0, -451, 1, -454, 2, -454, 5, -460, 6, -465, 5, -465, 2, -476, 1, -476, 6, -478, 0, -485, 0, -562, 7, -568, 8, -577, 9, -582, 7, -589, 8, -589, 9, -590, 0, -599, 0, -427, 10, -433, 4, -433, 3, -433, 4, -445, 3, -445, 10, -446, 0, -454]
[0, -451, 1, -454, 2, -454, 5, -460, 6, -465, 5, -465, 2, -476, 1, -476, 6, -478, 0, -485, 0, -562, 7, -568, 8, -577, 9, -582, 7, -589, 8, -589, 9, -590, 0, -599, 0, -427, 10, -433, 4, -433, 3, -433, 4, -445, 3, -445, 10, -446, 0, -454]
[0, -451, 1, -454, 2, -454, 5, -460, 6, -465, 5, -465, 2, -476, 1, -476, 6, -478, 0, -485, 0, -562, 7, -568, 8, -577, 9, -582, 7, -589, 8, -589, 9, -590, 0, -599, 0, -427, 10, -433, 4, -433, 3, -433, 4, -445, 3, -445, 10, -446, 0, -454]
[0, -451, 1, -454, 2, -454, 5, -460, 6, -465, 5, -465, 2, -476, 1, -476, 6, -478, 0, -485, 0, -562, 7, -568, 8, -577, 9, -582, 7, -589, 8, -589, 9, -590, 0, -599, 0, -427, 10, -433, 4, -433, 3, -433, 4, -445, 3, -445, 10, -446, 0, -454]
[0, -451, 1, -454, 2, -454, 5, -460, 6, -465, 5, -465, 2, -476, 1, -476, 6, -478, 0, -485, 0, -562, 7, -568, 8, -577, 9, -582, 7, -589, 8, -589, 9, -590, 0, -599, 0, -427, 10, -433, 4, -433, 3, -433, 4, -445, 3, -445, 10, -446, 0, -454]
[0, -451, 1, -454, 2, -454, 5, -460, 6, -465, 5, -465, 2, -476, 1, -476, 6, -478, 0, -485, 0, -562, 7, -568, 8, -577, 9, -582, 7, -589, 8, -589, 9, -590, 0, -599, 0, -427, 10, -433, 4, -433, 3, -433, 4, -445, 3, -445, 10, -446, 0, -454]
[0, -451, 1, -454, 2, -454, 5, -460, 6, -465, 5, -465, 2, -476, 1, -476, 6, -478, 0, -485, 0, -562, 7, -568, 8, -577, 9, -582, 7, -589, 8, -589, 9, -590, 0, -599, 0, -427, 10, -433, 4, -433, 3, -433, 4, -445, 3, -445, 10, -446, 0, -454]
[0, -451, 1, -454, 2, -454, 5, -460, 6, -465, 5, -465, 2, -476, 1, -476, 6, -478, 0, -485, 0, -562, 7, -568, 8, -577, 9, -582, 7, -589, 8, -589, 9, -590, 0, -599, 0, -427, 10, -433, 4, -433, 3, -433, 4, -445, 3, -445, 10, -446, 0, -454]
[0, -451, 1, -454, 2, -454, 5, -460, 6, -465, 5, -465, 2, -476, 1, -476, 6, -478, 0, -485, 0, -562, 7, -568, 8, -577, 9, -582, 7, -589, 8, -589, 9, -590, 0, -599, 0, -427, 10, -433, 4, -433, 3, -433, 4, -445, 3, -445, 10, -446, 0, -454]
[0, -451, 1, -454, 2, -454, 5, -460, 6, -465, 5, -465, 2, -476, 1, -476, 6, -478, 0, -485, 0, -562, 7, -568, 8, -577, 9, -582, 7, -589, 8, -589, 9, -590, 0, -599, 0, -427, 10, -433, 4, -433, 3, -433, 4, -445, 3, -445, 10, -446, 0, -454]
[0, -451, 1, -454, 2, -454, 5, -460, 6, -465, 5, -465, 2, -476, 1, -476, 6, -478, 0, -485, 0, -562, 7, -568, 8, -577, 9, -582, 7, -589, 8, -589, 9, -590, 0, -599, 0, -427, 10, -433, 4, -433, 3, -433, 4, -445, 3, -445, 10, -446, 0, -454]
[0, -451, 1, -454, 2, -454, 5, -460, 6, -465, 5, -465, 2, -476, 1, -476, 6, -478, 0, -485, 0, -562, 7, -568, 8, -577, 9, -582, 7, -589, 8, -589, 9, -590, 0, -599, 0, -427, 10, -433, 4, -433, 3, -433, 4, -445, 3, -445, 10, -446, 0, -454]
[0, -451, 1, -454, 2, -454, 5, -460, 6, -465, 5, -465, 2, -476, 1, -476, 6, -478, 0, -485, 0, -562, 7, -568, 8, -577, 9, -582, 7, -589, 8, -589, 9, -590, 0, -599, 0, -427, 10, -433, 4, -433, 3, -433, 4, -445, 3, -445, 10, -446, 0, -454]
[0, -451, 1, -454, 2, -454, 5, -460, 6, -465, 5, -465, 2, -476, 1, -476, 6, -478, 0, -485, 0, -562, 7, -568, 8, -577, 9, -582, 7, -589, 8, -589, 9, -590, 0, -599, 0, -427, 10, -433, 4, -433, 3, -433, 4, -445, 3, -445, 10, -446, 0, -454]
[0, -451, 1, -454, 2, -454, 5, -460, 6, -465, 5, -465, 2, -476, 1, -476, 6, -478, 0, -485, 0, -562, 7, -568, 8, -577, 9, -582, 7, -589, 8, -589, 9, -590, 0, -599, 0, -427, 10, -433, 4, -433, 3, -433, 4, -445, 3, -445, 10, -446, 0, -454]
[0, -451, 1, -454, 2, -454, 5, -460, 6, -465, 5, -465, 2, -476, 1, -476, 6, -478, 0, -485, 0, -562, 7, -568, 8, -577, 9, -582, 7, -589, 8, -589, 9, -590, 0, -599, 0, -427, 10, -433, 4, -433, 3, -433, 4, -445, 3, -445, 10, -446, 0, -454]
[0, -451, 1, -454, 2, -454, 5, -460, 6, -465, 5, -465, 2, -476, 1, -476, 6, -478, 0, -485, 0, -562, 7, -568, 8, -577, 9, -582, 7, -589, 8, -589, 9, -590, 0, -599, 0, -427, 10, -433, 4, -433, 3, -433, 4, -445, 3, -445, 10, -446, 0, -454]
[0, -451, 1, -454, 2, -454, 5, -460, 6, -465, 5, -465, 2, -476, 1, -476, 6, -478, 0, -485, 0, -562, 7, -568, 8, -577, 9, -582, 7, -589, 8, -589, 9, -590, 0, -599, 0, -427, 10, -433, 4, -433, 3, -433, 4, -445, 3, -445, 10, -446, 0, -454]
[0, -451, 1, -454, 2, -454, 5, -460, 6, -465, 5, -465, 2, -476, 1, -476, 6, -478, 0, -485, 0, -562, 7, -568, 8, -577, 9, -582, 7, -589, 8, -589, 9, -590, 0, -599, 0, -427, 10, -433, 4, -433, 3, -433, 4, -445, 3, -445, 10, -446, 0, -454]
[0, -451, 1, -454, 2, -454, 5, -460, 6, -465, 5, -465, 2, -476, 1, -476, 6, -478, 0, -485, 0, -562, 7, -568, 8, -577, 9, -582, 7, -589, 8, -589, 9, -590, 0, -599, 0, -427, 10, -433, 4, -433, 3, -433, 4, -445, 3, -445, 10, -446, 0, -454]
[0, -451, 1, -454, 2, -454, 5, -460, 6, -465, 5, -465, 2, -476, 1, -476, 6, -478, 0, -485, 0, -562, 7, -568, 8, -577, 9, -582, 7, -589, 8, -589, 9, -590, 0, -599, 0, -427, 10, -433, 4, -433, 3, -433, 4, -445, 3, -445, 10, -446, 0, -454]
[0, -451, 1, -454, 2, -454, 5, -460, 6, -465, 5, -465, 2, -476, 1, -476, 6, -478, 0, -485, 0, -562, 7, -568, 8, -577, 9, -582, 7, -589, 8, -589, 9, -590, 0, -599, 0, -427, 10, -433, 4, -433, 3, -433, 4, -445, 3, -445, 10, -446, 0, -454]
[0, -451, 1, -454, 2, -454, 5, -460, 6, -465, 5, -465, 2, -476, 1, -476, 6, -478, 0, -485, 0, -562, 7, -568, 8, -577, 9, -582, 7, -589, 8, -589, 9, -590, 0, -599, 0, -427, 10, -433, 4, -433, 3, -433, 4, -445, 3, -445, 10, -446, 0, -454]
[0, -451, 1, -454, 2, -454, 5, -460, 6, -465, 5, -465, 2, -476, 1, -476, 6, -478, 0, -485, 0, -562, 7, -568, 8, -577, 9, -582, 7, -589, 8, -589, 9, -590, 0, -599, 0, -427, 10, -433, 4, -433, 3, -433, 4, -445, 3, -445, 10, -446, 0, -454]
[0, -451, 1, -454, 2, -454, 5, -460, 6, -465, 5, -465, 2, -476, 1, -476, 6, -478, 0, -485, 0, -562, 7, -568, 8, -577, 9, -582, 7, -589, 8, -589, 9, -590, 0, -599, 0, -427, 10, -433, 4, -433, 3, -433, 4, -445, 3, -445, 10, -446, 0, -454]
[0, -451, 1, -454, 2, -454, 5, -460, 6, -465, 5, -465, 2, -476, 1, -476, 6, -478, 0, -485, 0, -562, 7, -568, 8, -577, 9, -582, 7, -589, 8, -589, 9, -590, 0, -599, 0, -427, 10, -433, 4, -433, 3, -433, 4, -445, 3, -445, 10, -446, 0, -454]
[0, -451, 1, -454, 2, -454, 5, -460, 6, -465, 5, -465, 2, -476, 1, -476, 6, -478, 0, -485, 0, -562, 7, -568, 8, -577, 9, -582, 7, -589, 8, -589, 9, -590, 0, -599, 0, -427, 10, -433, 4, -433, 3, -433, 4, -445, 3, -445, 10, -446, 0, -454]
[0, -451, 1, -454, 2, -454, 5, -460, 6, -465, 5, -465, 2, -476, 1, -476, 6, -478, 0, -485, 0, -562, 7, -568, 8, -577, 9, -582, 7, -589, 8, -589, 9, -590, 0, -599, 0, -427, 10, -433, 4, -433, 3, -433, 4, -445, 3, -445, 10, -446, 0, -454]
[0, -451, 1, -454, 2, -454, 5, -460, 6, -465, 5, -465, 2, -476, 1, -476, 6, -478, 0, -485, 0, -562, 7, -568, 8, -577, 9, -582, 7, -589, 8, -589, 9, -590, 0, -599, 0, -427, 10, -433, 4, -433, 3, -433, 4, -445, 3, -445, 10, -446, 0, -454]
[0, -451, 1, -454, 2, -454, 5, -460, 6, -465, 5, -465, 2, -476, 1, -476, 6, -478, 0, -485, 0, -562, 7, -568, 8, -577, 9, -582, 7, -589, 8, -589, 9, -590, 0, -599, 0, -427, 10, -433, 4, -433, 3, -433, 4, -445, 3, -445, 10, -446, 0, -454]
[0, -451, 1, -454, 2, -454, 5, -460, 6, -465, 5, -465, 2, -476, 1, -476, 6, -478, 0, -485, 0, -562, 7, -568, 8, -577, 9, -582, 7, -589, 8, -589, 9, -590, 0, -599, 0, -427, 10, -433, 4, -433, 3, -433, 4, -445, 3, -445, 10, -446, 0, -454]
[0, -451, 1, -454, 2, -454, 5, -460, 6, -465, 5, -465, 2, -476, 1, -476, 6, -478, 0, -485, 0, -562, 7, -568, 8, -577, 9, -582, 7, -589, 8, -589, 9, -590, 0, -599, 0, -427, 10, -433, 4, -433, 3, -433, 4, -445, 3, -445, 10, -446, 0, -454]
[0, -451, 1, -454, 2, -454, 5, -460, 6, -465, 5, -465, 2, -476, 1, -476, 6, -478, 0, -485, 0, -562, 7, -568, 8, -577, 9, -582, 7, -589, 8, -589, 9, -590, 0, -599, 0, -427, 10, -433, 4, -433, 3, -433, 4, -445, 3, -445, 10, -446, 0, -454]
[0, -451, 1, -454, 2, -454, 5, -460, 6, -465, 5, -465, 2, -476, 1, -476, 6, -478, 0, -485, 0, -562, 7, -568, 8, -577, 9, -582, 7, -589, 8, -589, 9, -590, 0, -599, 0, -427, 10, -433, 4, -433, 3, -433, 4, -445, 3, -445, 10, -446, 0, -454]
[0, -451, 1, -454, 2, -454, 5, -460, 6, -465, 5, -465, 2, -476, 1, -476, 6, -478, 0, -485, 0, -562, 7, -568, 8, -577, 9, -582, 7, -589, 8, -589, 9, -590, 0, -599, 0, -427, 10, -433, 4, -433, 3, -433, 4, -445, 3, -445, 10, -446, 0, -454]
[0, -451, 1, -454, 2, -454, 5, -460, 6, -465, 5, -465, 2, -476, 1, -476, 6, -478, 0, -485, 0, -562, 7, -568, 8, -577, 9, -582, 7, -589, 8, -589, 9, -590, 0, -599, 0, -427, 10, -433, 4, -433, 3, -433, 4, -445, 3, -445, 10, -446, 0, -454]
