179
175
175
175
175
175
175
175
175
175
175
148
148
148
148
148
148
148
148
148
148
148
148
148
148
148
148
148
148
148
148
148
148
148
148
148
148
148
148
148
148
148
148
148
148
148
148
148
148
148
148
148
148
148
148
148
148
148
148
148
148
148
148
148
148
148
148
148
148
148
148
148
148
148
148
148
148
148
148
148
148
148
148
148
148
148
148
142
142
142
142
142
142
142
142
142
142
142
142
142
142
142
142
142
142
142
142
142
142
142
142
142
142
142
142
142
142
142
142
142
142
142
142
142
142
142
142
142
142
142
142
142
142
142
142
142
142
142
142
142
142
142
142
142
142
142
142
142
142
142
142
142
142
142
142
142
142
142
142
142
142
142
142
142
142
142
142
142
142
142
142
141
141
141
141
141
141
141
141
141
141
141
141
141
141
141
141
141
141
141
141
141
141
141
141
141
141
141
141
141
