1	Individual - 	179	26	113	10	0	4	[0, 5, 6, 5, 6, 0, 0, 4, 3, 10, 4, 3, 10, 0, 0, 7, 8, 9, 7, 8, 9, 0, 0, 1, 2, 1, 2, 0]
2	Individual - 	179	26	113	10	0	4	[0, 5, 6, 5, 6, 0, 0, 4, 3, 10, 4, 3, 10, 0, 0, 7, 8, 9, 7, 8, 9, 0, 0, 1, 2, 1, 2, 0]
3	Individual - 	170	29	123	6	0	3	[0, 1, 5, 6, 2, 5, 2, 1, 6, 0, 0, 4, 3, 10, 4, 3, 10, 0, 0, 7, 8, 9, 7, 8, 9, 0]
4	Individual - 	170	29	123	6	0	3	[0, 1, 5, 6, 2, 5, 2, 1, 6, 0, 0, 4, 3, 10, 4, 3, 10, 0, 0, 7, 8, 9, 7, 8, 9, 0]
5	Individual - 	170	29	123	6	0	3	[0, 1, 5, 6, 2, 5, 2, 1, 6, 0, 0, 4, 3, 10, 4, 3, 10, 0, 0, 7, 8, 9, 7, 8, 9, 0]
6	Individual - 	170	29	123	6	0	3	[0, 1, 5, 6, 2, 5, 2, 1, 6, 0, 0, 4, 3, 10, 4, 3, 10, 0, 0, 7, 8, 9, 7, 8, 9, 0]
7	Individual - 	170	29	123	6	0	3	[0, 1, 5, 6, 2, 5, 2, 1, 6, 0, 0, 4, 3, 10, 4, 3, 10, 0, 0, 7, 8, 9, 7, 8, 9, 0]
8	Individual - 	170	29	123	6	0	3	[0, 1, 5, 6, 2, 5, 2, 1, 6, 0, 0, 4, 3, 10, 4, 3, 10, 0, 0, 7, 8, 9, 7, 8, 9, 0]
9	Individual - 	170	29	123	6	0	3	[0, 1, 5, 6, 2, 5, 2, 1, 6, 0, 0, 4, 3, 10, 4, 3, 10, 0, 0, 7, 8, 9, 7, 8, 9, 0]
10	Individual - 	170	29	123	6	0	3	[0, 1, 5, 6, 2, 5, 2, 1, 6, 0, 0, 4, 3, 10, 4, 3, 10, 0, 0, 7, 8, 9, 7, 8, 9, 0]
11	Individual - 	170	29	123	6	0	3	[0, 1, 5, 6, 2, 5, 2, 1, 6, 0, 0, 4, 3, 10, 4, 3, 10, 0, 0, 7, 8, 9, 7, 8, 9, 0]
12	Individual - 	170	29	123	6	0	3	[0, 1, 5, 6, 2, 5, 2, 1, 6, 0, 0, 4, 3, 10, 4, 3, 10, 0, 0, 7, 8, 9, 7, 8, 9, 0]
13	Individual - 	170	29	123	6	0	3	[0, 1, 5, 6, 2, 5, 2, 1, 6, 0, 0, 4, 3, 10, 4, 3, 10, 0, 0, 7, 8, 9, 7, 8, 9, 0]
14	Individual - 	170	29	123	6	0	3	[0, 1, 5, 6, 2, 5, 2, 1, 6, 0, 0, 4, 3, 10, 4, 3, 10, 0, 0, 7, 8, 9, 7, 8, 9, 0]
15	Individual - 	170	29	123	6	0	3	[0, 1, 5, 6, 2, 5, 2, 1, 6, 0, 0, 4, 3, 10, 4, 3, 10, 0, 0, 7, 8, 9, 7, 8, 9, 0]
16	Individual - 	170	29	123	6	0	3	[0, 1, 5, 6, 2, 5, 2, 1, 6, 0, 0, 4, 3, 10, 4, 3, 10, 0, 0, 7, 8, 9, 7, 8, 9, 0]
17	Individual - 	170	29	123	6	0	3	[0, 1, 5, 6, 2, 5, 2, 1, 6, 0, 0, 4, 3, 10, 4, 3, 10, 0, 0, 7, 8, 9, 7, 8, 9, 0]
18	Individual - 	170	29	123	6	0	3	[0, 1, 5, 6, 2, 5, 2, 1, 6, 0, 0, 4, 3, 10, 4, 3, 10, 0, 0, 7, 8, 9, 7, 8, 9, 0]
19	Individual - 	170	29	123	6	0	3	[0, 1, 5, 6, 2, 5, 2, 1, 6, 0, 0, 4, 3, 10, 4, 3, 10, 0, 0, 7, 8, 9, 7, 8, 9, 0]
20	Individual - 	170	29	123	6	0	3	[0, 1, 5, 6, 2, 5, 2, 1, 6, 0, 0, 4, 3, 10, 4, 3, 10, 0, 0, 7, 8, 9, 7, 8, 9, 0]
21	Individual - 	170	29	123	6	0	3	[0, 1, 5, 6, 2, 5, 2, 1, 6, 0, 0, 4, 3, 10, 4, 3, 10, 0, 0, 7, 8, 9, 7, 8, 9, 0]
22	Individual - 	170	29	123	6	0	3	[0, 1, 5, 6, 2, 5, 2, 1, 6, 0, 0, 4, 3, 10, 4, 3, 10, 0, 0, 7, 8, 9, 7, 8, 9, 0]
23	Individual - 	170	29	123	6	0	3	[0, 1, 5, 6, 2, 5, 2, 1, 6, 0, 0, 4, 3, 10, 4, 3, 10, 0, 0, 7, 8, 9, 7, 8, 9, 0]
24	Individual - 	170	29	123	6	0	3	[0, 1, 5, 6, 2, 5, 2, 1, 6, 0, 0, 4, 3, 10, 4, 3, 10, 0, 0, 7, 8, 9, 7, 8, 9, 0]
25	Individual - 	170	29	123	6	0	3	[0, 1, 5, 6, 2, 5, 2, 1, 6, 0, 0, 4, 3, 10, 4, 3, 10, 0, 0, 7, 8, 9, 7, 8, 9, 0]
26	Individual - 	170	29	123	6	0	3	[0, 1, 5, 6, 2, 5, 2, 1, 6, 0, 0, 4, 3, 10, 4, 3, 10, 0, 0, 7, 8, 9, 7, 8, 9, 0]
27	Individual - 	170	29	123	6	0	3	[0, 1, 5, 6, 2, 5, 2, 1, 6, 0, 0, 4, 3, 10, 4, 3, 10, 0, 0, 7, 8, 9, 7, 8, 9, 0]
28	Individual - 	170	29	123	6	0	3	[0, 1, 5, 6, 2, 5, 2, 1, 6, 0, 0, 4, 3, 10, 4, 3, 10, 0, 0, 7, 8, 9, 7, 8, 9, 0]
29	Individual - 	170	29	123	6	0	3	[0, 1, 5, 6, 2, 5, 2, 1, 6, 0, 0, 4, 3, 10, 4, 3, 10, 0, 0, 7, 8, 9, 7, 8, 9, 0]
30	Individual - 	170	29	123	6	0	3	[0, 1, 5, 6, 2, 5, 2, 1, 6, 0, 0, 4, 3, 10, 4, 3, 10, 0, 0, 7, 8, 9, 7, 8, 9, 0]
31	Individual - 	170	29	123	6	0	3	[0, 1, 5, 6, 2, 5, 2, 1, 6, 0, 0, 4, 3, 10, 4, 3, 10, 0, 0, 7, 8, 9, 7, 8, 9, 0]
32	Individual - 	170	29	123	6	0	3	[0, 1, 5, 6, 2, 5, 2, 1, 6, 0, 0, 4, 3, 10, 4, 3, 10, 0, 0, 7, 8, 9, 7, 8, 9, 0]
33	Individual - 	170	29	123	6	0	3	[0, 1, 5, 6, 2, 5, 2, 1, 6, 0, 0, 4, 3, 10, 4, 3, 10, 0, 0, 7, 8, 9, 7, 8, 9, 0]
34	Individual - 	170	29	123	6	0	3	[0, 1, 5, 6, 2, 5, 2, 1, 6, 0, 0, 4, 3, 10, 4, 3, 10, 0, 0, 7, 8, 9, 7, 8, 9, 0]
35	Individual - 	170	29	123	6	0	3	[0, 1, 5, 6, 2, 5, 2, 1, 6, 0, 0, 4, 3, 10, 4, 3, 10, 0, 0, 7, 8, 9, 7, 8, 9, 0]
36	Individual - 	170	29	123	6	0	3	[0, 1, 5, 6, 2, 5, 2, 1, 6, 0, 0, 4, 3, 10, 4, 3, 10, 0, 0, 7, 8, 9, 7, 8, 9, 0]
37	Individual - 	170	29	123	6	0	3	[0, 1, 5, 6, 2, 5, 2, 1, 6, 0, 0, 4, 3, 10, 4, 3, 10, 0, 0, 7, 8, 9, 7, 8, 9, 0]
38	Individual - 	170	29	123	6	0	3	[0, 1, 5, 6, 2, 5, 2, 1, 6, 0, 0, 4, 3, 10, 4, 3, 10, 0, 0, 7, 8, 9, 7, 8, 9, 0]
39	Individual - 	170	29	123	6	0	3	[0, 1, 5, 6, 2, 5, 2, 1, 6, 0, 0, 4, 3, 10, 4, 3, 10, 0, 0, 7, 8, 9, 7, 8, 9, 0]
40	Individual - 	170	29	123	6	0	3	[0, 1, 5, 6, 2, 5, 2, 1, 6, 0, 0, 4, 3, 10, 4, 3, 10, 0, 0, 7, 8, 9, 7, 8, 9, 0]
41	Individual - 	170	29	123	6	0	3	[0, 1, 5, 6, 2, 5, 2, 1, 6, 0, 0, 4, 3, 10, 4, 3, 10, 0, 0, 7, 8, 9, 7, 8, 9, 0]
42	Individual - 	170	29	123	6	0	3	[0, 1, 5, 6, 2, 5, 2, 1, 6, 0, 0, 4, 3, 10, 4, 3, 10, 0, 0, 7, 8, 9, 7, 8, 9, 0]
43	Individual - 	170	29	123	6	0	3	[0, 1, 5, 6, 2, 5, 2, 1, 6, 0, 0, 4, 3, 10, 4, 3, 10, 0, 0, 7, 8, 9, 7, 8, 9, 0]
44	Individual - 	170	29	123	6	0	3	[0, 1, 5, 6, 2, 5, 2, 1, 6, 0, 0, 4, 3, 10, 4, 3, 10, 0, 0, 7, 8, 9, 7, 8, 9, 0]
45	Individual - 	170	29	123	6	0	3	[0, 1, 5, 6, 2, 5, 2, 1, 6, 0, 0, 4, 3, 10, 4, 3, 10, 0, 0, 7, 8, 9, 7, 8, 9, 0]
46	Individual - 	170	29	123	6	0	3	[0, 1, 5, 6, 2, 5, 2, 1, 6, 0, 0, 4, 3, 10, 4, 3, 10, 0, 0, 7, 8, 9, 7, 8, 9, 0]
47	Individual - 	170	29	123	6	0	3	[0, 1, 5, 6, 2, 5, 2, 1, 6, 0, 0, 4, 3, 10, 4, 3, 10, 0, 0, 7, 8, 9, 7, 8, 9, 0]
48	Individual - 	170	29	123	6	0	3	[0, 1, 5, 6, 2, 5, 2, 1, 6, 0, 0, 4, 3, 10, 4, 3, 10, 0, 0, 7, 8, 9, 7, 8, 9, 0]
49	Individual - 	170	29	123	6	0	3	[0, 1, 5, 6, 2, 5, 2, 1, 6, 0, 0, 4, 3, 10, 4, 3, 10, 0, 0, 7, 8, 9, 7, 8, 9, 0]
50	Individual - 	170	29	123	6	0	3	[0, 1, 5, 6, 2, 5, 2, 1, 6, 0, 0, 4, 3, 10, 4, 3, 10, 0, 0, 7, 8, 9, 7, 8, 9, 0]
51	Individual - 	170	29	123	6	0	3	[0, 1, 5, 6, 2, 5, 2, 1, 6, 0, 0, 4, 3, 10, 4, 3, 10, 0, 0, 7, 8, 9, 7, 8, 9, 0]
52	Individual - 	170	29	123	6	0	3	[0, 1, 5, 6, 2, 5, 2, 1, 6, 0, 0, 4, 3, 10, 4, 3, 10, 0, 0, 7, 8, 9, 7, 8, 9, 0]
53	Individual - 	170	29	123	6	0	3	[0, 1, 5, 6, 2, 5, 2, 1, 6, 0, 0, 4, 3, 10, 4, 3, 10, 0, 0, 7, 8, 9, 7, 8, 9, 0]
54	Individual - 	170	29	123	6	0	3	[0, 1, 5, 6, 2, 5, 2, 1, 6, 0, 0, 4, 3, 10, 4, 3, 10, 0, 0, 7, 8, 9, 7, 8, 9, 0]
55	Individual - 	170	29	123	6	0	3	[0, 1, 5, 6, 2, 5, 2, 1, 6, 0, 0, 4, 3, 10, 4, 3, 10, 0, 0, 7, 8, 9, 7, 8, 9, 0]
56	Individual - 	170	29	123	6	0	3	[0, 1, 5, 6, 2, 5, 2, 1, 6, 0, 0, 4, 3, 10, 4, 3, 10, 0, 0, 7, 8, 9, 7, 8, 9, 0]
57	Individual - 	170	29	123	6	0	3	[0, 1, 5, 6, 2, 5, 2, 1, 6, 0, 0, 4, 3, 10, 4, 3, 10, 0, 0, 7, 8, 9, 7, 8, 9, 0]
58	Individual - 	170	29	123	6	0	3	[0, 1, 5, 6, 2, 5, 2, 1, 6, 0, 0, 4, 3, 10, 4, 3, 10, 0, 0, 7, 8, 9, 7, 8, 9, 0]
59	Individual - 	170	29	123	6	0	3	[0, 1, 5, 6, 2, 5, 2, 1, 6, 0, 0, 4, 3, 10, 4, 3, 10, 0, 0, 7, 8, 9, 7, 8, 9, 0]
60	Individual - 	170	29	123	6	0	3	[0, 1, 5, 6, 2, 5, 2, 1, 6, 0, 0, 4, 3, 10, 4, 3, 10, 0, 0, 7, 8, 9, 7, 8, 9, 0]
61	Individual - 	170	29	123	6	0	3	[0, 1, 5, 6, 2, 5, 2, 1, 6, 0, 0, 4, 3, 10, 4, 3, 10, 0, 0, 7, 8, 9, 7, 8, 9, 0]
62	Individual - 	170	29	123	6	0	3	[0, 1, 5, 6, 2, 5, 2, 1, 6, 0, 0, 4, 3, 10, 4, 3, 10, 0, 0, 7, 8, 9, 7, 8, 9, 0]
63	Individual - 	170	29	123	6	0	3	[0, 1, 5, 6, 2, 5, 2, 1, 6, 0, 0, 4, 3, 10, 4, 3, 10, 0, 0, 7, 8, 9, 7, 8, 9, 0]
64	Individual - 	170	29	123	6	0	3	[0, 1, 5, 6, 2, 5, 2, 1, 6, 0, 0, 4, 3, 10, 4, 3, 10, 0, 0, 7, 8, 9, 7, 8, 9, 0]
65	Individual - 	170	29	123	6	0	3	[0, 1, 5, 6, 2, 5, 2, 1, 6, 0, 0, 4, 3, 10, 4, 3, 10, 0, 0, 7, 8, 9, 7, 8, 9, 0]
66	Individual - 	170	29	123	6	0	3	[0, 1, 5, 6, 2, 5, 2, 1, 6, 0, 0, 4, 3, 10, 4, 3, 10, 0, 0, 7, 8, 9, 7, 8, 9, 0]
67	Individual - 	170	29	123	6	0	3	[0, 1, 5, 6, 2, 5, 2, 1, 6, 0, 0, 4, 3, 10, 4, 3, 10, 0, 0, 7, 8, 9, 7, 8, 9, 0]
68	Individual - 	170	29	123	6	0	3	[0, 1, 5, 6, 2, 5, 2, 1, 6, 0, 0, 4, 3, 10, 4, 3, 10, 0, 0, 7, 8, 9, 7, 8, 9, 0]
69	Individual - 	170	29	123	6	0	3	[0, 1, 5, 6, 2, 5, 2, 1, 6, 0, 0, 4, 3, 10, 4, 3, 10, 0, 0, 7, 8, 9, 7, 8, 9, 0]
70	Individual - 	170	29	123	6	0	3	[0, 1, 5, 6, 2, 5, 2, 1, 6, 0, 0, 4, 3, 10, 4, 3, 10, 0, 0, 7, 8, 9, 7, 8, 9, 0]
71	Individual - 	170	29	123	6	0	3	[0, 1, 5, 6, 2, 5, 2, 1, 6, 0, 0, 4, 3, 10, 4, 3, 10, 0, 0, 7, 8, 9, 7, 8, 9, 0]
72	Individual - 	170	29	123	6	0	3	[0, 1, 5, 6, 2, 5, 2, 1, 6, 0, 0, 4, 3, 10, 4, 3, 10, 0, 0, 7, 8, 9, 7, 8, 9, 0]
73	Individual - 	170	29	123	6	0	3	[0, 1, 5, 6, 2, 5, 2, 1, 6, 0, 0, 4, 3, 10, 4, 3, 10, 0, 0, 7, 8, 9, 7, 8, 9, 0]
74	Individual - 	170	29	123	6	0	3	[0, 1, 5, 6, 2, 5, 2, 1, 6, 0, 0, 4, 3, 10, 4, 3, 10, 0, 0, 7, 8, 9, 7, 8, 9, 0]
75	Individual - 	170	29	123	6	0	3	[0, 1, 5, 6, 2, 5, 2, 1, 6, 0, 0, 4, 3, 10, 4, 3, 10, 0, 0, 7, 8, 9, 7, 8, 9, 0]
76	Individual - 	170	29	123	6	0	3	[0, 1, 5, 6, 2, 5, 2, 1, 6, 0, 0, 4, 3, 10, 4, 3, 10, 0, 0, 7, 8, 9, 7, 8, 9, 0]
77	Individual - 	170	29	123	6	0	3	[0, 1, 5, 6, 2, 5, 2, 1, 6, 0, 0, 4, 3, 10, 4, 3, 10, 0, 0, 7, 8, 9, 7, 8, 9, 0]
78	Individual - 	170	29	123	6	0	3	[0, 1, 5, 6, 2, 5, 2, 1, 6, 0, 0, 4, 3, 10, 4, 3, 10, 0, 0, 7, 8, 9, 7, 8, 9, 0]
79	Individual - 	170	29	123	6	0	3	[0, 1, 5, 6, 2, 5, 2, 1, 6, 0, 0, 4, 3, 10, 4, 3, 10, 0, 0, 7, 8, 9, 7, 8, 9, 0]
80	Individual - 	170	29	123	6	0	3	[0, 1, 5, 6, 2, 5, 2, 1, 6, 0, 0, 4, 3, 10, 4, 3, 10, 0, 0, 7, 8, 9, 7, 8, 9, 0]
81	Individual - 	170	29	123	6	0	3	[0, 1, 5, 6, 2, 5, 2, 1, 6, 0, 0, 4, 3, 10, 4, 3, 10, 0, 0, 7, 8, 9, 7, 8, 9, 0]
82	Individual - 	170	29	123	6	0	3	[0, 1, 5, 6, 2, 5, 2, 1, 6, 0, 0, 4, 3, 10, 4, 3, 10, 0, 0, 7, 8, 9, 7, 8, 9, 0]
83	Individual - 	170	29	123	6	0	3	[0, 1, 5, 6, 2, 5, 2, 1, 6, 0, 0, 4, 3, 10, 4, 3, 10, 0, 0, 7, 8, 9, 7, 8, 9, 0]
84	Individual - 	170	29	123	6	0	3	[0, 1, 5, 6, 2, 5, 2, 1, 6, 0, 0, 4, 3, 10, 4, 3, 10, 0, 0, 7, 8, 9, 7, 8, 9, 0]
85	Individual - 	170	29	123	6	0	3	[0, 1, 5, 6, 2, 5, 2, 1, 6, 0, 0, 4, 3, 10, 4, 3, 10, 0, 0, 7, 8, 9, 7, 8, 9, 0]
86	Individual - 	170	29	123	6	0	3	[0, 1, 5, 6, 2, 5, 2, 1, 6, 0, 0, 4, 3, 10, 4, 3, 10, 0, 0, 7, 8, 9, 7, 8, 9, 0]
87	Individual - 	170	29	123	6	0	3	[0, 1, 5, 6, 2, 5, 2, 1, 6, 0, 0, 4, 3, 10, 4, 3, 10, 0, 0, 7, 8, 9, 7, 8, 9, 0]
88	Individual - 	170	29	123	6	0	3	[0, 1, 5, 6, 2, 5, 2, 1, 6, 0, 0, 4, 3, 10, 4, 3, 10, 0, 0, 7, 8, 9, 7, 8, 9, 0]
89	Individual - 	170	29	123	6	0	3	[0, 1, 5, 6, 2, 5, 2, 1, 6, 0, 0, 4, 3, 10, 4, 3, 10, 0, 0, 7, 8, 9, 7, 8, 9, 0]
90	Individual - 	170	29	123	6	0	3	[0, 1, 5, 6, 2, 5, 2, 1, 6, 0, 0, 4, 3, 10, 4, 3, 10, 0, 0, 7, 8, 9, 7, 8, 9, 0]
91	Individual - 	170	29	123	6	0	3	[0, 1, 5, 6, 2, 5, 2, 1, 6, 0, 0, 4, 3, 10, 4, 3, 10, 0, 0, 7, 8, 9, 7, 8, 9, 0]
92	Individual - 	170	29	123	6	0	3	[0, 1, 5, 6, 2, 5, 2, 1, 6, 0, 0, 4, 3, 10, 4, 3, 10, 0, 0, 7, 8, 9, 7, 8, 9, 0]
93	Individual - 	170	29	123	6	0	3	[0, 1, 5, 6, 2, 5, 2, 1, 6, 0, 0, 4, 3, 10, 4, 3, 10, 0, 0, 7, 8, 9, 7, 8, 9, 0]
94	Individual - 	170	29	123	6	0	3	[0, 1, 5, 6, 2, 5, 2, 1, 6, 0, 0, 4, 3, 10, 4, 3, 10, 0, 0, 7, 8, 9, 7, 8, 9, 0]
95	Individual - 	170	29	123	6	0	3	[0, 1, 5, 6, 2, 5, 2, 1, 6, 0, 0, 4, 3, 10, 4, 3, 10, 0, 0, 7, 8, 9, 7, 8, 9, 0]
96	Individual - 	170	29	123	6	0	3	[0, 1, 5, 6, 2, 5, 2, 1, 6, 0, 0, 4, 3, 10, 4, 3, 10, 0, 0, 7, 8, 9, 7, 8, 9, 0]
97	Individual - 	170	29	123	6	0	3	[0, 1, 5, 6, 2, 5, 2, 1, 6, 0, 0, 4, 3, 10, 4, 3, 10, 0, 0, 7, 8, 9, 7, 8, 9, 0]
98	Individual - 	170	29	123	6	0	3	[0, 1, 5, 6, 2, 5, 2, 1, 6, 0, 0, 4, 3, 10, 4, 3, 10, 0, 0, 7, 8, 9, 7, 8, 9, 0]
99	Individual - 	170	29	123	6	0	3	[0, 1, 5, 6, 2, 5, 2, 1, 6, 0, 0, 4, 3, 10, 4, 3, 10, 0, 0, 7, 8, 9, 7, 8, 9, 0]
100	Individual - 	170	29	123	6	0	3	[0, 1, 5, 6, 2, 5, 2, 1, 6, 0, 0, 4, 3, 10, 4, 3, 10, 0, 0, 7, 8, 9, 7, 8, 9, 0]
101	Individual - 	170	29	123	6	0	3	[0, 1, 5, 6, 2, 5, 2, 1, 6, 0, 0, 4, 3, 10, 4, 3, 10, 0, 0, 7, 8, 9, 7, 8, 9, 0]
102	Individual - 	170	29	123	6	0	3	[0, 1, 5, 6, 2, 5, 2, 1, 6, 0, 0, 4, 3, 10, 4, 3, 10, 0, 0, 7, 8, 9, 7, 8, 9, 0]
103	Individual - 	170	29	123	6	0	3	[0, 1, 5, 6, 2, 5, 2, 1, 6, 0, 0, 4, 3, 10, 4, 3, 10, 0, 0, 7, 8, 9, 7, 8, 9, 0]
104	Individual - 	170	29	123	6	0	3	[0, 1, 5, 6, 2, 5, 2, 1, 6, 0, 0, 4, 3, 10, 4, 3, 10, 0, 0, 7, 8, 9, 7, 8, 9, 0]
105	Individual - 	170	29	123	6	0	3	[0, 1, 5, 6, 2, 5, 2, 1, 6, 0, 0, 4, 3, 10, 4, 3, 10, 0, 0, 7, 8, 9, 7, 8, 9, 0]
106	Individual - 	170	29	123	6	0	3	[0, 1, 5, 6, 2, 5, 2, 1, 6, 0, 0, 4, 3, 10, 4, 3, 10, 0, 0, 7, 8, 9, 7, 8, 9, 0]
107	Individual - 	170	29	123	6	0	3	[0, 1, 5, 6, 2, 5, 2, 1, 6, 0, 0, 4, 3, 10, 4, 3, 10, 0, 0, 7, 8, 9, 7, 8, 9, 0]
108	Individual - 	170	29	123	6	0	3	[0, 1, 5, 6, 2, 5, 2, 1, 6, 0, 0, 4, 3, 10, 4, 3, 10, 0, 0, 7, 8, 9, 7, 8, 9, 0]
109	Individual - 	170	29	123	6	0	3	[0, 1, 5, 6, 2, 5, 2, 1, 6, 0, 0, 4, 3, 10, 4, 3, 10, 0, 0, 7, 8, 9, 7, 8, 9, 0]
110	Individual - 	170	29	123	6	0	3	[0, 1, 5, 6, 2, 5, 2, 1, 6, 0, 0, 4, 3, 10, 4, 3, 10, 0, 0, 7, 8, 9, 7, 8, 9, 0]
111	Individual - 	170	29	123	6	0	3	[0, 1, 5, 6, 2, 5, 2, 1, 6, 0, 0, 4, 3, 10, 4, 3, 10, 0, 0, 7, 8, 9, 7, 8, 9, 0]
112	Individual - 	170	29	123	6	0	3	[0, 1, 5, 6, 2, 5, 2, 1, 6, 0, 0, 4, 3, 10, 4, 3, 10, 0, 0, 7, 8, 9, 7, 8, 9, 0]
113	Individual - 	170	29	123	6	0	3	[0, 1, 5, 6, 2, 5, 2, 1, 6, 0, 0, 4, 3, 10, 4, 3, 10, 0, 0, 7, 8, 9, 7, 8, 9, 0]
114	Individual - 	170	29	123	6	0	3	[0, 1, 5, 6, 2, 5, 2, 1, 6, 0, 0, 4, 3, 10, 4, 3, 10, 0, 0, 7, 8, 9, 7, 8, 9, 0]
115	Individual - 	170	29	123	6	0	3	[0, 1, 5, 6, 2, 5, 2, 1, 6, 0, 0, 4, 3, 10, 4, 3, 10, 0, 0, 7, 8, 9, 7, 8, 9, 0]
116	Individual - 	170	29	123	6	0	3	[0, 1, 5, 6, 2, 5, 2, 1, 6, 0, 0, 4, 3, 10, 4, 3, 10, 0, 0, 7, 8, 9, 7, 8, 9, 0]
117	Individual - 	170	29	123	6	0	3	[0, 1, 5, 6, 2, 5, 2, 1, 6, 0, 0, 4, 3, 10, 4, 3, 10, 0, 0, 7, 8, 9, 7, 8, 9, 0]
118	Individual - 	170	29	123	6	0	3	[0, 1, 5, 6, 2, 5, 2, 1, 6, 0, 0, 4, 3, 10, 4, 3, 10, 0, 0, 7, 8, 9, 7, 8, 9, 0]
119	Individual - 	170	29	123	6	0	3	[0, 1, 5, 6, 2, 5, 2, 1, 6, 0, 0, 4, 3, 10, 4, 3, 10, 0, 0, 7, 8, 9, 7, 8, 9, 0]
120	Individual - 	170	29	123	6	0	3	[0, 1, 5, 6, 2, 5, 2, 1, 6, 0, 0, 4, 3, 10, 4, 3, 10, 0, 0, 7, 8, 9, 7, 8, 9, 0]
121	Individual - 	170	29	123	6	0	3	[0, 1, 5, 6, 2, 5, 2, 1, 6, 0, 0, 4, 3, 10, 4, 3, 10, 0, 0, 7, 8, 9, 7, 8, 9, 0]
122	Individual - 	170	29	123	6	0	3	[0, 1, 5, 6, 2, 5, 2, 1, 6, 0, 0, 4, 3, 10, 4, 3, 10, 0, 0, 7, 8, 9, 7, 8, 9, 0]
123	Individual - 	170	29	123	6	0	3	[0, 1, 5, 6, 2, 5, 2, 1, 6, 0, 0, 4, 3, 10, 4, 3, 10, 0, 0, 7, 8, 9, 7, 8, 9, 0]
124	Individual - 	170	29	123	6	0	3	[0, 1, 5, 6, 2, 5, 2, 1, 6, 0, 0, 4, 3, 10, 4, 3, 10, 0, 0, 7, 8, 9, 7, 8, 9, 0]
125	Individual - 	170	29	123	6	0	3	[0, 1, 5, 6, 2, 5, 2, 1, 6, 0, 0, 4, 3, 10, 4, 3, 10, 0, 0, 7, 8, 9, 7, 8, 9, 0]
126	Individual - 	170	29	123	6	0	3	[0, 1, 5, 6, 2, 5, 2, 1, 6, 0, 0, 4, 3, 10, 4, 3, 10, 0, 0, 7, 8, 9, 7, 8, 9, 0]
127	Individual - 	170	29	123	6	0	3	[0, 1, 5, 6, 2, 5, 2, 1, 6, 0, 0, 4, 3, 10, 4, 3, 10, 0, 0, 7, 8, 9, 7, 8, 9, 0]
128	Individual - 	170	29	123	6	0	3	[0, 1, 5, 6, 2, 5, 2, 1, 6, 0, 0, 4, 3, 10, 4, 3, 10, 0, 0, 7, 8, 9, 7, 8, 9, 0]
129	Individual - 	170	29	123	6	0	3	[0, 1, 5, 6, 2, 5, 2, 1, 6, 0, 0, 4, 3, 10, 4, 3, 10, 0, 0, 7, 8, 9, 7, 8, 9, 0]
130	Individual - 	170	29	123	6	0	3	[0, 1, 5, 6, 2, 5, 2, 1, 6, 0, 0, 4, 3, 10, 4, 3, 10, 0, 0, 7, 8, 9, 7, 8, 9, 0]
131	Individual - 	170	29	123	6	0	3	[0, 1, 5, 6, 2, 5, 2, 1, 6, 0, 0, 4, 3, 10, 4, 3, 10, 0, 0, 7, 8, 9, 7, 8, 9, 0]
132	Individual - 	170	29	123	6	0	3	[0, 1, 5, 6, 2, 5, 2, 1, 6, 0, 0, 4, 3, 10, 4, 3, 10, 0, 0, 7, 8, 9, 7, 8, 9, 0]
133	Individual - 	170	29	123	6	0	3	[0, 1, 5, 6, 2, 5, 2, 1, 6, 0, 0, 4, 3, 10, 4, 3, 10, 0, 0, 7, 8, 9, 7, 8, 9, 0]
134	Individual - 	170	29	123	6	0	3	[0, 1, 5, 6, 2, 5, 2, 1, 6, 0, 0, 4, 3, 10, 4, 3, 10, 0, 0, 7, 8, 9, 7, 8, 9, 0]
135	Individual - 	170	29	123	6	0	3	[0, 1, 5, 6, 2, 5, 2, 1, 6, 0, 0, 4, 3, 10, 4, 3, 10, 0, 0, 7, 8, 9, 7, 8, 9, 0]
136	Individual - 	170	29	123	6	0	3	[0, 1, 5, 6, 2, 5, 2, 1, 6, 0, 0, 4, 3, 10, 4, 3, 10, 0, 0, 7, 8, 9, 7, 8, 9, 0]
137	Individual - 	170	29	123	6	0	3	[0, 1, 5, 6, 2, 5, 2, 1, 6, 0, 0, 4, 3, 10, 4, 3, 10, 0, 0, 7, 8, 9, 7, 8, 9, 0]
138	Individual - 	170	29	123	6	0	3	[0, 1, 5, 6, 2, 5, 2, 1, 6, 0, 0, 4, 3, 10, 4, 3, 10, 0, 0, 7, 8, 9, 7, 8, 9, 0]
139	Individual - 	170	29	123	6	0	3	[0, 1, 5, 6, 2, 5, 2, 1, 6, 0, 0, 4, 3, 10, 4, 3, 10, 0, 0, 7, 8, 9, 7, 8, 9, 0]
140	Individual - 	170	29	123	6	0	3	[0, 1, 5, 6, 2, 5, 2, 1, 6, 0, 0, 4, 3, 10, 4, 3, 10, 0, 0, 7, 8, 9, 7, 8, 9, 0]
141	Individual - 	170	29	123	6	0	3	[0, 1, 5, 6, 2, 5, 2, 1, 6, 0, 0, 4, 3, 10, 4, 3, 10, 0, 0, 7, 8, 9, 7, 8, 9, 0]
142	Individual - 	170	29	123	6	0	3	[0, 1, 5, 6, 2, 5, 2, 1, 6, 0, 0, 4, 3, 10, 4, 3, 10, 0, 0, 7, 8, 9, 7, 8, 9, 0]
143	Individual - 	170	29	123	6	0	3	[0, 1, 5, 6, 2, 5, 2, 1, 6, 0, 0, 4, 3, 10, 4, 3, 10, 0, 0, 7, 8, 9, 7, 8, 9, 0]
144	Individual - 	170	29	123	6	0	3	[0, 1, 5, 6, 2, 5, 2, 1, 6, 0, 0, 4, 3, 10, 4, 3, 10, 0, 0, 7, 8, 9, 7, 8, 9, 0]
145	Individual - 	170	29	123	6	0	3	[0, 1, 5, 6, 2, 5, 2, 1, 6, 0, 0, 4, 3, 10, 4, 3, 10, 0, 0, 7, 8, 9, 7, 8, 9, 0]
146	Individual - 	170	29	123	6	0	3	[0, 1, 5, 6, 2, 5, 2, 1, 6, 0, 0, 4, 3, 10, 4, 3, 10, 0, 0, 7, 8, 9, 7, 8, 9, 0]
147	Individual - 	170	29	123	6	0	3	[0, 1, 5, 6, 2, 5, 2, 1, 6, 0, 0, 4, 3, 10, 4, 3, 10, 0, 0, 7, 8, 9, 7, 8, 9, 0]
148	Individual - 	170	29	123	6	0	3	[0, 1, 5, 6, 2, 5, 2, 1, 6, 0, 0, 4, 3, 10, 4, 3, 10, 0, 0, 7, 8, 9, 7, 8, 9, 0]
149	Individual - 	170	29	123	6	0	3	[0, 1, 5, 6, 2, 5, 2, 1, 6, 0, 0, 4, 3, 10, 4, 3, 10, 0, 0, 7, 8, 9, 7, 8, 9, 0]
150	Individual - 	170	29	123	6	0	3	[0, 1, 5, 6, 2, 5, 2, 1, 6, 0, 0, 4, 3, 10, 4, 3, 10, 0, 0, 7, 8, 9, 7, 8, 9, 0]
151	Individual - 	170	29	123	6	0	3	[0, 1, 5, 6, 2, 5, 2, 1, 6, 0, 0, 4, 3, 10, 4, 3, 10, 0, 0, 7, 8, 9, 7, 8, 9, 0]
152	Individual - 	170	29	123	6	0	3	[0, 1, 5, 6, 2, 5, 2, 1, 6, 0, 0, 4, 3, 10, 4, 3, 10, 0, 0, 7, 8, 9, 7, 8, 9, 0]
153	Individual - 	170	29	123	6	0	3	[0, 1, 5, 6, 2, 5, 2, 1, 6, 0, 0, 4, 3, 10, 4, 3, 10, 0, 0, 7, 8, 9, 7, 8, 9, 0]
154	Individual - 	170	29	123	6	0	3	[0, 1, 5, 6, 2, 5, 2, 1, 6, 0, 0, 4, 3, 10, 4, 3, 10, 0, 0, 7, 8, 9, 7, 8, 9, 0]
155	Individual - 	170	29	123	6	0	3	[0, 1, 5, 6, 2, 5, 2, 1, 6, 0, 0, 4, 3, 10, 4, 3, 10, 0, 0, 7, 8, 9, 7, 8, 9, 0]
156	Individual - 	170	29	123	6	0	3	[0, 1, 5, 6, 2, 5, 2, 1, 6, 0, 0, 4, 3, 10, 4, 3, 10, 0, 0, 7, 8, 9, 7, 8, 9, 0]
157	Individual - 	170	29	123	6	0	3	[0, 1, 5, 6, 2, 5, 2, 1, 6, 0, 0, 4, 3, 10, 4, 3, 10, 0, 0, 7, 8, 9, 7, 8, 9, 0]
158	Individual - 	170	29	123	6	0	3	[0, 1, 5, 6, 2, 5, 2, 1, 6, 0, 0, 4, 3, 10, 4, 3, 10, 0, 0, 7, 8, 9, 7, 8, 9, 0]
159	Individual - 	170	29	123	6	0	3	[0, 1, 5, 6, 2, 5, 2, 1, 6, 0, 0, 4, 3, 10, 4, 3, 10, 0, 0, 7, 8, 9, 7, 8, 9, 0]
160	Individual - 	170	29	123	6	0	3	[0, 1, 5, 6, 2, 5, 2, 1, 6, 0, 0, 4, 3, 10, 4, 3, 10, 0, 0, 7, 8, 9, 7, 8, 9, 0]
161	Individual - 	170	29	123	6	0	3	[0, 1, 5, 6, 2, 5, 2, 1, 6, 0, 0, 4, 3, 10, 4, 3, 10, 0, 0, 7, 8, 9, 7, 8, 9, 0]
162	Individual - 	170	29	123	6	0	3	[0, 1, 5, 6, 2, 5, 2, 1, 6, 0, 0, 4, 3, 10, 4, 3, 10, 0, 0, 7, 8, 9, 7, 8, 9, 0]
163	Individual - 	170	29	123	6	0	3	[0, 1, 5, 6, 2, 5, 2, 1, 6, 0, 0, 4, 3, 10, 4, 3, 10, 0, 0, 7, 8, 9, 7, 8, 9, 0]
164	Individual - 	170	29	123	6	0	3	[0, 1, 5, 6, 2, 5, 2, 1, 6, 0, 0, 4, 3, 10, 4, 3, 10, 0, 0, 7, 8, 9, 7, 8, 9, 0]
165	Individual - 	170	29	123	6	0	3	[0, 1, 5, 6, 2, 5, 2, 1, 6, 0, 0, 4, 3, 10, 4, 3, 10, 0, 0, 7, 8, 9, 7, 8, 9, 0]
166	Individual - 	170	29	123	6	0	3	[0, 1, 5, 6, 2, 5, 2, 1, 6, 0, 0, 4, 3, 10, 4, 3, 10, 0, 0, 7, 8, 9, 7, 8, 9, 0]
167	Individual - 	170	29	123	6	0	3	[0, 1, 5, 6, 2, 5, 2, 1, 6, 0, 0, 4, 3, 10, 4, 3, 10, 0, 0, 7, 8, 9, 7, 8, 9, 0]
168	Individual - 	170	29	123	6	0	3	[0, 1, 5, 6, 2, 5, 2, 1, 6, 0, 0, 4, 3, 10, 4, 3, 10, 0, 0, 7, 8, 9, 7, 8, 9, 0]
169	Individual - 	170	29	123	6	0	3	[0, 1, 5, 6, 2, 5, 2, 1, 6, 0, 0, 4, 3, 10, 4, 3, 10, 0, 0, 7, 8, 9, 7, 8, 9, 0]
170	Individual - 	170	29	123	6	0	3	[0, 1, 5, 6, 2, 5, 2, 1, 6, 0, 0, 4, 3, 10, 4, 3, 10, 0, 0, 7, 8, 9, 7, 8, 9, 0]
171	Individual - 	170	29	123	6	0	3	[0, 1, 5, 6, 2, 5, 2, 1, 6, 0, 0, 4, 3, 10, 4, 3, 10, 0, 0, 7, 8, 9, 7, 8, 9, 0]
172	Individual - 	170	29	123	6	0	3	[0, 1, 5, 6, 2, 5, 2, 1, 6, 0, 0, 4, 3, 10, 4, 3, 10, 0, 0, 7, 8, 9, 7, 8, 9, 0]
173	Individual - 	170	29	123	6	0	3	[0, 1, 5, 6, 2, 5, 2, 1, 6, 0, 0, 4, 3, 10, 4, 3, 10, 0, 0, 7, 8, 9, 7, 8, 9, 0]
174	Individual - 	170	29	123	6	0	3	[0, 1, 5, 6, 2, 5, 2, 1, 6, 0, 0, 4, 3, 10, 4, 3, 10, 0, 0, 7, 8, 9, 7, 8, 9, 0]
175	Individual - 	170	29	123	6	0	3	[0, 1, 5, 6, 2, 5, 2, 1, 6, 0, 0, 4, 3, 10, 4, 3, 10, 0, 0, 7, 8, 9, 7, 8, 9, 0]
176	Individual - 	170	29	123	6	0	3	[0, 1, 5, 6, 2, 5, 2, 1, 6, 0, 0, 4, 3, 10, 4, 3, 10, 0, 0, 7, 8, 9, 7, 8, 9, 0]
177	Individual - 	170	29	123	6	0	3	[0, 1, 5, 6, 2, 5, 2, 1, 6, 0, 0, 4, 3, 10, 4, 3, 10, 0, 0, 7, 8, 9, 7, 8, 9, 0]
178	Individual - 	170	29	123	6	0	3	[0, 1, 5, 6, 2, 5, 2, 1, 6, 0, 0, 4, 3, 10, 4, 3, 10, 0, 0, 7, 8, 9, 7, 8, 9, 0]
179	Individual - 	170	29	123	6	0	3	[0, 1, 5, 6, 2, 5, 2, 1, 6, 0, 0, 4, 3, 10, 4, 3, 10, 0, 0, 7, 8, 9, 7, 8, 9, 0]
180	Individual - 	170	29	123	6	0	3	[0, 1, 5, 6, 2, 5, 2, 1, 6, 0, 0, 4, 3, 10, 4, 3, 10, 0, 0, 7, 8, 9, 7, 8, 9, 0]
181	Individual - 	170	29	123	6	0	3	[0, 1, 5, 6, 2, 5, 2, 1, 6, 0, 0, 4, 3, 10, 4, 3, 10, 0, 0, 7, 8, 9, 7, 8, 9, 0]
182	Individual - 	170	29	123	6	0	3	[0, 1, 5, 6, 2, 5, 2, 1, 6, 0, 0, 4, 3, 10, 4, 3, 10, 0, 0, 7, 8, 9, 7, 8, 9, 0]
183	Individual - 	170	29	123	6	0	3	[0, 1, 5, 6, 2, 5, 2, 1, 6, 0, 0, 4, 3, 10, 4, 3, 10, 0, 0, 7, 8, 9, 7, 8, 9, 0]
184	Individual - 	170	29	123	6	0	3	[0, 1, 5, 6, 2, 5, 2, 1, 6, 0, 0, 4, 3, 10, 4, 3, 10, 0, 0, 7, 8, 9, 7, 8, 9, 0]
185	Individual - 	170	29	123	6	0	3	[0, 1, 5, 6, 2, 5, 2, 1, 6, 0, 0, 4, 3, 10, 4, 3, 10, 0, 0, 7, 8, 9, 7, 8, 9, 0]
186	Individual - 	170	29	123	6	0	3	[0, 1, 5, 6, 2, 5, 2, 1, 6, 0, 0, 4, 3, 10, 4, 3, 10, 0, 0, 7, 8, 9, 7, 8, 9, 0]
187	Individual - 	170	29	123	6	0	3	[0, 1, 5, 6, 2, 5, 2, 1, 6, 0, 0, 4, 3, 10, 4, 3, 10, 0, 0, 7, 8, 9, 7, 8, 9, 0]
188	Individual - 	170	29	123	6	0	3	[0, 1, 5, 6, 2, 5, 2, 1, 6, 0, 0, 4, 3, 10, 4, 3, 10, 0, 0, 7, 8, 9, 7, 8, 9, 0]
189	Individual - 	170	29	123	6	0	3	[0, 1, 5, 6, 2, 5, 2, 1, 6, 0, 0, 4, 3, 10, 4, 3, 10, 0, 0, 7, 8, 9, 7, 8, 9, 0]
190	Individual - 	170	29	123	6	0	3	[0, 1, 5, 6, 2, 5, 2, 1, 6, 0, 0, 4, 3, 10, 4, 3, 10, 0, 0, 7, 8, 9, 7, 8, 9, 0]
191	Individual - 	170	29	123	6	0	3	[0, 1, 5, 6, 2, 5, 2, 1, 6, 0, 0, 4, 3, 10, 4, 3, 10, 0, 0, 7, 8, 9, 7, 8, 9, 0]
192	Individual - 	170	29	123	6	0	3	[0, 1, 5, 6, 2, 5, 2, 1, 6, 0, 0, 4, 3, 10, 4, 3, 10, 0, 0, 7, 8, 9, 7, 8, 9, 0]
193	Individual - 	170	29	123	6	0	3	[0, 1, 5, 6, 2, 5, 2, 1, 6, 0, 0, 4, 3, 10, 4, 3, 10, 0, 0, 7, 8, 9, 7, 8, 9, 0]
194	Individual - 	170	29	123	6	0	3	[0, 1, 5, 6, 2, 5, 2, 1, 6, 0, 0, 4, 3, 10, 4, 3, 10, 0, 0, 7, 8, 9, 7, 8, 9, 0]
195	Individual - 	170	29	123	6	0	3	[0, 1, 5, 6, 2, 5, 2, 1, 6, 0, 0, 4, 3, 10, 4, 3, 10, 0, 0, 7, 8, 9, 7, 8, 9, 0]
196	Individual - 	170	29	123	6	0	3	[0, 1, 5, 6, 2, 5, 2, 1, 6, 0, 0, 4, 3, 10, 4, 3, 10, 0, 0, 7, 8, 9, 7, 8, 9, 0]
197	Individual - 	170	29	123	6	0	3	[0, 1, 5, 6, 2, 5, 2, 1, 6, 0, 0, 4, 3, 10, 4, 3, 10, 0, 0, 7, 8, 9, 7, 8, 9, 0]
198	Individual - 	170	29	123	6	0	3	[0, 1, 5, 6, 2, 5, 2, 1, 6, 0, 0, 4, 3, 10, 4, 3, 10, 0, 0, 7, 8, 9, 7, 8, 9, 0]
199	Individual - 	170	29	123	6	0	3	[0, 1, 5, 6, 2, 5, 2, 1, 6, 0, 0, 4, 3, 10, 4, 3, 10, 0, 0, 7, 8, 9, 7, 8, 9, 0]
200	Individual - 	170	29	123	6	0	3	[0, 1, 5, 6, 2, 5, 2, 1, 6, 0, 0, 4, 3, 10, 4, 3, 10, 0, 0, 7, 8, 9, 7, 8, 9, 0]
201	Individual - 	170	29	123	6	0	3	[0, 1, 5, 6, 2, 5, 2, 1, 6, 0, 0, 4, 3, 10, 4, 3, 10, 0, 0, 7, 8, 9, 7, 8, 9, 0]
202	Individual - 	170	29	123	6	0	3	[0, 1, 5, 6, 2, 5, 2, 1, 6, 0, 0, 4, 3, 10, 4, 3, 10, 0, 0, 7, 8, 9, 7, 8, 9, 0]
203	Individual - 	170	29	123	6	0	3	[0, 1, 5, 6, 2, 5, 2, 1, 6, 0, 0, 4, 3, 10, 4, 3, 10, 0, 0, 7, 8, 9, 7, 8, 9, 0]
204	Individual - 	170	29	123	6	0	3	[0, 1, 5, 6, 2, 5, 2, 1, 6, 0, 0, 4, 3, 10, 4, 3, 10, 0, 0, 7, 8, 9, 7, 8, 9, 0]
205	Individual - 	170	29	123	6	0	3	[0, 1, 5, 6, 2, 5, 2, 1, 6, 0, 0, 4, 3, 10, 4, 3, 10, 0, 0, 7, 8, 9, 7, 8, 9, 0]
206	Individual - 	170	29	123	6	0	3	[0, 1, 5, 6, 2, 5, 2, 1, 6, 0, 0, 4, 3, 10, 4, 3, 10, 0, 0, 7, 8, 9, 7, 8, 9, 0]
207	Individual - 	170	29	123	6	0	3	[0, 1, 5, 6, 2, 5, 2, 1, 6, 0, 0, 4, 3, 10, 4, 3, 10, 0, 0, 7, 8, 9, 7, 8, 9, 0]
208	Individual - 	170	29	123	6	0	3	[0, 1, 5, 6, 2, 5, 2, 1, 6, 0, 0, 4, 3, 10, 4, 3, 10, 0, 0, 7, 8, 9, 7, 8, 9, 0]
209	Individual - 	170	29	123	6	0	3	[0, 1, 5, 6, 2, 5, 2, 1, 6, 0, 0, 4, 3, 10, 4, 3, 10, 0, 0, 7, 8, 9, 7, 8, 9, 0]
210	Individual - 	170	29	123	6	0	3	[0, 1, 5, 6, 2, 5, 2, 1, 6, 0, 0, 4, 3, 10, 4, 3, 10, 0, 0, 7, 8, 9, 7, 8, 9, 0]
211	Individual - 	170	29	123	6	0	3	[0, 1, 5, 6, 2, 5, 2, 1, 6, 0, 0, 4, 3, 10, 4, 3, 10, 0, 0, 7, 8, 9, 7, 8, 9, 0]
212	Individual - 	170	29	123	6	0	3	[0, 1, 5, 6, 2, 5, 2, 1, 6, 0, 0, 4, 3, 10, 4, 3, 10, 0, 0, 7, 8, 9, 7, 8, 9, 0]
213	Individual - 	170	29	123	6	0	3	[0, 1, 5, 6, 2, 5, 2, 1, 6, 0, 0, 4, 3, 10, 4, 3, 10, 0, 0, 7, 8, 9, 7, 8, 9, 0]
214	Individual - 	170	29	123	6	0	3	[0, 1, 5, 6, 2, 5, 2, 1, 6, 0, 0, 4, 3, 10, 4, 3, 10, 0, 0, 7, 8, 9, 7, 8, 9, 0]
215	Individual - 	170	29	123	6	0	3	[0, 1, 5, 6, 2, 5, 2, 1, 6, 0, 0, 4, 3, 10, 4, 3, 10, 0, 0, 7, 8, 9, 7, 8, 9, 0]
216	Individual - 	170	29	123	6	0	3	[0, 1, 5, 6, 2, 5, 2, 1, 6, 0, 0, 4, 3, 10, 4, 3, 10, 0, 0, 7, 8, 9, 7, 8, 9, 0]
217	Individual - 	170	29	123	6	0	3	[0, 1, 5, 6, 2, 5, 2, 1, 6, 0, 0, 4, 3, 10, 4, 3, 10, 0, 0, 7, 8, 9, 7, 8, 9, 0]
218	Individual - 	170	29	123	6	0	3	[0, 1, 5, 6, 2, 5, 2, 1, 6, 0, 0, 4, 3, 10, 4, 3, 10, 0, 0, 7, 8, 9, 7, 8, 9, 0]
219	Individual - 	170	29	123	6	0	3	[0, 1, 5, 6, 2, 5, 2, 1, 6, 0, 0, 4, 3, 10, 4, 3, 10, 0, 0, 7, 8, 9, 7, 8, 9, 0]
220	Individual - 	170	29	123	6	0	3	[0, 1, 5, 6, 2, 5, 2, 1, 6, 0, 0, 4, 3, 10, 4, 3, 10, 0, 0, 7, 8, 9, 7, 8, 9, 0]
221	Individual - 	170	29	123	6	0	3	[0, 1, 5, 6, 2, 5, 2, 1, 6, 0, 0, 4, 3, 10, 4, 3, 10, 0, 0, 7, 8, 9, 7, 8, 9, 0]
222	Individual - 	170	29	123	6	0	3	[0, 1, 5, 6, 2, 5, 2, 1, 6, 0, 0, 4, 3, 10, 4, 3, 10, 0, 0, 7, 8, 9, 7, 8, 9, 0]
223	Individual - 	170	29	123	6	0	3	[0, 1, 5, 6, 2, 5, 2, 1, 6, 0, 0, 4, 3, 10, 4, 3, 10, 0, 0, 7, 8, 9, 7, 8, 9, 0]
224	Individual - 	170	29	123	6	0	3	[0, 1, 5, 6, 2, 5, 2, 1, 6, 0, 0, 4, 3, 10, 4, 3, 10, 0, 0, 7, 8, 9, 7, 8, 9, 0]
225	Individual - 	170	29	123	6	0	3	[0, 1, 5, 6, 2, 5, 2, 1, 6, 0, 0, 4, 3, 10, 4, 3, 10, 0, 0, 7, 8, 9, 7, 8, 9, 0]
226	Individual - 	170	29	123	6	0	3	[0, 1, 5, 6, 2, 5, 2, 1, 6, 0, 0, 4, 3, 10, 4, 3, 10, 0, 0, 7, 8, 9, 7, 8, 9, 0]
227	Individual - 	170	29	123	6	0	3	[0, 1, 5, 6, 2, 5, 2, 1, 6, 0, 0, 4, 3, 10, 4, 3, 10, 0, 0, 7, 8, 9, 7, 8, 9, 0]
228	Individual - 	170	29	123	6	0	3	[0, 1, 5, 6, 2, 5, 2, 1, 6, 0, 0, 4, 3, 10, 4, 3, 10, 0, 0, 7, 8, 9, 7, 8, 9, 0]
229	Individual - 	170	29	123	6	0	3	[0, 1, 5, 6, 2, 5, 2, 1, 6, 0, 0, 4, 3, 10, 4, 3, 10, 0, 0, 7, 8, 9, 7, 8, 9, 0]
230	Individual - 	170	29	123	6	0	3	[0, 1, 5, 6, 2, 5, 2, 1, 6, 0, 0, 4, 3, 10, 4, 3, 10, 0, 0, 7, 8, 9, 7, 8, 9, 0]
231	Individual - 	170	29	123	6	0	3	[0, 1, 5, 6, 2, 5, 2, 1, 6, 0, 0, 4, 3, 10, 4, 3, 10, 0, 0, 7, 8, 9, 7, 8, 9, 0]
232	Individual - 	170	29	123	6	0	3	[0, 1, 5, 6, 2, 5, 2, 1, 6, 0, 0, 4, 3, 10, 4, 3, 10, 0, 0, 7, 8, 9, 7, 8, 9, 0]
233	Individual - 	170	29	123	6	0	3	[0, 1, 5, 6, 2, 5, 2, 1, 6, 0, 0, 4, 3, 10, 4, 3, 10, 0, 0, 7, 8, 9, 7, 8, 9, 0]
234	Individual - 	170	29	123	6	0	3	[0, 1, 5, 6, 2, 5, 2, 1, 6, 0, 0, 4, 3, 10, 4, 3, 10, 0, 0, 7, 8, 9, 7, 8, 9, 0]
235	Individual - 	170	29	123	6	0	3	[0, 1, 5, 6, 2, 5, 2, 1, 6, 0, 0, 4, 3, 10, 4, 3, 10, 0, 0, 7, 8, 9, 7, 8, 9, 0]
236	Individual - 	170	29	123	6	0	3	[0, 1, 5, 6, 2, 5, 2, 1, 6, 0, 0, 4, 3, 10, 4, 3, 10, 0, 0, 7, 8, 9, 7, 8, 9, 0]
237	Individual - 	170	29	123	6	0	3	[0, 1, 5, 6, 2, 5, 2, 1, 6, 0, 0, 4, 3, 10, 4, 3, 10, 0, 0, 7, 8, 9, 7, 8, 9, 0]
238	Individual - 	170	29	123	6	0	3	[0, 1, 5, 6, 2, 5, 2, 1, 6, 0, 0, 4, 3, 10, 4, 3, 10, 0, 0, 7, 8, 9, 7, 8, 9, 0]
239	Individual - 	170	29	123	6	0	3	[0, 1, 5, 6, 2, 5, 2, 1, 6, 0, 0, 4, 3, 10, 4, 3, 10, 0, 0, 7, 8, 9, 7, 8, 9, 0]
240	Individual - 	170	29	123	6	0	3	[0, 1, 5, 6, 2, 5, 2, 1, 6, 0, 0, 4, 3, 10, 4, 3, 10, 0, 0, 7, 8, 9, 7, 8, 9, 0]
241	Individual - 	170	29	123	6	0	3	[0, 1, 5, 6, 2, 5, 2, 1, 6, 0, 0, 4, 3, 10, 4, 3, 10, 0, 0, 7, 8, 9, 7, 8, 9, 0]
242	Individual - 	170	29	123	6	0	3	[0, 1, 5, 6, 2, 5, 2, 1, 6, 0, 0, 4, 3, 10, 4, 3, 10, 0, 0, 7, 8, 9, 7, 8, 9, 0]
243	Individual - 	170	29	123	6	0	3	[0, 1, 5, 6, 2, 5, 2, 1, 6, 0, 0, 4, 3, 10, 4, 3, 10, 0, 0, 7, 8, 9, 7, 8, 9, 0]
244	Individual - 	170	29	123	6	0	3	[0, 1, 5, 6, 2, 5, 2, 1, 6, 0, 0, 4, 3, 10, 4, 3, 10, 0, 0, 7, 8, 9, 7, 8, 9, 0]
245	Individual - 	170	29	123	6	0	3	[0, 1, 5, 6, 2, 5, 2, 1, 6, 0, 0, 4, 3, 10, 4, 3, 10, 0, 0, 7, 8, 9, 7, 8, 9, 0]
246	Individual - 	170	29	123	6	0	3	[0, 1, 5, 6, 2, 5, 2, 1, 6, 0, 0, 4, 3, 10, 4, 3, 10, 0, 0, 7, 8, 9, 7, 8, 9, 0]
247	Individual - 	170	29	123	6	0	3	[0, 1, 5, 6, 2, 5, 2, 1, 6, 0, 0, 4, 3, 10, 4, 3, 10, 0, 0, 7, 8, 9, 7, 8, 9, 0]
248	Individual - 	170	29	123	6	0	3	[0, 1, 5, 6, 2, 5, 2, 1, 6, 0, 0, 4, 3, 10, 4, 3, 10, 0, 0, 7, 8, 9, 7, 8, 9, 0]
249	Individual - 	170	29	123	6	0	3	[0, 1, 5, 6, 2, 5, 2, 1, 6, 0, 0, 4, 3, 10, 4, 3, 10, 0, 0, 7, 8, 9, 7, 8, 9, 0]
250	Individual - 	170	29	123	6	0	3	[0, 1, 5, 6, 2, 5, 2, 1, 6, 0, 0, 4, 3, 10, 4, 3, 10, 0, 0, 7, 8, 9, 7, 8, 9, 0]
251	Individual - 	170	29	123	6	0	3	[0, 1, 5, 6, 2, 5, 2, 1, 6, 0, 0, 4, 3, 10, 4, 3, 10, 0, 0, 7, 8, 9, 7, 8, 9, 0]
252	Individual - 	170	29	123	6	0	3	[0, 1, 5, 6, 2, 5, 2, 1, 6, 0, 0, 4, 3, 10, 4, 3, 10, 0, 0, 7, 8, 9, 7, 8, 9, 0]
253	Individual - 	170	29	123	6	0	3	[0, 1, 5, 6, 2, 5, 2, 1, 6, 0, 0, 4, 3, 10, 4, 3, 10, 0, 0, 7, 8, 9, 7, 8, 9, 0]
254	Individual - 	170	29	123	6	0	3	[0, 1, 5, 6, 2, 5, 2, 1, 6, 0, 0, 4, 3, 10, 4, 3, 10, 0, 0, 7, 8, 9, 7, 8, 9, 0]
255	Individual - 	170	29	123	6	0	3	[0, 1, 5, 6, 2, 5, 2, 1, 6, 0, 0, 4, 3, 10, 4, 3, 10, 0, 0, 7, 8, 9, 7, 8, 9, 0]
256	Individual - 	170	29	123	6	0	3	[0, 1, 5, 6, 2, 5, 2, 1, 6, 0, 0, 4, 3, 10, 4, 3, 10, 0, 0, 7, 8, 9, 7, 8, 9, 0]
257	Individual - 	170	29	123	6	0	3	[0, 1, 5, 6, 2, 5, 2, 1, 6, 0, 0, 4, 3, 10, 4, 3, 10, 0, 0, 7, 8, 9, 7, 8, 9, 0]
258	Individual - 	170	29	123	6	0	3	[0, 1, 5, 6, 2, 5, 2, 1, 6, 0, 0, 4, 3, 10, 4, 3, 10, 0, 0, 7, 8, 9, 7, 8, 9, 0]
259	Individual - 	170	29	123	6	0	3	[0, 1, 5, 6, 2, 5, 2, 1, 6, 0, 0, 4, 3, 10, 4, 3, 10, 0, 0, 7, 8, 9, 7, 8, 9, 0]
260	Individual - 	170	29	123	6	0	3	[0, 1, 5, 6, 2, 5, 2, 1, 6, 0, 0, 4, 3, 10, 4, 3, 10, 0, 0, 7, 8, 9, 7, 8, 9, 0]
261	Individual - 	170	29	123	6	0	3	[0, 1, 5, 6, 2, 5, 2, 1, 6, 0, 0, 4, 3, 10, 4, 3, 10, 0, 0, 7, 8, 9, 7, 8, 9, 0]
262	Individual - 	170	29	123	6	0	3	[0, 1, 5, 6, 2, 5, 2, 1, 6, 0, 0, 4, 3, 10, 4, 3, 10, 0, 0, 7, 8, 9, 7, 8, 9, 0]
263	Individual - 	170	29	123	6	0	3	[0, 1, 5, 6, 2, 5, 2, 1, 6, 0, 0, 4, 3, 10, 4, 3, 10, 0, 0, 7, 8, 9, 7, 8, 9, 0]
264	Individual - 	170	29	123	6	0	3	[0, 1, 5, 6, 2, 5, 2, 1, 6, 0, 0, 4, 3, 10, 4, 3, 10, 0, 0, 7, 8, 9, 7, 8, 9, 0]
265	Individual - 	170	29	123	6	0	3	[0, 1, 5, 6, 2, 5, 2, 1, 6, 0, 0, 4, 3, 10, 4, 3, 10, 0, 0, 7, 8, 9, 7, 8, 9, 0]
266	Individual - 	170	29	123	6	0	3	[0, 1, 5, 6, 2, 5, 2, 1, 6, 0, 0, 4, 3, 10, 4, 3, 10, 0, 0, 7, 8, 9, 7, 8, 9, 0]
267	Individual - 	170	29	123	6	0	3	[0, 1, 5, 6, 2, 5, 2, 1, 6, 0, 0, 4, 3, 10, 4, 3, 10, 0, 0, 7, 8, 9, 7, 8, 9, 0]
268	Individual - 	170	29	123	6	0	3	[0, 1, 5, 6, 2, 5, 2, 1, 6, 0, 0, 4, 3, 10, 4, 3, 10, 0, 0, 7, 8, 9, 7, 8, 9, 0]
269	Individual - 	170	29	123	6	0	3	[0, 1, 5, 6, 2, 5, 2, 1, 6, 0, 0, 4, 3, 10, 4, 3, 10, 0, 0, 7, 8, 9, 7, 8, 9, 0]
270	Individual - 	170	29	123	6	0	3	[0, 1, 5, 6, 2, 5, 2, 1, 6, 0, 0, 4, 3, 10, 4, 3, 10, 0, 0, 7, 8, 9, 7, 8, 9, 0]
271	Individual - 	170	29	123	6	0	3	[0, 1, 5, 6, 2, 5, 2, 1, 6, 0, 0, 4, 3, 10, 4, 3, 10, 0, 0, 7, 8, 9, 7, 8, 9, 0]
272	Individual - 	170	29	123	6	0	3	[0, 1, 5, 6, 2, 5, 2, 1, 6, 0, 0, 4, 3, 10, 4, 3, 10, 0, 0, 7, 8, 9, 7, 8, 9, 0]
273	Individual - 	170	29	123	6	0	3	[0, 1, 5, 6, 2, 5, 2, 1, 6, 0, 0, 4, 3, 10, 4, 3, 10, 0, 0, 7, 8, 9, 7, 8, 9, 0]
274	Individual - 	170	29	123	6	0	3	[0, 1, 5, 6, 2, 5, 2, 1, 6, 0, 0, 4, 3, 10, 4, 3, 10, 0, 0, 7, 8, 9, 7, 8, 9, 0]
275	Individual - 	170	29	123	6	0	3	[0, 1, 5, 6, 2, 5, 2, 1, 6, 0, 0, 4, 3, 10, 4, 3, 10, 0, 0, 7, 8, 9, 7, 8, 9, 0]
276	Individual - 	170	29	123	6	0	3	[0, 1, 5, 6, 2, 5, 2, 1, 6, 0, 0, 4, 3, 10, 4, 3, 10, 0, 0, 7, 8, 9, 7, 8, 9, 0]
277	Individual - 	170	29	123	6	0	3	[0, 1, 5, 6, 2, 5, 2, 1, 6, 0, 0, 4, 3, 10, 4, 3, 10, 0, 0, 7, 8, 9, 7, 8, 9, 0]
278	Individual - 	170	29	123	6	0	3	[0, 1, 5, 6, 2, 5, 2, 1, 6, 0, 0, 4, 3, 10, 4, 3, 10, 0, 0, 7, 8, 9, 7, 8, 9, 0]
279	Individual - 	170	29	123	6	0	3	[0, 1, 5, 6, 2, 5, 2, 1, 6, 0, 0, 4, 3, 10, 4, 3, 10, 0, 0, 7, 8, 9, 7, 8, 9, 0]
280	Individual - 	170	29	123	6	0	3	[0, 1, 5, 6, 2, 5, 2, 1, 6, 0, 0, 4, 3, 10, 4, 3, 10, 0, 0, 7, 8, 9, 7, 8, 9, 0]
281	Individual - 	170	29	123	6	0	3	[0, 1, 5, 6, 2, 5, 2, 1, 6, 0, 0, 4, 3, 10, 4, 3, 10, 0, 0, 7, 8, 9, 7, 8, 9, 0]
282	Individual - 	170	29	123	6	0	3	[0, 1, 5, 6, 2, 5, 2, 1, 6, 0, 0, 4, 3, 10, 4, 3, 10, 0, 0, 7, 8, 9, 7, 8, 9, 0]
283	Individual - 	170	29	123	6	0	3	[0, 1, 5, 6, 2, 5, 2, 1, 6, 0, 0, 4, 3, 10, 4, 3, 10, 0, 0, 7, 8, 9, 7, 8, 9, 0]
284	Individual - 	170	29	123	6	0	3	[0, 1, 5, 6, 2, 5, 2, 1, 6, 0, 0, 4, 3, 10, 4, 3, 10, 0, 0, 7, 8, 9, 7, 8, 9, 0]
285	Individual - 	170	29	123	6	0	3	[0, 1, 5, 6, 2, 5, 2, 1, 6, 0, 0, 4, 3, 10, 4, 3, 10, 0, 0, 7, 8, 9, 7, 8, 9, 0]
286	Individual - 	170	29	123	6	0	3	[0, 1, 5, 6, 2, 5, 2, 1, 6, 0, 0, 4, 3, 10, 4, 3, 10, 0, 0, 7, 8, 9, 7, 8, 9, 0]
287	Individual - 	170	29	123	6	0	3	[0, 1, 5, 6, 2, 5, 2, 1, 6, 0, 0, 4, 3, 10, 4, 3, 10, 0, 0, 7, 8, 9, 7, 8, 9, 0]
288	Individual - 	170	29	123	6	0	3	[0, 1, 5, 6, 2, 5, 2, 1, 6, 0, 0, 4, 3, 10, 4, 3, 10, 0, 0, 7, 8, 9, 7, 8, 9, 0]
289	Individual - 	170	29	123	6	0	3	[0, 1, 5, 6, 2, 5, 2, 1, 6, 0, 0, 4, 3, 10, 4, 3, 10, 0, 0, 7, 8, 9, 7, 8, 9, 0]
290	Individual - 	170	29	123	6	0	3	[0, 1, 5, 6, 2, 5, 2, 1, 6, 0, 0, 4, 3, 10, 4, 3, 10, 0, 0, 7, 8, 9, 7, 8, 9, 0]
291	Individual - 	170	29	123	6	0	3	[0, 1, 5, 6, 2, 5, 2, 1, 6, 0, 0, 4, 3, 10, 4, 3, 10, 0, 0, 7, 8, 9, 7, 8, 9, 0]
292	Individual - 	170	29	123	6	0	3	[0, 1, 5, 6, 2, 5, 2, 1, 6, 0, 0, 4, 3, 10, 4, 3, 10, 0, 0, 7, 8, 9, 7, 8, 9, 0]
293	Individual - 	170	29	123	6	0	3	[0, 1, 5, 6, 2, 5, 2, 1, 6, 0, 0, 4, 3, 10, 4, 3, 10, 0, 0, 7, 8, 9, 7, 8, 9, 0]
294	Individual - 	170	29	123	6	0	3	[0, 1, 5, 6, 2, 5, 2, 1, 6, 0, 0, 4, 3, 10, 4, 3, 10, 0, 0, 7, 8, 9, 7, 8, 9, 0]
295	Individual - 	170	29	123	6	0	3	[0, 1, 5, 6, 2, 5, 2, 1, 6, 0, 0, 4, 3, 10, 4, 3, 10, 0, 0, 7, 8, 9, 7, 8, 9, 0]
296	Individual - 	170	29	123	6	0	3	[0, 1, 5, 6, 2, 5, 2, 1, 6, 0, 0, 4, 3, 10, 4, 3, 10, 0, 0, 7, 8, 9, 7, 8, 9, 0]
297	Individual - 	170	29	123	6	0	3	[0, 1, 5, 6, 2, 5, 2, 1, 6, 0, 0, 4, 3, 10, 4, 3, 10, 0, 0, 7, 8, 9, 7, 8, 9, 0]
298	Individual - 	170	29	123	6	0	3	[0, 1, 5, 6, 2, 5, 2, 1, 6, 0, 0, 4, 3, 10, 4, 3, 10, 0, 0, 7, 8, 9, 7, 8, 9, 0]
299	Individual - 	170	29	123	6	0	3	[0, 1, 5, 6, 2, 5, 2, 1, 6, 0, 0, 4, 3, 10, 4, 3, 10, 0, 0, 7, 8, 9, 7, 8, 9, 0]
300	Individual - 	170	29	123	6	0	3	[0, 1, 5, 6, 2, 5, 2, 1, 6, 0, 0, 4, 3, 10, 4, 3, 10, 0, 0, 7, 8, 9, 7, 8, 9, 0]
301	Individual - 	170	29	123	6	0	3	[0, 1, 5, 6, 2, 5, 2, 1, 6, 0, 0, 4, 3, 10, 4, 3, 10, 0, 0, 7, 8, 9, 7, 8, 9, 0]
302	Individual - 	170	29	123	6	0	3	[0, 1, 5, 6, 2, 5, 2, 1, 6, 0, 0, 4, 3, 10, 4, 3, 10, 0, 0, 7, 8, 9, 7, 8, 9, 0]
303	Individual - 	170	29	123	6	0	3	[0, 1, 5, 6, 2, 5, 2, 1, 6, 0, 0, 4, 3, 10, 4, 3, 10, 0, 0, 7, 8, 9, 7, 8, 9, 0]
304	Individual - 	170	29	123	6	0	3	[0, 1, 5, 6, 2, 5, 2, 1, 6, 0, 0, 4, 3, 10, 4, 3, 10, 0, 0, 7, 8, 9, 7, 8, 9, 0]
305	Individual - 	170	29	123	6	0	3	[0, 1, 5, 6, 2, 5, 2, 1, 6, 0, 0, 4, 3, 10, 4, 3, 10, 0, 0, 7, 8, 9, 7, 8, 9, 0]
306	Individual - 	170	29	123	6	0	3	[0, 1, 5, 6, 2, 5, 2, 1, 6, 0, 0, 4, 3, 10, 4, 3, 10, 0, 0, 7, 8, 9, 7, 8, 9, 0]
307	Individual - 	170	29	123	6	0	3	[0, 1, 5, 6, 2, 5, 2, 1, 6, 0, 0, 4, 3, 10, 4, 3, 10, 0, 0, 7, 8, 9, 7, 8, 9, 0]
308	Individual - 	170	29	123	6	0	3	[0, 1, 5, 6, 2, 5, 2, 1, 6, 0, 0, 4, 3, 10, 4, 3, 10, 0, 0, 7, 8, 9, 7, 8, 9, 0]
309	Individual - 	170	29	123	6	0	3	[0, 1, 5, 6, 2, 5, 2, 1, 6, 0, 0, 4, 3, 10, 4, 3, 10, 0, 0, 7, 8, 9, 7, 8, 9, 0]
310	Individual - 	170	29	123	6	0	3	[0, 1, 5, 6, 2, 5, 2, 1, 6, 0, 0, 4, 3, 10, 4, 3, 10, 0, 0, 7, 8, 9, 7, 8, 9, 0]
311	Individual - 	170	29	123	6	0	3	[0, 1, 5, 6, 2, 5, 2, 1, 6, 0, 0, 4, 3, 10, 4, 3, 10, 0, 0, 7, 8, 9, 7, 8, 9, 0]
312	Individual - 	170	29	123	6	0	3	[0, 1, 5, 6, 2, 5, 2, 1, 6, 0, 0, 4, 3, 10, 4, 3, 10, 0, 0, 7, 8, 9, 7, 8, 9, 0]
313	Individual - 	170	29	123	6	0	3	[0, 1, 5, 6, 2, 5, 2, 1, 6, 0, 0, 4, 3, 10, 4, 3, 10, 0, 0, 7, 8, 9, 7, 8, 9, 0]
314	Individual - 	170	29	123	6	0	3	[0, 1, 5, 6, 2, 5, 2, 1, 6, 0, 0, 4, 3, 10, 4, 3, 10, 0, 0, 7, 8, 9, 7, 8, 9, 0]
315	Individual - 	170	29	123	6	0	3	[0, 1, 5, 6, 2, 5, 2, 1, 6, 0, 0, 4, 3, 10, 4, 3, 10, 0, 0, 7, 8, 9, 7, 8, 9, 0]
316	Individual - 	170	29	123	6	0	3	[0, 1, 5, 6, 2, 5, 2, 1, 6, 0, 0, 4, 3, 10, 4, 3, 10, 0, 0, 7, 8, 9, 7, 8, 9, 0]
317	Individual - 	170	29	123	6	0	3	[0, 1, 5, 6, 2, 5, 2, 1, 6, 0, 0, 4, 3, 10, 4, 3, 10, 0, 0, 7, 8, 9, 7, 8, 9, 0]
318	Individual - 	170	29	123	6	0	3	[0, 1, 5, 6, 2, 5, 2, 1, 6, 0, 0, 4, 3, 10, 4, 3, 10, 0, 0, 7, 8, 9, 7, 8, 9, 0]
319	Individual - 	170	29	123	6	0	3	[0, 1, 5, 6, 2, 5, 2, 1, 6, 0, 0, 4, 3, 10, 4, 3, 10, 0, 0, 7, 8, 9, 7, 8, 9, 0]
320	Individual - 	170	29	123	6	0	3	[0, 1, 5, 6, 2, 5, 2, 1, 6, 0, 0, 4, 3, 10, 4, 3, 10, 0, 0, 7, 8, 9, 7, 8, 9, 0]
321	Individual - 	170	29	123	6	0	3	[0, 1, 5, 6, 2, 5, 2, 1, 6, 0, 0, 4, 3, 10, 4, 3, 10, 0, 0, 7, 8, 9, 7, 8, 9, 0]
322	Individual - 	170	29	123	6	0	3	[0, 1, 5, 6, 2, 5, 2, 1, 6, 0, 0, 4, 3, 10, 4, 3, 10, 0, 0, 7, 8, 9, 7, 8, 9, 0]
323	Individual - 	170	29	123	6	0	3	[0, 1, 5, 6, 2, 5, 2, 1, 6, 0, 0, 4, 3, 10, 4, 3, 10, 0, 0, 7, 8, 9, 7, 8, 9, 0]
324	Individual - 	170	29	123	6	0	3	[0, 1, 5, 6, 2, 5, 2, 1, 6, 0, 0, 4, 3, 10, 4, 3, 10, 0, 0, 7, 8, 9, 7, 8, 9, 0]
325	Individual - 	170	29	123	6	0	3	[0, 1, 5, 6, 2, 5, 2, 1, 6, 0, 0, 4, 3, 10, 4, 3, 10, 0, 0, 7, 8, 9, 7, 8, 9, 0]
326	Individual - 	170	29	123	6	0	3	[0, 1, 5, 6, 2, 5, 2, 1, 6, 0, 0, 4, 3, 10, 4, 3, 10, 0, 0, 7, 8, 9, 7, 8, 9, 0]
327	Individual - 	170	29	123	6	0	3	[0, 1, 5, 6, 2, 5, 2, 1, 6, 0, 0, 4, 3, 10, 4, 3, 10, 0, 0, 7, 8, 9, 7, 8, 9, 0]
328	Individual - 	170	29	123	6	0	3	[0, 1, 5, 6, 2, 5, 2, 1, 6, 0, 0, 4, 3, 10, 4, 3, 10, 0, 0, 7, 8, 9, 7, 8, 9, 0]
329	Individual - 	170	29	123	6	0	3	[0, 1, 5, 6, 2, 5, 2, 1, 6, 0, 0, 4, 3, 10, 4, 3, 10, 0, 0, 7, 8, 9, 7, 8, 9, 0]
330	Individual - 	170	29	123	6	0	3	[0, 1, 5, 6, 2, 5, 2, 1, 6, 0, 0, 4, 3, 10, 4, 3, 10, 0, 0, 7, 8, 9, 7, 8, 9, 0]
331	Individual - 	170	29	123	6	0	3	[0, 1, 5, 6, 2, 5, 2, 1, 6, 0, 0, 4, 3, 10, 4, 3, 10, 0, 0, 7, 8, 9, 7, 8, 9, 0]
332	Individual - 	170	29	123	6	0	3	[0, 1, 5, 6, 2, 5, 2, 1, 6, 0, 0, 4, 3, 10, 4, 3, 10, 0, 0, 7, 8, 9, 7, 8, 9, 0]
333	Individual - 	170	29	123	6	0	3	[0, 1, 5, 6, 2, 5, 2, 1, 6, 0, 0, 4, 3, 10, 4, 3, 10, 0, 0, 7, 8, 9, 7, 8, 9, 0]
334	Individual - 	170	29	123	6	0	3	[0, 1, 5, 6, 2, 5, 2, 1, 6, 0, 0, 4, 3, 10, 4, 3, 10, 0, 0, 7, 8, 9, 7, 8, 9, 0]
335	Individual - 	170	29	123	6	0	3	[0, 1, 5, 6, 2, 5, 2, 1, 6, 0, 0, 4, 3, 10, 4, 3, 10, 0, 0, 7, 8, 9, 7, 8, 9, 0]
336	Individual - 	170	29	123	6	0	3	[0, 1, 5, 6, 2, 5, 2, 1, 6, 0, 0, 4, 3, 10, 4, 3, 10, 0, 0, 7, 8, 9, 7, 8, 9, 0]
337	Individual - 	170	29	123	6	0	3	[0, 1, 5, 6, 2, 5, 2, 1, 6, 0, 0, 4, 3, 10, 4, 3, 10, 0, 0, 7, 8, 9, 7, 8, 9, 0]
338	Individual - 	170	29	123	6	0	3	[0, 1, 5, 6, 2, 5, 2, 1, 6, 0, 0, 4, 3, 10, 4, 3, 10, 0, 0, 7, 8, 9, 7, 8, 9, 0]
339	Individual - 	170	29	123	6	0	3	[0, 1, 5, 6, 2, 5, 2, 1, 6, 0, 0, 4, 3, 10, 4, 3, 10, 0, 0, 7, 8, 9, 7, 8, 9, 0]
340	Individual - 	170	29	123	6	0	3	[0, 1, 5, 6, 2, 5, 2, 1, 6, 0, 0, 4, 3, 10, 4, 3, 10, 0, 0, 7, 8, 9, 7, 8, 9, 0]
341	Individual - 	170	29	123	6	0	3	[0, 1, 5, 6, 2, 5, 2, 1, 6, 0, 0, 4, 3, 10, 4, 3, 10, 0, 0, 7, 8, 9, 7, 8, 9, 0]
342	Individual - 	170	29	123	6	0	3	[0, 1, 5, 6, 2, 5, 2, 1, 6, 0, 0, 4, 3, 10, 4, 3, 10, 0, 0, 7, 8, 9, 7, 8, 9, 0]
343	Individual - 	170	29	123	6	0	3	[0, 1, 5, 6, 2, 5, 2, 1, 6, 0, 0, 4, 3, 10, 4, 3, 10, 0, 0, 7, 8, 9, 7, 8, 9, 0]
344	Individual - 	170	29	123	6	0	3	[0, 1, 5, 6, 2, 5, 2, 1, 6, 0, 0, 4, 3, 10, 4, 3, 10, 0, 0, 7, 8, 9, 7, 8, 9, 0]
345	Individual - 	170	29	123	6	0	3	[0, 1, 5, 6, 2, 5, 2, 1, 6, 0, 0, 4, 3, 10, 4, 3, 10, 0, 0, 7, 8, 9, 7, 8, 9, 0]
346	Individual - 	170	29	123	6	0	3	[0, 1, 5, 6, 2, 5, 2, 1, 6, 0, 0, 4, 3, 10, 4, 3, 10, 0, 0, 7, 8, 9, 7, 8, 9, 0]
347	Individual - 	170	29	123	6	0	3	[0, 1, 5, 6, 2, 5, 2, 1, 6, 0, 0, 4, 3, 10, 4, 3, 10, 0, 0, 7, 8, 9, 7, 8, 9, 0]
348	Individual - 	170	29	123	6	0	3	[0, 1, 5, 6, 2, 5, 2, 1, 6, 0, 0, 4, 3, 10, 4, 3, 10, 0, 0, 7, 8, 9, 7, 8, 9, 0]
349	Individual - 	170	29	123	6	0	3	[0, 1, 5, 6, 2, 5, 2, 1, 6, 0, 0, 4, 3, 10, 4, 3, 10, 0, 0, 7, 8, 9, 7, 8, 9, 0]
350	Individual - 	170	29	123	6	0	3	[0, 1, 5, 6, 2, 5, 2, 1, 6, 0, 0, 4, 3, 10, 4, 3, 10, 0, 0, 7, 8, 9, 7, 8, 9, 0]
351	Individual - 	170	29	123	6	0	3	[0, 1, 5, 6, 2, 5, 2, 1, 6, 0, 0, 4, 3, 10, 4, 3, 10, 0, 0, 7, 8, 9, 7, 8, 9, 0]
352	Individual - 	170	29	123	6	0	3	[0, 1, 5, 6, 2, 5, 2, 1, 6, 0, 0, 4, 3, 10, 4, 3, 10, 0, 0, 7, 8, 9, 7, 8, 9, 0]
353	Individual - 	170	29	123	6	0	3	[0, 1, 5, 6, 2, 5, 2, 1, 6, 0, 0, 4, 3, 10, 4, 3, 10, 0, 0, 7, 8, 9, 7, 8, 9, 0]
354	Individual - 	170	29	123	6	0	3	[0, 1, 5, 6, 2, 5, 2, 1, 6, 0, 0, 4, 3, 10, 4, 3, 10, 0, 0, 7, 8, 9, 7, 8, 9, 0]
355	Individual - 	170	29	123	6	0	3	[0, 1, 5, 6, 2, 5, 2, 1, 6, 0, 0, 4, 3, 10, 4, 3, 10, 0, 0, 7, 8, 9, 7, 8, 9, 0]
356	Individual - 	170	29	123	6	0	3	[0, 1, 5, 6, 2, 5, 2, 1, 6, 0, 0, 4, 3, 10, 4, 3, 10, 0, 0, 7, 8, 9, 7, 8, 9, 0]
357	Individual - 	170	29	123	6	0	3	[0, 1, 5, 6, 2, 5, 2, 1, 6, 0, 0, 4, 3, 10, 4, 3, 10, 0, 0, 7, 8, 9, 7, 8, 9, 0]
358	Individual - 	170	29	123	6	0	3	[0, 1, 5, 6, 2, 5, 2, 1, 6, 0, 0, 4, 3, 10, 4, 3, 10, 0, 0, 7, 8, 9, 7, 8, 9, 0]
359	Individual - 	170	29	123	6	0	3	[0, 1, 5, 6, 2, 5, 2, 1, 6, 0, 0, 4, 3, 10, 4, 3, 10, 0, 0, 7, 8, 9, 7, 8, 9, 0]
360	Individual - 	170	29	123	6	0	3	[0, 1, 5, 6, 2, 5, 2, 1, 6, 0, 0, 4, 3, 10, 4, 3, 10, 0, 0, 7, 8, 9, 7, 8, 9, 0]
361	Individual - 	170	29	123	6	0	3	[0, 1, 5, 6, 2, 5, 2, 1, 6, 0, 0, 4, 3, 10, 4, 3, 10, 0, 0, 7, 8, 9, 7, 8, 9, 0]
362	Individual - 	170	29	123	6	0	3	[0, 1, 5, 6, 2, 5, 2, 1, 6, 0, 0, 4, 3, 10, 4, 3, 10, 0, 0, 7, 8, 9, 7, 8, 9, 0]
363	Individual - 	170	29	123	6	0	3	[0, 1, 5, 6, 2, 5, 2, 1, 6, 0, 0, 4, 3, 10, 4, 3, 10, 0, 0, 7, 8, 9, 7, 8, 9, 0]
364	Individual - 	170	29	123	6	0	3	[0, 1, 5, 6, 2, 5, 2, 1, 6, 0, 0, 4, 3, 10, 4, 3, 10, 0, 0, 7, 8, 9, 7, 8, 9, 0]
365	Individual - 	170	29	123	6	0	3	[0, 1, 5, 6, 2, 5, 2, 1, 6, 0, 0, 4, 3, 10, 4, 3, 10, 0, 0, 7, 8, 9, 7, 8, 9, 0]
366	Individual - 	170	29	123	6	0	3	[0, 1, 5, 6, 2, 5, 2, 1, 6, 0, 0, 4, 3, 10, 4, 3, 10, 0, 0, 7, 8, 9, 7, 8, 9, 0]
367	Individual - 	170	29	123	6	0	3	[0, 1, 5, 6, 2, 5, 2, 1, 6, 0, 0, 4, 3, 10, 4, 3, 10, 0, 0, 7, 8, 9, 7, 8, 9, 0]
368	Individual - 	170	29	123	6	0	3	[0, 1, 5, 6, 2, 5, 2, 1, 6, 0, 0, 4, 3, 10, 4, 3, 10, 0, 0, 7, 8, 9, 7, 8, 9, 0]
369	Individual - 	170	29	123	6	0	3	[0, 1, 5, 6, 2, 5, 2, 1, 6, 0, 0, 4, 3, 10, 4, 3, 10, 0, 0, 7, 8, 9, 7, 8, 9, 0]
370	Individual - 	170	29	123	6	0	3	[0, 1, 5, 6, 2, 5, 2, 1, 6, 0, 0, 4, 3, 10, 4, 3, 10, 0, 0, 7, 8, 9, 7, 8, 9, 0]
371	Individual - 	170	29	123	6	0	3	[0, 1, 5, 6, 2, 5, 2, 1, 6, 0, 0, 4, 3, 10, 4, 3, 10, 0, 0, 7, 8, 9, 7, 8, 9, 0]
372	Individual - 	170	29	123	6	0	3	[0, 1, 5, 6, 2, 5, 2, 1, 6, 0, 0, 4, 3, 10, 4, 3, 10, 0, 0, 7, 8, 9, 7, 8, 9, 0]
373	Individual - 	170	29	123	6	0	3	[0, 1, 5, 6, 2, 5, 2, 1, 6, 0, 0, 4, 3, 10, 4, 3, 10, 0, 0, 7, 8, 9, 7, 8, 9, 0]
374	Individual - 	170	29	123	6	0	3	[0, 1, 5, 6, 2, 5, 2, 1, 6, 0, 0, 4, 3, 10, 4, 3, 10, 0, 0, 7, 8, 9, 7, 8, 9, 0]
375	Individual - 	170	29	123	6	0	3	[0, 1, 5, 6, 2, 5, 2, 1, 6, 0, 0, 4, 3, 10, 4, 3, 10, 0, 0, 7, 8, 9, 7, 8, 9, 0]
376	Individual - 	170	29	123	6	0	3	[0, 1, 5, 6, 2, 5, 2, 1, 6, 0, 0, 4, 3, 10, 4, 3, 10, 0, 0, 7, 8, 9, 7, 8, 9, 0]
377	Individual - 	170	29	123	6	0	3	[0, 1, 5, 6, 2, 5, 2, 1, 6, 0, 0, 4, 3, 10, 4, 3, 10, 0, 0, 7, 8, 9, 7, 8, 9, 0]
378	Individual - 	170	29	123	6	0	3	[0, 1, 5, 6, 2, 5, 2, 1, 6, 0, 0, 4, 3, 10, 4, 3, 10, 0, 0, 7, 8, 9, 7, 8, 9, 0]
379	Individual - 	170	29	123	6	0	3	[0, 1, 5, 6, 2, 5, 2, 1, 6, 0, 0, 4, 3, 10, 4, 3, 10, 0, 0, 7, 8, 9, 7, 8, 9, 0]
380	Individual - 	170	29	123	6	0	3	[0, 1, 5, 6, 2, 5, 2, 1, 6, 0, 0, 4, 3, 10, 4, 3, 10, 0, 0, 7, 8, 9, 7, 8, 9, 0]
381	Individual - 	170	29	123	6	0	3	[0, 1, 5, 6, 2, 5, 2, 1, 6, 0, 0, 4, 3, 10, 4, 3, 10, 0, 0, 7, 8, 9, 7, 8, 9, 0]
382	Individual - 	170	29	123	6	0	3	[0, 1, 5, 6, 2, 5, 2, 1, 6, 0, 0, 4, 3, 10, 4, 3, 10, 0, 0, 7, 8, 9, 7, 8, 9, 0]
383	Individual - 	170	29	123	6	0	3	[0, 1, 5, 6, 2, 5, 2, 1, 6, 0, 0, 4, 3, 10, 4, 3, 10, 0, 0, 7, 8, 9, 7, 8, 9, 0]
384	Individual - 	170	29	123	6	0	3	[0, 1, 5, 6, 2, 5, 2, 1, 6, 0, 0, 4, 3, 10, 4, 3, 10, 0, 0, 7, 8, 9, 7, 8, 9, 0]
385	Individual - 	170	29	123	6	0	3	[0, 1, 5, 6, 2, 5, 2, 1, 6, 0, 0, 4, 3, 10, 4, 3, 10, 0, 0, 7, 8, 9, 7, 8, 9, 0]
386	Individual - 	170	29	123	6	0	3	[0, 1, 5, 6, 2, 5, 2, 1, 6, 0, 0, 4, 3, 10, 4, 3, 10, 0, 0, 7, 8, 9, 7, 8, 9, 0]
387	Individual - 	170	29	123	6	0	3	[0, 1, 5, 6, 2, 5, 2, 1, 6, 0, 0, 4, 3, 10, 4, 3, 10, 0, 0, 7, 8, 9, 7, 8, 9, 0]
388	Individual - 	170	29	123	6	0	3	[0, 1, 5, 6, 2, 5, 2, 1, 6, 0, 0, 4, 3, 10, 4, 3, 10, 0, 0, 7, 8, 9, 7, 8, 9, 0]
389	Individual - 	170	29	123	6	0	3	[0, 1, 5, 6, 2, 5, 2, 1, 6, 0, 0, 4, 3, 10, 4, 3, 10, 0, 0, 7, 8, 9, 7, 8, 9, 0]
390	Individual - 	170	29	123	6	0	3	[0, 1, 5, 6, 2, 5, 2, 1, 6, 0, 0, 4, 3, 10, 4, 3, 10, 0, 0, 7, 8, 9, 7, 8, 9, 0]
391	Individual - 	170	29	123	6	0	3	[0, 1, 5, 6, 2, 5, 2, 1, 6, 0, 0, 4, 3, 10, 4, 3, 10, 0, 0, 7, 8, 9, 7, 8, 9, 0]
392	Individual - 	170	29	123	6	0	3	[0, 1, 5, 6, 2, 5, 2, 1, 6, 0, 0, 4, 3, 10, 4, 3, 10, 0, 0, 7, 8, 9, 7, 8, 9, 0]
393	Individual - 	170	29	123	6	0	3	[0, 1, 5, 6, 2, 5, 2, 1, 6, 0, 0, 4, 3, 10, 4, 3, 10, 0, 0, 7, 8, 9, 7, 8, 9, 0]
394	Individual - 	170	29	123	6	0	3	[0, 1, 5, 6, 2, 5, 2, 1, 6, 0, 0, 4, 3, 10, 4, 3, 10, 0, 0, 7, 8, 9, 7, 8, 9, 0]
395	Individual - 	170	29	123	6	0	3	[0, 1, 5, 6, 2, 5, 2, 1, 6, 0, 0, 4, 3, 10, 4, 3, 10, 0, 0, 7, 8, 9, 7, 8, 9, 0]
396	Individual - 	170	29	123	6	0	3	[0, 1, 5, 6, 2, 5, 2, 1, 6, 0, 0, 4, 3, 10, 4, 3, 10, 0, 0, 7, 8, 9, 7, 8, 9, 0]
397	Individual - 	170	29	123	6	0	3	[0, 1, 5, 6, 2, 5, 2, 1, 6, 0, 0, 4, 3, 10, 4, 3, 10, 0, 0, 7, 8, 9, 7, 8, 9, 0]
398	Individual - 	170	29	123	6	0	3	[0, 1, 5, 6, 2, 5, 2, 1, 6, 0, 0, 4, 3, 10, 4, 3, 10, 0, 0, 7, 8, 9, 7, 8, 9, 0]
399	Individual - 	170	29	123	6	0	3	[0, 1, 5, 6, 2, 5, 2, 1, 6, 0, 0, 4, 3, 10, 4, 3, 10, 0, 0, 7, 8, 9, 7, 8, 9, 0]
400	Individual - 	170	29	123	6	0	3	[0, 1, 5, 6, 2, 5, 2, 1, 6, 0, 0, 4, 3, 10, 4, 3, 10, 0, 0, 7, 8, 9, 7, 8, 9, 0]
401	Individual - 	170	29	123	6	0	3	[0, 1, 5, 6, 2, 5, 2, 1, 6, 0, 0, 4, 3, 10, 4, 3, 10, 0, 0, 7, 8, 9, 7, 8, 9, 0]
402	Individual - 	170	29	123	6	0	3	[0, 1, 5, 6, 2, 5, 2, 1, 6, 0, 0, 4, 3, 10, 4, 3, 10, 0, 0, 7, 8, 9, 7, 8, 9, 0]
403	Individual - 	170	29	123	6	0	3	[0, 1, 5, 6, 2, 5, 2, 1, 6, 0, 0, 4, 3, 10, 4, 3, 10, 0, 0, 7, 8, 9, 7, 8, 9, 0]
404	Individual - 	170	29	123	6	0	3	[0, 1, 5, 6, 2, 5, 2, 1, 6, 0, 0, 4, 3, 10, 4, 3, 10, 0, 0, 7, 8, 9, 7, 8, 9, 0]
405	Individual - 	170	29	123	6	0	3	[0, 1, 5, 6, 2, 5, 2, 1, 6, 0, 0, 4, 3, 10, 4, 3, 10, 0, 0, 7, 8, 9, 7, 8, 9, 0]
406	Individual - 	170	29	123	6	0	3	[0, 1, 5, 6, 2, 5, 2, 1, 6, 0, 0, 4, 3, 10, 4, 3, 10, 0, 0, 7, 8, 9, 7, 8, 9, 0]
407	Individual - 	170	29	123	6	0	3	[0, 1, 5, 6, 2, 5, 2, 1, 6, 0, 0, 4, 3, 10, 4, 3, 10, 0, 0, 7, 8, 9, 7, 8, 9, 0]
408	Individual - 	170	29	123	6	0	3	[0, 1, 5, 6, 2, 5, 2, 1, 6, 0, 0, 4, 3, 10, 4, 3, 10, 0, 0, 7, 8, 9, 7, 8, 9, 0]
409	Individual - 	170	29	123	6	0	3	[0, 1, 5, 6, 2, 5, 2, 1, 6, 0, 0, 4, 3, 10, 4, 3, 10, 0, 0, 7, 8, 9, 7, 8, 9, 0]
410	Individual - 	170	29	123	6	0	3	[0, 1, 5, 6, 2, 5, 2, 1, 6, 0, 0, 4, 3, 10, 4, 3, 10, 0, 0, 7, 8, 9, 7, 8, 9, 0]
411	Individual - 	170	29	123	6	0	3	[0, 1, 5, 6, 2, 5, 2, 1, 6, 0, 0, 4, 3, 10, 4, 3, 10, 0, 0, 7, 8, 9, 7, 8, 9, 0]
412	Individual - 	170	29	123	6	0	3	[0, 1, 5, 6, 2, 5, 2, 1, 6, 0, 0, 4, 3, 10, 4, 3, 10, 0, 0, 7, 8, 9, 7, 8, 9, 0]
413	Individual - 	170	29	123	6	0	3	[0, 1, 5, 6, 2, 5, 2, 1, 6, 0, 0, 4, 3, 10, 4, 3, 10, 0, 0, 7, 8, 9, 7, 8, 9, 0]
414	Individual - 	170	29	123	6	0	3	[0, 1, 5, 6, 2, 5, 2, 1, 6, 0, 0, 4, 3, 10, 4, 3, 10, 0, 0, 7, 8, 9, 7, 8, 9, 0]
415	Individual - 	170	29	123	6	0	3	[0, 1, 5, 6, 2, 5, 2, 1, 6, 0, 0, 4, 3, 10, 4, 3, 10, 0, 0, 7, 8, 9, 7, 8, 9, 0]
416	Individual - 	170	29	123	6	0	3	[0, 1, 5, 6, 2, 5, 2, 1, 6, 0, 0, 4, 3, 10, 4, 3, 10, 0, 0, 7, 8, 9, 7, 8, 9, 0]
417	Individual - 	170	29	123	6	0	3	[0, 1, 5, 6, 2, 5, 2, 1, 6, 0, 0, 4, 3, 10, 4, 3, 10, 0, 0, 7, 8, 9, 7, 8, 9, 0]
418	Individual - 	170	29	123	6	0	3	[0, 1, 5, 6, 2, 5, 2, 1, 6, 0, 0, 4, 3, 10, 4, 3, 10, 0, 0, 7, 8, 9, 7, 8, 9, 0]
419	Individual - 	170	29	123	6	0	3	[0, 1, 5, 6, 2, 5, 2, 1, 6, 0, 0, 4, 3, 10, 4, 3, 10, 0, 0, 7, 8, 9, 7, 8, 9, 0]
420	Individual - 	170	29	123	6	0	3	[0, 1, 5, 6, 2, 5, 2, 1, 6, 0, 0, 4, 3, 10, 4, 3, 10, 0, 0, 7, 8, 9, 7, 8, 9, 0]
421	Individual - 	170	29	123	6	0	3	[0, 1, 5, 6, 2, 5, 2, 1, 6, 0, 0, 4, 3, 10, 4, 3, 10, 0, 0, 7, 8, 9, 7, 8, 9, 0]
422	Individual - 	170	29	123	6	0	3	[0, 1, 5, 6, 2, 5, 2, 1, 6, 0, 0, 4, 3, 10, 4, 3, 10, 0, 0, 7, 8, 9, 7, 8, 9, 0]
423	Individual - 	170	29	123	6	0	3	[0, 1, 5, 6, 2, 5, 2, 1, 6, 0, 0, 4, 3, 10, 4, 3, 10, 0, 0, 7, 8, 9, 7, 8, 9, 0]
424	Individual - 	170	29	123	6	0	3	[0, 1, 5, 6, 2, 5, 2, 1, 6, 0, 0, 4, 3, 10, 4, 3, 10, 0, 0, 7, 8, 9, 7, 8, 9, 0]
425	Individual - 	170	29	123	6	0	3	[0, 1, 5, 6, 2, 5, 2, 1, 6, 0, 0, 4, 3, 10, 4, 3, 10, 0, 0, 7, 8, 9, 7, 8, 9, 0]
426	Individual - 	170	29	123	6	0	3	[0, 1, 5, 6, 2, 5, 2, 1, 6, 0, 0, 4, 3, 10, 4, 3, 10, 0, 0, 7, 8, 9, 7, 8, 9, 0]
427	Individual - 	170	29	123	6	0	3	[0, 1, 5, 6, 2, 5, 2, 1, 6, 0, 0, 4, 3, 10, 4, 3, 10, 0, 0, 7, 8, 9, 7, 8, 9, 0]
428	Individual - 	170	29	123	6	0	3	[0, 1, 5, 6, 2, 5, 2, 1, 6, 0, 0, 4, 3, 10, 4, 3, 10, 0, 0, 7, 8, 9, 7, 8, 9, 0]
429	Individual - 	170	29	123	6	0	3	[0, 1, 5, 6, 2, 5, 2, 1, 6, 0, 0, 4, 3, 10, 4, 3, 10, 0, 0, 7, 8, 9, 7, 8, 9, 0]
430	Individual - 	170	29	123	6	0	3	[0, 1, 5, 6, 2, 5, 2, 1, 6, 0, 0, 4, 3, 10, 4, 3, 10, 0, 0, 7, 8, 9, 7, 8, 9, 0]
431	Individual - 	170	29	123	6	0	3	[0, 1, 5, 6, 2, 5, 2, 1, 6, 0, 0, 4, 3, 10, 4, 3, 10, 0, 0, 7, 8, 9, 7, 8, 9, 0]
432	Individual - 	170	29	123	6	0	3	[0, 1, 5, 6, 2, 5, 2, 1, 6, 0, 0, 4, 3, 10, 4, 3, 10, 0, 0, 7, 8, 9, 7, 8, 9, 0]
433	Individual - 	170	29	123	6	0	3	[0, 1, 5, 6, 2, 5, 2, 1, 6, 0, 0, 4, 3, 10, 4, 3, 10, 0, 0, 7, 8, 9, 7, 8, 9, 0]
434	Individual - 	170	29	123	6	0	3	[0, 1, 5, 6, 2, 5, 2, 1, 6, 0, 0, 4, 3, 10, 4, 3, 10, 0, 0, 7, 8, 9, 7, 8, 9, 0]
435	Individual - 	170	29	123	6	0	3	[0, 1, 5, 6, 2, 5, 2, 1, 6, 0, 0, 4, 3, 10, 4, 3, 10, 0, 0, 7, 8, 9, 7, 8, 9, 0]
436	Individual - 	170	29	123	6	0	3	[0, 1, 5, 6, 2, 5, 2, 1, 6, 0, 0, 4, 3, 10, 4, 3, 10, 0, 0, 7, 8, 9, 7, 8, 9, 0]
437	Individual - 	170	29	123	6	0	3	[0, 1, 5, 6, 2, 5, 2, 1, 6, 0, 0, 4, 3, 10, 4, 3, 10, 0, 0, 7, 8, 9, 7, 8, 9, 0]
438	Individual - 	170	29	123	6	0	3	[0, 1, 5, 6, 2, 5, 2, 1, 6, 0, 0, 4, 3, 10, 4, 3, 10, 0, 0, 7, 8, 9, 7, 8, 9, 0]
439	Individual - 	170	29	123	6	0	3	[0, 1, 5, 6, 2, 5, 2, 1, 6, 0, 0, 4, 3, 10, 4, 3, 10, 0, 0, 7, 8, 9, 7, 8, 9, 0]
440	Individual - 	170	29	123	6	0	3	[0, 1, 5, 6, 2, 5, 2, 1, 6, 0, 0, 4, 3, 10, 4, 3, 10, 0, 0, 7, 8, 9, 7, 8, 9, 0]
441	Individual - 	170	29	123	6	0	3	[0, 1, 5, 6, 2, 5, 2, 1, 6, 0, 0, 4, 3, 10, 4, 3, 10, 0, 0, 7, 8, 9, 7, 8, 9, 0]
442	Individual - 	170	29	123	6	0	3	[0, 1, 5, 6, 2, 5, 2, 1, 6, 0, 0, 4, 3, 10, 4, 3, 10, 0, 0, 7, 8, 9, 7, 8, 9, 0]
443	Individual - 	170	29	123	6	0	3	[0, 1, 5, 6, 2, 5, 2, 1, 6, 0, 0, 4, 3, 10, 4, 3, 10, 0, 0, 7, 8, 9, 7, 8, 9, 0]
444	Individual - 	170	29	123	6	0	3	[0, 1, 5, 6, 2, 5, 2, 1, 6, 0, 0, 4, 3, 10, 4, 3, 10, 0, 0, 7, 8, 9, 7, 8, 9, 0]
445	Individual - 	170	29	123	6	0	3	[0, 1, 5, 6, 2, 5, 2, 1, 6, 0, 0, 4, 3, 10, 4, 3, 10, 0, 0, 7, 8, 9, 7, 8, 9, 0]
446	Individual - 	170	29	123	6	0	3	[0, 1, 5, 6, 2, 5, 2, 1, 6, 0, 0, 4, 3, 10, 4, 3, 10, 0, 0, 7, 8, 9, 7, 8, 9, 0]
447	Individual - 	170	29	123	6	0	3	[0, 1, 5, 6, 2, 5, 2, 1, 6, 0, 0, 4, 3, 10, 4, 3, 10, 0, 0, 7, 8, 9, 7, 8, 9, 0]
448	Individual - 	170	29	123	6	0	3	[0, 1, 5, 6, 2, 5, 2, 1, 6, 0, 0, 4, 3, 10, 4, 3, 10, 0, 0, 7, 8, 9, 7, 8, 9, 0]
449	Individual - 	170	29	123	6	0	3	[0, 1, 5, 6, 2, 5, 2, 1, 6, 0, 0, 4, 3, 10, 4, 3, 10, 0, 0, 7, 8, 9, 7, 8, 9, 0]
450	Individual - 	170	29	123	6	0	3	[0, 1, 5, 6, 2, 5, 2, 1, 6, 0, 0, 4, 3, 10, 4, 3, 10, 0, 0, 7, 8, 9, 7, 8, 9, 0]
451	Individual - 	170	29	123	6	0	3	[0, 1, 5, 6, 2, 5, 2, 1, 6, 0, 0, 4, 3, 10, 4, 3, 10, 0, 0, 7, 8, 9, 7, 8, 9, 0]
452	Individual - 	170	29	123	6	0	3	[0, 1, 5, 6, 2, 5, 2, 1, 6, 0, 0, 4, 3, 10, 4, 3, 10, 0, 0, 7, 8, 9, 7, 8, 9, 0]
453	Individual - 	170	29	123	6	0	3	[0, 1, 5, 6, 2, 5, 2, 1, 6, 0, 0, 4, 3, 10, 4, 3, 10, 0, 0, 7, 8, 9, 7, 8, 9, 0]
454	Individual - 	170	29	123	6	0	3	[0, 1, 5, 6, 2, 5, 2, 1, 6, 0, 0, 4, 3, 10, 4, 3, 10, 0, 0, 7, 8, 9, 7, 8, 9, 0]
455	Individual - 	170	29	123	6	0	3	[0, 1, 5, 6, 2, 5, 2, 1, 6, 0, 0, 4, 3, 10, 4, 3, 10, 0, 0, 7, 8, 9, 7, 8, 9, 0]
456	Individual - 	170	29	123	6	0	3	[0, 1, 5, 6, 2, 5, 2, 1, 6, 0, 0, 4, 3, 10, 4, 3, 10, 0, 0, 7, 8, 9, 7, 8, 9, 0]
457	Individual - 	170	29	123	6	0	3	[0, 1, 5, 6, 2, 5, 2, 1, 6, 0, 0, 4, 3, 10, 4, 3, 10, 0, 0, 7, 8, 9, 7, 8, 9, 0]
458	Individual - 	170	29	123	6	0	3	[0, 1, 5, 6, 2, 5, 2, 1, 6, 0, 0, 4, 3, 10, 4, 3, 10, 0, 0, 7, 8, 9, 7, 8, 9, 0]
459	Individual - 	170	29	123	6	0	3	[0, 1, 5, 6, 2, 5, 2, 1, 6, 0, 0, 4, 3, 10, 4, 3, 10, 0, 0, 7, 8, 9, 7, 8, 9, 0]
460	Individual - 	170	29	123	6	0	3	[0, 1, 5, 6, 2, 5, 2, 1, 6, 0, 0, 4, 3, 10, 4, 3, 10, 0, 0, 7, 8, 9, 7, 8, 9, 0]
461	Individual - 	170	29	123	6	0	3	[0, 1, 5, 6, 2, 5, 2, 1, 6, 0, 0, 4, 3, 10, 4, 3, 10, 0, 0, 7, 8, 9, 7, 8, 9, 0]
462	Individual - 	170	29	123	6	0	3	[0, 1, 5, 6, 2, 5, 2, 1, 6, 0, 0, 4, 3, 10, 4, 3, 10, 0, 0, 7, 8, 9, 7, 8, 9, 0]
463	Individual - 	170	29	123	6	0	3	[0, 1, 5, 6, 2, 5, 2, 1, 6, 0, 0, 4, 3, 10, 4, 3, 10, 0, 0, 7, 8, 9, 7, 8, 9, 0]
464	Individual - 	170	29	123	6	0	3	[0, 1, 5, 6, 2, 5, 2, 1, 6, 0, 0, 4, 3, 10, 4, 3, 10, 0, 0, 7, 8, 9, 7, 8, 9, 0]
465	Individual - 	170	29	123	6	0	3	[0, 1, 5, 6, 2, 5, 2, 1, 6, 0, 0, 4, 3, 10, 4, 3, 10, 0, 0, 7, 8, 9, 7, 8, 9, 0]
466	Individual - 	170	29	123	6	0	3	[0, 1, 5, 6, 2, 5, 2, 1, 6, 0, 0, 4, 3, 10, 4, 3, 10, 0, 0, 7, 8, 9, 7, 8, 9, 0]
467	Individual - 	170	29	123	6	0	3	[0, 1, 5, 6, 2, 5, 2, 1, 6, 0, 0, 4, 3, 10, 4, 3, 10, 0, 0, 7, 8, 9, 7, 8, 9, 0]
468	Individual - 	170	29	123	6	0	3	[0, 1, 5, 6, 2, 5, 2, 1, 6, 0, 0, 4, 3, 10, 4, 3, 10, 0, 0, 7, 8, 9, 7, 8, 9, 0]
469	Individual - 	170	29	123	6	0	3	[0, 1, 5, 6, 2, 5, 2, 1, 6, 0, 0, 4, 3, 10, 4, 3, 10, 0, 0, 7, 8, 9, 7, 8, 9, 0]
470	Individual - 	170	29	123	6	0	3	[0, 1, 5, 6, 2, 5, 2, 1, 6, 0, 0, 4, 3, 10, 4, 3, 10, 0, 0, 7, 8, 9, 7, 8, 9, 0]
471	Individual - 	170	29	123	6	0	3	[0, 1, 5, 6, 2, 5, 2, 1, 6, 0, 0, 4, 3, 10, 4, 3, 10, 0, 0, 7, 8, 9, 7, 8, 9, 0]
472	Individual - 	170	29	123	6	0	3	[0, 1, 5, 6, 2, 5, 2, 1, 6, 0, 0, 4, 3, 10, 4, 3, 10, 0, 0, 7, 8, 9, 7, 8, 9, 0]
473	Individual - 	170	29	123	6	0	3	[0, 1, 5, 6, 2, 5, 2, 1, 6, 0, 0, 4, 3, 10, 4, 3, 10, 0, 0, 7, 8, 9, 7, 8, 9, 0]
474	Individual - 	170	29	123	6	0	3	[0, 1, 5, 6, 2, 5, 2, 1, 6, 0, 0, 4, 3, 10, 4, 3, 10, 0, 0, 7, 8, 9, 7, 8, 9, 0]
475	Individual - 	170	29	123	6	0	3	[0, 1, 5, 6, 2, 5, 2, 1, 6, 0, 0, 4, 3, 10, 4, 3, 10, 0, 0, 7, 8, 9, 7, 8, 9, 0]
476	Individual - 	170	29	123	6	0	3	[0, 1, 5, 6, 2, 5, 2, 1, 6, 0, 0, 4, 3, 10, 4, 3, 10, 0, 0, 7, 8, 9, 7, 8, 9, 0]
477	Individual - 	170	29	123	6	0	3	[0, 1, 5, 6, 2, 5, 2, 1, 6, 0, 0, 4, 3, 10, 4, 3, 10, 0, 0, 7, 8, 9, 7, 8, 9, 0]
478	Individual - 	170	29	123	6	0	3	[0, 1, 5, 6, 2, 5, 2, 1, 6, 0, 0, 4, 3, 10, 4, 3, 10, 0, 0, 7, 8, 9, 7, 8, 9, 0]
479	Individual - 	170	29	123	6	0	3	[0, 1, 5, 6, 2, 5, 2, 1, 6, 0, 0, 4, 3, 10, 4, 3, 10, 0, 0, 7, 8, 9, 7, 8, 9, 0]
480	Individual - 	170	29	123	6	0	3	[0, 1, 5, 6, 2, 5, 2, 1, 6, 0, 0, 4, 3, 10, 4, 3, 10, 0, 0, 7, 8, 9, 7, 8, 9, 0]
481	Individual - 	170	29	123	6	0	3	[0, 1, 5, 6, 2, 5, 2, 1, 6, 0, 0, 4, 3, 10, 4, 3, 10, 0, 0, 7, 8, 9, 7, 8, 9, 0]
482	Individual - 	170	29	123	6	0	3	[0, 1, 5, 6, 2, 5, 2, 1, 6, 0, 0, 4, 3, 10, 4, 3, 10, 0, 0, 7, 8, 9, 7, 8, 9, 0]
483	Individual - 	170	29	123	6	0	3	[0, 1, 5, 6, 2, 5, 2, 1, 6, 0, 0, 4, 3, 10, 4, 3, 10, 0, 0, 7, 8, 9, 7, 8, 9, 0]
484	Individual - 	170	29	123	6	0	3	[0, 1, 5, 6, 2, 5, 2, 1, 6, 0, 0, 4, 3, 10, 4, 3, 10, 0, 0, 7, 8, 9, 7, 8, 9, 0]
485	Individual - 	170	29	123	6	0	3	[0, 1, 5, 6, 2, 5, 2, 1, 6, 0, 0, 4, 3, 10, 4, 3, 10, 0, 0, 7, 8, 9, 7, 8, 9, 0]
486	Individual - 	170	29	123	6	0	3	[0, 1, 5, 6, 2, 5, 2, 1, 6, 0, 0, 4, 3, 10, 4, 3, 10, 0, 0, 7, 8, 9, 7, 8, 9, 0]
487	Individual - 	170	29	123	6	0	3	[0, 1, 5, 6, 2, 5, 2, 1, 6, 0, 0, 4, 3, 10, 4, 3, 10, 0, 0, 7, 8, 9, 7, 8, 9, 0]
488	Individual - 	170	29	123	6	0	3	[0, 1, 5, 6, 2, 5, 2, 1, 6, 0, 0, 4, 3, 10, 4, 3, 10, 0, 0, 7, 8, 9, 7, 8, 9, 0]
489	Individual - 	170	29	123	6	0	3	[0, 1, 5, 6, 2, 5, 2, 1, 6, 0, 0, 4, 3, 10, 4, 3, 10, 0, 0, 7, 8, 9, 7, 8, 9, 0]
490	Individual - 	170	29	123	6	0	3	[0, 1, 5, 6, 2, 5, 2, 1, 6, 0, 0, 4, 3, 10, 4, 3, 10, 0, 0, 7, 8, 9, 7, 8, 9, 0]
491	Individual - 	170	29	123	6	0	3	[0, 1, 5, 6, 2, 5, 2, 1, 6, 0, 0, 4, 3, 10, 4, 3, 10, 0, 0, 7, 8, 9, 7, 8, 9, 0]
492	Individual - 	170	29	123	6	0	3	[0, 1, 5, 6, 2, 5, 2, 1, 6, 0, 0, 4, 3, 10, 4, 3, 10, 0, 0, 7, 8, 9, 7, 8, 9, 0]
493	Individual - 	170	29	123	6	0	3	[0, 1, 5, 6, 2, 5, 2, 1, 6, 0, 0, 4, 3, 10, 4, 3, 10, 0, 0, 7, 8, 9, 7, 8, 9, 0]
494	Individual - 	170	29	123	6	0	3	[0, 1, 5, 6, 2, 5, 2, 1, 6, 0, 0, 4, 3, 10, 4, 3, 10, 0, 0, 7, 8, 9, 7, 8, 9, 0]
495	Individual - 	170	29	123	6	0	3	[0, 1, 5, 6, 2, 5, 2, 1, 6, 0, 0, 4, 3, 10, 4, 3, 10, 0, 0, 7, 8, 9, 7, 8, 9, 0]
496	Individual - 	170	29	123	6	0	3	[0, 1, 5, 6, 2, 5, 2, 1, 6, 0, 0, 4, 3, 10, 4, 3, 10, 0, 0, 7, 8, 9, 7, 8, 9, 0]
497	Individual - 	170	29	123	6	0	3	[0, 1, 5, 6, 2, 5, 2, 1, 6, 0, 0, 4, 3, 10, 4, 3, 10, 0, 0, 7, 8, 9, 7, 8, 9, 0]
498	Individual - 	170	29	123	6	0	3	[0, 1, 5, 6, 2, 5, 2, 1, 6, 0, 0, 4, 3, 10, 4, 3, 10, 0, 0, 7, 8, 9, 7, 8, 9, 0]
499	Individual - 	170	29	123	6	0	3	[0, 1, 5, 6, 2, 5, 2, 1, 6, 0, 0, 4, 3, 10, 4, 3, 10, 0, 0, 7, 8, 9, 7, 8, 9, 0]
500	Individual - 	170	29	123	6	0	3	[0, 1, 5, 6, 2, 5, 2, 1, 6, 0, 0, 4, 3, 10, 4, 3, 10, 0, 0, 7, 8, 9, 7, 8, 9, 0]
