13038
13038
13038
13038
12541
12541
12541
12541
12541
12541
12541
12541
12541
12541
12541
12541
12541
12541
12541
12541
12541
12541
11906
11906
11906
11906
11906
11906
11906
11906
11906
11906
11906
11906
11906
11906
11906
11906
11906
11906
11906
11906
11906
11906
11906
11906
11906
11906
11906
11906
11906
11906
11906
11906
11906
11906
11906
11906
11906
11906
11906
11906
11906
11906
11906
11906
11906
11906
11906
11906
11906
11906
11906
11906
11906
11906
11906
11906
11906
11906
11906
11906
11906
11906
11906
11906
11906
11906
11906
11906
11906
11906
11906
11906
11906
11906
11465
11465
11465
11465
