0	Solution - 13239	465	2109	237	0	45
1	Solution - 13239	465	2109	237	0	45
2	Solution - 12895	469	2136	245	0	42
3	Solution - 12895	469	2136	245	0	42
4	Solution - 12895	469	2136	245	0	42
5	Solution - 12895	469	2136	245	0	42
6	Solution - 12895	469	2136	245	0	42
7	Solution - 12895	469	2136	245	0	42
8	Solution - 12895	469	2136	245	0	42
9	Solution - 12895	469	2136	245	0	42
10	Solution - 12895	469	2136	245	0	42
11	Solution - 12895	469	2136	245	0	42
12	Solution - 12895	469	2136	245	0	42
13	Solution - 12895	469	2136	245	0	42
14	Solution - 12895	469	2136	245	0	42
15	Solution - 12895	469	2136	245	0	42
16	Solution - 12895	469	2136	245	0	42
17	Solution - 12895	469	2136	245	0	42
18	Solution - 12895	469	2136	245	0	42
19	Solution - 12895	469	2136	245	0	42
20	Solution - 12895	469	2136	245	0	42
21	Solution - 12895	469	2136	245	0	42
22	Solution - 12895	469	2136	245	0	42
23	Solution - 12895	469	2136	245	0	42
24	Solution - 12895	469	2136	245	0	42
25	Solution - 12895	469	2136	245	0	42
26	Solution - 12895	469	2136	245	0	42
27	Solution - 12895	469	2136	245	0	42
28	Solution - 12895	469	2136	245	0	42
29	Solution - 12895	469	2136	245	0	42
30	Solution - 12882	492	2224	221	0	46
31	Solution - 12882	492	2224	221	0	46
32	Solution - 12882	492	2224	221	0	46
33	Solution - 11991	478	2182	217	0	43
34	Solution - 11991	478	2182	217	0	43
35	Solution - 11991	478	2182	217	0	43
36	Solution - 11991	478	2182	217	0	43
37	Solution - 11991	478	2182	217	0	43
38	Solution - 11991	478	2182	217	0	43
39	Solution - 11991	478	2182	217	0	43
40	Solution - 11991	478	2182	217	0	43
41	Solution - 11991	478	2182	217	0	43
42	Solution - 11991	478	2182	217	0	43
43	Solution - 11991	478	2182	217	0	43
44	Solution - 11991	478	2182	217	0	43
45	Solution - 11991	478	2182	217	0	43
46	Solution - 11991	478	2182	217	0	43
47	Solution - 11991	478	2182	217	0	43
48	Solution - 11991	478	2182	217	0	43
49	Solution - 11522	475	2159	202	0	44
50	Solution - 11522	475	2159	202	0	44
51	Solution - 11522	475	2159	202	0	44
52	Solution - 11522	475	2159	202	0	44
53	Solution - 11522	475	2159	202	0	44
54	Solution - 11522	475	2159	202	0	44
55	Solution - 11522	475	2159	202	0	44
56	Solution - 11522	475	2159	202	0	44
57	Solution - 11522	475	2159	202	0	44
58	Solution - 11522	475	2159	202	0	44
59	Solution - 11522	475	2159	202	0	44
60	Solution - 11522	475	2159	202	0	44
61	Solution - 11522	475	2159	202	0	44
62	Solution - 11522	475	2159	202	0	44
63	Solution - 11522	475	2159	202	0	44
64	Solution - 11522	475	2159	202	0	44
65	Solution - 11522	475	2159	202	0	44
66	Solution - 11522	475	2159	202	0	44
67	Solution - 11522	475	2159	202	0	44
68	Solution - 11522	475	2159	202	0	44
69	Solution - 11522	475	2159	202	0	44
70	Solution - 11522	475	2159	202	0	44
71	Solution - 11522	475	2159	202	0	44
72	Solution - 11522	475	2159	202	0	44
73	Solution - 11522	475	2159	202	0	44
74	Solution - 11522	475	2159	202	0	44
75	Solution - 11522	475	2159	202	0	44
76	Solution - 11522	475	2159	202	0	44
77	Solution - 11522	475	2159	202	0	44
78	Solution - 11522	475	2159	202	0	44
79	Solution - 11522	475	2159	202	0	44
80	Solution - 11522	475	2159	202	0	44
81	Solution - 11522	475	2159	202	0	44
82	Solution - 11522	475	2159	202	0	44
83	Solution - 11522	475	2159	202	0	44
84	Solution - 11522	475	2159	202	0	44
85	Solution - 11522	475	2159	202	0	44
86	Solution - 11522	475	2159	202	0	44
87	Solution - 11522	475	2159	202	0	44
88	Solution - 11522	475	2159	202	0	44
89	Solution - 11522	475	2159	202	0	44
90	Solution - 11522	475	2159	202	0	44
91	Solution - 11522	475	2159	202	0	44
92	Solution - 11522	475	2159	202	0	44
93	Solution - 11522	475	2159	202	0	44
94	Solution - 11522	475	2159	202	0	44
95	Solution - 11522	475	2159	202	0	44
96	Solution - 11522	475	2159	202	0	44
97	Solution - 11522	475	2159	202	0	44
98	Solution - 11522	475	2159	202	0	44
99	Solution - 11522	475	2159	202	0	44
