13394
13394
13179
12703
12123
12123
12123
12123
12123
12123
12123
12123
12123
12123
12123
12123
12123
12123
12123
12123
12123
12123
12123
12123
10912
10912
10912
10912
10912
10912
10912
10912
10912
10912
10912
10912
10912
10912
10912
10912
10912
10912
10912
10912
10912
10912
10912
10912
10912
10912
10912
10912
10912
10912
10912
10912
10912
10912
10912
10912
10912
10912
10912
10912
10912
10912
10912
10912
10912
10912
10912
10912
10912
10912
10912
10912
10912
10912
10912
10912
10912
10912
10912
10912
10912
10912
10912
10912
10912
10912
10912
10912
10912
10912
10912
10912
10912
10912
10912
10912
