13366
13366
13366
13366
13366
13366
13366
13366
12263
12263
12263
12263
12263
12263
12263
12263
12263
12263
12263
12263
12263
12263
12263
12263
12263
12263
12263
12263
12263
12263
12263
12263
12263
12263
12263
12263
12263
12263
12263
12263
12263
12263
12263
11411
11411
11411
11411
11411
11411
11411
11411
11411
11411
11411
11411
11411
11411
11411
11411
11411
11411
11411
11411
11411
11411
11411
11411
11411
11411
11411
11411
11411
11411
11411
11411
11411
11411
11411
11411
11411
11411
11411
11411
11411
11376
11376
11376
11376
11376
11376
11376
11376
11376
11376
11376
11376
11376
11376
11376
11376
