0	Solution - 13665	482	2179	262	0	42
1	Solution - 13665	482	2179	262	0	42
2	Solution - 13665	482	2179	262	0	42
3	Solution - 13235	478	2153	241	0	44
4	Solution - 13235	478	2153	241	0	44
5	Solution - 13235	478	2153	241	0	44
6	Solution - 13235	478	2153	241	0	44
7	Solution - 12641	453	2068	230	0	44
8	Solution - 12641	453	2068	230	0	44
9	Solution - 12641	453	2068	230	0	44
10	Solution - 12641	453	2068	230	0	44
11	Solution - 12641	453	2068	230	0	44
12	Solution - 11264	463	2116	193	0	45
13	Solution - 11264	463	2116	193	0	45
14	Solution - 11264	463	2116	193	0	45
15	Solution - 11264	463	2116	193	0	45
16	Solution - 11264	463	2116	193	0	45
17	Solution - 11264	463	2116	193	0	45
18	Solution - 11264	463	2116	193	0	45
19	Solution - 11264	463	2116	193	0	45
20	Solution - 11264	463	2116	193	0	45
21	Solution - 11264	463	2116	193	0	45
22	Solution - 11264	463	2116	193	0	45
23	Solution - 11264	463	2116	193	0	45
24	Solution - 11264	463	2116	193	0	45
25	Solution - 11264	463	2116	193	0	45
26	Solution - 11264	463	2116	193	0	45
27	Solution - 11264	463	2116	193	0	45
28	Solution - 11264	463	2116	193	0	45
29	Solution - 11264	463	2116	193	0	45
30	Solution - 11264	463	2116	193	0	45
31	Solution - 11264	463	2116	193	0	45
32	Solution - 11264	463	2116	193	0	45
33	Solution - 11264	463	2116	193	0	45
34	Solution - 11264	463	2116	193	0	45
35	Solution - 11264	463	2116	193	0	45
36	Solution - 11264	463	2116	193	0	45
37	Solution - 11264	463	2116	193	0	45
38	Solution - 11264	463	2116	193	0	45
39	Solution - 11264	463	2116	193	0	45
40	Solution - 11264	463	2116	193	0	45
41	Solution - 11264	463	2116	193	0	45
42	Solution - 11264	463	2116	193	0	45
43	Solution - 11264	463	2116	193	0	45
44	Solution - 11264	463	2116	193	0	45
45	Solution - 11264	463	2116	193	0	45
46	Solution - 11264	463	2116	193	0	45
47	Solution - 11264	463	2116	193	0	45
48	Solution - 11264	463	2116	193	0	45
49	Solution - 11264	463	2116	193	0	45
50	Solution - 11264	463	2116	193	0	45
51	Solution - 11264	463	2116	193	0	45
52	Solution - 11264	463	2116	193	0	45
53	Solution - 11264	463	2116	193	0	45
54	Solution - 11264	463	2116	193	0	45
55	Solution - 11264	463	2116	193	0	45
56	Solution - 11264	463	2116	193	0	45
57	Solution - 11264	463	2116	193	0	45
58	Solution - 11264	463	2116	193	0	45
59	Solution - 11264	463	2116	193	0	45
60	Solution - 11264	463	2116	193	0	45
61	Solution - 11264	463	2116	193	0	45
62	Solution - 11264	463	2116	193	0	45
63	Solution - 11264	463	2116	193	0	45
64	Solution - 11264	463	2116	193	0	45
65	Solution - 11264	463	2116	193	0	45
66	Solution - 11264	463	2116	193	0	45
67	Solution - 11264	463	2116	193	0	45
68	Solution - 11264	463	2116	193	0	45
69	Solution - 11264	463	2116	193	0	45
70	Solution - 11264	463	2116	193	0	45
71	Solution - 11264	463	2116	193	0	45
72	Solution - 11264	463	2116	193	0	45
73	Solution - 11264	463	2116	193	0	45
74	Solution - 11264	463	2116	193	0	45
75	Solution - 11264	463	2116	193	0	45
76	Solution - 11264	463	2116	193	0	45
77	Solution - 11264	463	2116	193	0	45
78	Solution - 11264	463	2116	193	0	45
79	Solution - 11264	463	2116	193	0	45
80	Solution - 11264	463	2116	193	0	45
81	Solution - 11264	463	2116	193	0	45
82	Solution - 11264	463	2116	193	0	45
83	Solution - 11024	473	2147	191	0	44
84	Solution - 11024	473	2147	191	0	44
85	Solution - 11024	473	2147	191	0	44
86	Solution - 11024	473	2147	191	0	44
87	Solution - 11024	473	2147	191	0	44
88	Solution - 11024	473	2147	191	0	44
89	Solution - 11024	473	2147	191	0	44
90	Solution - 11024	473	2147	191	0	44
91	Solution - 11024	473	2147	191	0	44
92	Solution - 11024	473	2147	191	0	44
93	Solution - 11024	473	2147	191	0	44
94	Solution - 11024	473	2147	191	0	44
95	Solution - 11024	473	2147	191	0	44
96	Solution - 11024	473	2147	191	0	44
97	Solution - 11024	473	2147	191	0	44
98	Solution - 11024	473	2147	191	0	44
99	Solution - 11024	473	2147	191	0	44
