0	Solution - 12897	471	2130	234	0	44
1	Solution - 12897	471	2130	234	0	44
2	Solution - 12897	471	2130	234	0	44
3	Solution - 12897	471	2130	234	0	44
4	Solution - 12281	479	2184	229	0	42
5	Solution - 12281	479	2184	229	0	42
6	Solution - 12281	479	2184	229	0	42
7	Solution - 12281	479	2184	229	0	42
8	Solution - 12281	479	2184	229	0	42
9	Solution - 12281	479	2184	229	0	42
10	Solution - 12281	479	2184	229	0	42
11	Solution - 12281	479	2184	229	0	42
12	Solution - 11735	470	2106	213	0	43
13	Solution - 11735	470	2106	213	0	43
14	Solution - 11735	470	2106	213	0	43
15	Solution - 11735	470	2106	213	0	43
16	Solution - 11735	470	2106	213	0	43
17	Solution - 11735	470	2106	213	0	43
18	Solution - 11735	470	2106	213	0	43
19	Solution - 11735	470	2106	213	0	43
20	Solution - 11735	470	2106	213	0	43
21	Solution - 11735	470	2106	213	0	43
22	Solution - 11735	470	2106	213	0	43
23	Solution - 11735	470	2106	213	0	43
24	Solution - 11735	470	2106	213	0	43
25	Solution - 11735	470	2106	213	0	43
26	Solution - 11710	487	2193	215	0	42
27	Solution - 11710	487	2193	215	0	42
28	Solution - 11710	487	2193	215	0	42
29	Solution - 11710	487	2193	215	0	42
30	Solution - 11710	487	2193	215	0	42
31	Solution - 11710	487	2193	215	0	42
32	Solution - 11710	487	2193	215	0	42
33	Solution - 11710	487	2193	215	0	42
34	Solution - 11710	487	2193	215	0	42
35	Solution - 11710	487	2193	215	0	42
36	Solution - 11710	487	2193	215	0	42
37	Solution - 11710	487	2193	215	0	42
38	Solution - 11710	487	2193	215	0	42
39	Solution - 11710	487	2193	215	0	42
40	Solution - 11710	487	2193	215	0	42
41	Solution - 11710	487	2193	215	0	42
42	Solution - 11710	487	2193	215	0	42
43	Solution - 11710	487	2193	215	0	42
44	Solution - 11710	487	2193	215	0	42
45	Solution - 11710	487	2193	215	0	42
46	Solution - 11710	487	2193	215	0	42
47	Solution - 11710	487	2193	215	0	42
48	Solution - 11710	487	2193	215	0	42
49	Solution - 11710	487	2193	215	0	42
50	Solution - 11710	487	2193	215	0	42
51	Solution - 11710	487	2193	215	0	42
52	Solution - 11710	487	2193	215	0	42
53	Solution - 11710	487	2193	215	0	42
54	Solution - 11710	487	2193	215	0	42
55	Solution - 11710	487	2193	215	0	42
56	Solution - 11710	487	2193	215	0	42
57	Solution - 11710	487	2193	215	0	42
58	Solution - 11710	487	2193	215	0	42
59	Solution - 11710	487	2193	215	0	42
60	Solution - 11710	487	2193	215	0	42
61	Solution - 11710	487	2193	215	0	42
62	Solution - 11710	487	2193	215	0	42
63	Solution - 11710	487	2193	215	0	42
64	Solution - 11710	487	2193	215	0	42
65	Solution - 11710	487	2193	215	0	42
66	Solution - 11710	487	2193	215	0	42
67	Solution - 11710	487	2193	215	0	42
68	Solution - 11710	487	2193	215	0	42
69	Solution - 11710	487	2193	215	0	42
70	Solution - 11710	487	2193	215	0	42
71	Solution - 11710	487	2193	215	0	42
72	Solution - 11710	487	2193	215	0	42
73	Solution - 11710	487	2193	215	0	42
74	Solution - 11710	487	2193	215	0	42
75	Solution - 11710	487	2193	215	0	42
76	Solution - 11710	487	2193	215	0	42
77	Solution - 11710	487	2193	215	0	42
78	Solution - 11710	487	2193	215	0	42
79	Solution - 11710	487	2193	215	0	42
80	Solution - 11710	487	2193	215	0	42
81	Solution - 11710	487	2193	215	0	42
82	Solution - 11710	487	2193	215	0	42
83	Solution - 11710	487	2193	215	0	42
84	Solution - 11710	487	2193	215	0	42
85	Solution - 11710	487	2193	215	0	42
86	Solution - 11710	487	2193	215	0	42
87	Solution - 11710	487	2193	215	0	42
88	Solution - 11710	487	2193	215	0	42
89	Solution - 11710	487	2193	215	0	42
90	Solution - 11710	487	2193	215	0	42
91	Solution - 11710	487	2193	215	0	42
92	Solution - 11710	487	2193	215	0	42
93	Solution - 11710	487	2193	215	0	42
94	Solution - 11710	487	2193	215	0	42
95	Solution - 11710	487	2193	215	0	42
96	Solution - 11710	487	2193	215	0	42
97	Solution - 11710	487	2193	215	0	42
98	Solution - 11710	487	2193	215	0	42
99	Solution - 11710	487	2193	215	0	42
