15431
13604
13604
13604
13604
13604
13604
13094
13094
13094
12472
12472
11835
11835
11835
11835
11835
11835
11835
11835
11835
11835
11835
11835
11835
11835
11835
11835
11835
11835
11835
11835
11835
11835
11835
11835
11835
11466
11466
11466
11466
11466
11466
11466
11466
11466
11466
11466
11466
11466
11466
11466
11466
11466
11466
11466
11466
11466
11466
11466
11466
11466
11466
11466
11466
11466
11466
11466
11466
11466
11466
11466
11466
11466
11466
11466
11466
11466
11466
11466
11466
11466
11466
11466
11466
11466
11466
11466
11466
11466
11466
11466
11466
11466
11466
11466
11466
11466
11466
11466
