0	Solution - 15727	513	2278	294	0	44
1	Solution - 11774	467	2127	204	0	45
2	Solution - 11774	467	2127	204	0	45
3	Solution - 11774	467	2127	204	0	45
4	Solution - 11774	467	2127	204	0	45
5	Solution - 11774	467	2127	204	0	45
6	Solution - 11774	467	2127	204	0	45
7	Solution - 11774	467	2127	204	0	45
8	Solution - 11774	467	2127	204	0	45
9	Solution - 11774	467	2127	204	0	45
10	Solution - 11774	467	2127	204	0	45
11	Solution - 11774	467	2127	204	0	45
12	Solution - 11774	467	2127	204	0	45
13	Solution - 11774	467	2127	204	0	45
14	Solution - 11774	467	2127	204	0	45
15	Solution - 11774	467	2127	204	0	45
16	Solution - 11774	467	2127	204	0	45
17	Solution - 11774	467	2127	204	0	45
18	Solution - 11724	473	2135	212	0	43
19	Solution - 11724	473	2135	212	0	43
20	Solution - 11724	473	2135	212	0	43
21	Solution - 11724	473	2135	212	0	43
22	Solution - 11724	473	2135	212	0	43
23	Solution - 11724	473	2135	212	0	43
24	Solution - 11679	461	2102	212	0	43
25	Solution - 11203	466	2137	200	0	43
26	Solution - 11203	466	2137	200	0	43
27	Solution - 11203	466	2137	200	0	43
28	Solution - 11203	466	2137	200	0	43
29	Solution - 11203	466	2137	200	0	43
30	Solution - 11203	466	2137	200	0	43
31	Solution - 11203	466	2137	200	0	43
32	Solution - 11203	466	2137	200	0	43
33	Solution - 11203	466	2137	200	0	43
34	Solution - 11203	466	2137	200	0	43
35	Solution - 11203	466	2137	200	0	43
36	Solution - 11203	466	2137	200	0	43
37	Solution - 11203	466	2137	200	0	43
38	Solution - 11203	466	2137	200	0	43
39	Solution - 11203	466	2137	200	0	43
40	Solution - 11203	466	2137	200	0	43
41	Solution - 11203	466	2137	200	0	43
42	Solution - 11203	466	2137	200	0	43
43	Solution - 11203	466	2137	200	0	43
44	Solution - 11203	466	2137	200	0	43
45	Solution - 11203	466	2137	200	0	43
46	Solution - 11203	466	2137	200	0	43
47	Solution - 11203	466	2137	200	0	43
48	Solution - 11203	466	2137	200	0	43
49	Solution - 11203	466	2137	200	0	43
50	Solution - 11203	466	2137	200	0	43
51	Solution - 11203	466	2137	200	0	43
52	Solution - 11203	466	2137	200	0	43
53	Solution - 11120	481	2179	180	0	47
54	Solution - 11120	481	2179	180	0	47
55	Solution - 11120	481	2179	180	0	47
56	Solution - 11120	481	2179	180	0	47
57	Solution - 11120	481	2179	180	0	47
58	Solution - 11120	481	2179	180	0	47
59	Solution - 11120	481	2179	180	0	47
60	Solution - 11120	481	2179	180	0	47
61	Solution - 11120	481	2179	180	0	47
62	Solution - 11120	481	2179	180	0	47
63	Solution - 11120	481	2179	180	0	47
64	Solution - 11120	481	2179	180	0	47
65	Solution - 11120	481	2179	180	0	47
66	Solution - 11120	481	2179	180	0	47
67	Solution - 11120	481	2179	180	0	47
68	Solution - 11120	481	2179	180	0	47
69	Solution - 11120	481	2179	180	0	47
70	Solution - 11120	481	2179	180	0	47
71	Solution - 11120	481	2179	180	0	47
72	Solution - 11120	481	2179	180	0	47
73	Solution - 11120	481	2179	180	0	47
74	Solution - 11120	481	2179	180	0	47
75	Solution - 11120	481	2179	180	0	47
76	Solution - 11120	481	2179	180	0	47
77	Solution - 11120	481	2179	180	0	47
78	Solution - 11120	481	2179	180	0	47
79	Solution - 11120	481	2179	180	0	47
80	Solution - 11120	481	2179	180	0	47
81	Solution - 11120	481	2179	180	0	47
82	Solution - 11120	481	2179	180	0	47
83	Solution - 11120	481	2179	180	0	47
84	Solution - 11120	481	2179	180	0	47
85	Solution - 11120	481	2179	180	0	47
86	Solution - 11120	481	2179	180	0	47
87	Solution - 11120	481	2179	180	0	47
88	Solution - 11120	481	2179	180	0	47
89	Solution - 11120	481	2179	180	0	47
90	Solution - 11120	481	2179	180	0	47
91	Solution - 11120	481	2179	180	0	47
92	Solution - 11120	481	2179	180	0	47
93	Solution - 11120	481	2179	180	0	47
94	Solution - 11120	481	2179	180	0	47
95	Solution - 11120	481	2179	180	0	47
96	Solution - 11120	481	2179	180	0	47
97	Solution - 11120	481	2179	180	0	47
98	Solution - 11120	481	2179	180	0	47
99	Solution - 11120	481	2179	180	0	47
