Solution - 11499	480	2175	201	0	44
Solution - 11466	475	2147	201	0	44
Solution - 11347	453	2036	206	0	43
Solution - 11089	461	2092	194	0	44
Solution - 11082	487	2195	200	0	42
Solution - 11526	465	2074	209	0	43
Solution - 11633	470	2143	220	0	41
Solution - 10863	463	2084	198	0	42
Solution - 11196	466	2087	201	0	43
Solution - 11099	475	2153	197	0	43
Solution - 11036	485	2226	185	0	45
Solution - 10898	497	2231	190	0	43
Solution - 10929	461	2108	190	0	44
Solution - 11053	455	2062	194	0	44
Solution - 11268	473	2152	201	0	43
Solution - 10912	478	2178	192	0	43
Solution - 11690	467	2115	207	0	44
Solution - 10971	466	2135	186	0	45
Solution - 11261	462	2105	207	0	42
Solution - 11138	471	2157	185	0	46
Solution - 11044	471	2125	192	0	44
Solution - 11115	479	2176	188	0	45
Solution - 11681	464	2101	212	0	43
Solution - 11073	463	2084	203	0	42
Solution - 11095	475	2149	197	0	43
Solution - 11440	486	2182	204	1	43
Solution - 11299	456	2065	209	0	42
Solution - 11564	467	2110	209	0	43
Solution - 11465	465	2112	202	1	44
Solution - 11714	477	2164	211	0	43
