0	Solution - 14119	477	2134	274	0	42
1	Solution - 13430	484	2191	239	0	45
2	Solution - 13430	484	2191	239	0	45
3	Solution - 13430	484	2191	239	0	45
4	Solution - 12289	466	2099	221	0	44
5	Solution - 12289	466	2099	221	0	44
6	Solution - 12289	466	2099	221	0	44
7	Solution - 12289	466	2099	221	0	44
8	Solution - 12289	466	2099	221	0	44
9	Solution - 12289	466	2099	221	0	44
10	Solution - 12289	466	2099	221	0	44
11	Solution - 12289	466	2099	221	0	44
12	Solution - 12289	466	2099	221	0	44
13	Solution - 12289	466	2099	221	0	44
14	Solution - 12289	466	2099	221	0	44
15	Solution - 12289	466	2099	221	0	44
16	Solution - 12169	478	2169	207	0	46
17	Solution - 12169	478	2169	207	0	46
18	Solution - 12169	478	2169	207	0	46
19	Solution - 12169	478	2169	207	0	46
20	Solution - 12169	478	2169	207	0	46
21	Solution - 12112	479	2173	215	0	44
22	Solution - 12112	479	2173	215	0	44
23	Solution - 12112	479	2173	215	0	44
24	Solution - 12112	479	2173	215	0	44
25	Solution - 12112	479	2173	215	0	44
26	Solution - 12112	479	2173	215	0	44
27	Solution - 12112	479	2173	215	0	44
28	Solution - 12112	479	2173	215	0	44
29	Solution - 11824	486	2222	212	0	43
30	Solution - 11824	486	2222	212	0	43
31	Solution - 11824	486	2222	212	0	43
32	Solution - 11824	486	2222	212	0	43
33	Solution - 11824	486	2222	212	0	43
34	Solution - 11824	486	2222	212	0	43
35	Solution - 11824	486	2222	212	0	43
36	Solution - 11824	486	2222	212	0	43
37	Solution - 11824	486	2222	212	0	43
38	Solution - 11824	486	2222	212	0	43
39	Solution - 11824	486	2222	212	0	43
40	Solution - 11336	488	2180	197	0	44
41	Solution - 11336	488	2180	197	0	44
42	Solution - 11336	488	2180	197	0	44
43	Solution - 11336	488	2180	197	0	44
44	Solution - 11336	488	2180	197	0	44
45	Solution - 11336	488	2180	197	0	44
46	Solution - 11336	488	2180	197	0	44
47	Solution - 11336	488	2180	197	0	44
48	Solution - 11336	488	2180	197	0	44
49	Solution - 11336	488	2180	197	0	44
50	Solution - 11336	488	2180	197	0	44
51	Solution - 11336	488	2180	197	0	44
52	Solution - 11336	488	2180	197	0	44
53	Solution - 11336	488	2180	197	0	44
54	Solution - 11336	488	2180	197	0	44
55	Solution - 11336	488	2180	197	0	44
56	Solution - 11336	488	2180	197	0	44
57	Solution - 11336	488	2180	197	0	44
58	Solution - 11336	488	2180	197	0	44
59	Solution - 11336	488	2180	197	0	44
60	Solution - 11336	488	2180	197	0	44
61	Solution - 11336	488	2180	197	0	44
62	Solution - 11336	488	2180	197	0	44
63	Solution - 11336	488	2180	197	0	44
64	Solution - 11336	488	2180	197	0	44
65	Solution - 11336	488	2180	197	0	44
66	Solution - 11336	488	2180	197	0	44
67	Solution - 11336	488	2180	197	0	44
68	Solution - 11336	488	2180	197	0	44
69	Solution - 11336	488	2180	197	0	44
70	Solution - 11336	488	2180	197	0	44
71	Solution - 11336	488	2180	197	0	44
72	Solution - 11336	488	2180	197	0	44
73	Solution - 11336	488	2180	197	0	44
74	Solution - 11336	488	2180	197	0	44
75	Solution - 11336	488	2180	197	0	44
76	Solution - 11336	488	2180	197	0	44
77	Solution - 11336	488	2180	197	0	44
78	Solution - 10284	460	2084	180	0	43
79	Solution - 10284	460	2084	180	0	43
80	Solution - 10284	460	2084	180	0	43
81	Solution - 10284	460	2084	180	0	43
82	Solution - 10284	460	2084	180	0	43
83	Solution - 10284	460	2084	180	0	43
84	Solution - 10284	460	2084	180	0	43
85	Solution - 10284	460	2084	180	0	43
86	Solution - 10284	460	2084	180	0	43
87	Solution - 10284	460	2084	180	0	43
88	Solution - 10284	460	2084	180	0	43
89	Solution - 10284	460	2084	180	0	43
90	Solution - 10284	460	2084	180	0	43
91	Solution - 10284	460	2084	180	0	43
92	Solution - 10284	460	2084	180	0	43
93	Solution - 10284	460	2084	180	0	43
94	Solution - 10284	460	2084	180	0	43
95	Solution - 10284	460	2084	180	0	43
96	Solution - 10284	460	2084	180	0	43
97	Solution - 10284	460	2084	180	0	43
98	Solution - 10284	460	2084	180	0	43
99	Solution - 10284	460	2084	180	0	43
