0	Solution - 13759	499	2235	245	0	45
1	Solution - 13315	473	2135	249	0	43
2	Solution - 13315	473	2135	249	0	43
3	Solution - 13315	473	2135	249	0	43
4	Solution - 13315	473	2135	249	0	43
5	Solution - 13315	473	2135	249	0	43
6	Solution - 13315	473	2135	249	0	43
7	Solution - 13315	473	2135	249	0	43
8	Solution - 12196	480	2170	222	0	43
9	Solution - 12196	480	2170	222	0	43
10	Solution - 12196	480	2170	222	0	43
11	Solution - 12196	480	2170	222	0	43
12	Solution - 12196	480	2170	222	0	43
13	Solution - 12196	480	2170	222	0	43
14	Solution - 12196	480	2170	222	0	43
15	Solution - 12196	480	2170	222	0	43
16	Solution - 12196	480	2170	222	0	43
17	Solution - 12196	480	2170	222	0	43
18	Solution - 12196	480	2170	222	0	43
19	Solution - 12196	480	2170	222	0	43
20	Solution - 12196	480	2170	222	0	43
21	Solution - 12196	480	2170	222	0	43
22	Solution - 12196	480	2170	222	0	43
23	Solution - 11366	462	2084	210	0	42
24	Solution - 11366	462	2084	210	0	42
25	Solution - 11366	462	2084	210	0	42
26	Solution - 11366	462	2084	210	0	42
27	Solution - 11366	462	2084	210	0	42
28	Solution - 11366	462	2084	210	0	42
29	Solution - 11366	462	2084	210	0	42
30	Solution - 11366	462	2084	210	0	42
31	Solution - 11366	462	2084	210	0	42
32	Solution - 11366	462	2084	210	0	42
33	Solution - 11366	462	2084	210	0	42
34	Solution - 11366	462	2084	210	0	42
35	Solution - 11366	462	2084	210	0	42
36	Solution - 11366	462	2084	210	0	42
37	Solution - 11366	462	2084	210	0	42
38	Solution - 11366	462	2084	210	0	42
39	Solution - 11366	462	2084	210	0	42
40	Solution - 11366	462	2084	210	0	42
41	Solution - 11366	462	2084	210	0	42
42	Solution - 11138	471	2157	185	0	46
43	Solution - 11138	471	2157	185	0	46
44	Solution - 11138	471	2157	185	0	46
45	Solution - 11138	471	2157	185	0	46
46	Solution - 11138	471	2157	185	0	46
47	Solution - 11138	471	2157	185	0	46
48	Solution - 11138	471	2157	185	0	46
49	Solution - 11138	471	2157	185	0	46
50	Solution - 11138	471	2157	185	0	46
51	Solution - 11138	471	2157	185	0	46
52	Solution - 11138	471	2157	185	0	46
53	Solution - 11138	471	2157	185	0	46
54	Solution - 11138	471	2157	185	0	46
55	Solution - 11138	471	2157	185	0	46
56	Solution - 11138	471	2157	185	0	46
57	Solution - 11138	471	2157	185	0	46
58	Solution - 11138	471	2157	185	0	46
59	Solution - 11138	471	2157	185	0	46
60	Solution - 11138	471	2157	185	0	46
61	Solution - 11138	471	2157	185	0	46
62	Solution - 11138	471	2157	185	0	46
63	Solution - 11138	471	2157	185	0	46
64	Solution - 11138	471	2157	185	0	46
65	Solution - 11138	471	2157	185	0	46
66	Solution - 11138	471	2157	185	0	46
67	Solution - 11138	471	2157	185	0	46
68	Solution - 11138	471	2157	185	0	46
69	Solution - 11138	471	2157	185	0	46
70	Solution - 11138	471	2157	185	0	46
71	Solution - 11138	471	2157	185	0	46
72	Solution - 11138	471	2157	185	0	46
73	Solution - 11138	471	2157	185	0	46
74	Solution - 11138	471	2157	185	0	46
75	Solution - 11138	471	2157	185	0	46
76	Solution - 11138	471	2157	185	0	46
77	Solution - 11138	471	2157	185	0	46
78	Solution - 11138	471	2157	185	0	46
79	Solution - 11138	471	2157	185	0	46
80	Solution - 11138	471	2157	185	0	46
81	Solution - 11138	471	2157	185	0	46
82	Solution - 11138	471	2157	185	0	46
83	Solution - 11138	471	2157	185	0	46
84	Solution - 11138	471	2157	185	0	46
85	Solution - 11138	471	2157	185	0	46
86	Solution - 11138	471	2157	185	0	46
87	Solution - 11138	471	2157	185	0	46
88	Solution - 11138	471	2157	185	0	46
89	Solution - 11138	471	2157	185	0	46
90	Solution - 11138	471	2157	185	0	46
91	Solution - 11138	471	2157	185	0	46
92	Solution - 11138	471	2157	185	0	46
93	Solution - 11138	471	2157	185	0	46
94	Solution - 11138	471	2157	185	0	46
95	Solution - 11138	471	2157	185	0	46
96	Solution - 11138	471	2157	185	0	46
97	Solution - 11138	471	2157	185	0	46
98	Solution - 11138	471	2157	185	0	46
99	Solution - 11138	471	2157	185	0	46
