15170
13206
13206
13206
11115
11115
11115
11115
11115
11115
11115
11115
11115
11115
11115
11115
11115
11115
11115
11115
11115
11115
11115
11115
11115
11115
11115
11115
11115
11115
11115
11115
11115
11115
11115
11115
11115
11115
11115
11115
11115
11115
11115
11115
11115
11115
11115
11115
11115
11115
11115
11115
11115
11115
11115
11115
11115
11115
11115
11115
11115
11115
11115
11115
11115
11115
11115
11115
11115
11115
11115
11115
11115
11115
11115
11115
11115
11115
11115
11115
11115
11115
11115
11115
11115
11115
11115
11115
11115
11115
11115
11115
11115
11115
11115
11115
11115
11115
11115
11115
