0	Solution - 13996	503	2260	239	0	47
1	Solution - 13366	489	2212	237	0	45
2	Solution - 13124	481	2171	238	0	44
3	Solution - 13124	481	2171	238	0	44
4	Solution - 13124	481	2171	238	0	44
5	Solution - 13124	481	2171	238	0	44
6	Solution - 13124	481	2171	238	0	44
7	Solution - 13124	481	2171	238	0	44
8	Solution - 13124	481	2171	238	0	44
9	Solution - 13124	481	2171	238	0	44
10	Solution - 13124	481	2171	238	0	44
11	Solution - 13124	481	2171	238	0	44
12	Solution - 12187	487	2205	211	0	45
13	Solution - 12187	487	2205	211	0	45
14	Solution - 12187	487	2205	211	0	45
15	Solution - 12187	487	2205	211	0	45
16	Solution - 12187	487	2205	211	0	45
17	Solution - 12187	487	2205	211	0	45
18	Solution - 12187	487	2205	211	0	45
19	Solution - 12187	487	2205	211	0	45
20	Solution - 12187	487	2205	211	0	45
21	Solution - 12187	487	2205	211	0	45
22	Solution - 12187	487	2205	211	0	45
23	Solution - 12187	487	2205	211	0	45
24	Solution - 12187	487	2205	211	0	45
25	Solution - 12187	487	2205	211	0	45
26	Solution - 12187	487	2205	211	0	45
27	Solution - 12187	487	2205	211	0	45
28	Solution - 12187	487	2205	211	0	45
29	Solution - 12187	487	2205	211	0	45
30	Solution - 12187	487	2205	211	0	45
31	Solution - 12187	487	2205	211	0	45
32	Solution - 12187	487	2205	211	0	45
33	Solution - 12187	487	2205	211	0	45
34	Solution - 12187	487	2205	211	0	45
35	Solution - 12187	487	2205	211	0	45
36	Solution - 12187	487	2205	211	0	45
37	Solution - 12187	487	2205	211	0	45
38	Solution - 12187	487	2205	211	0	45
39	Solution - 12187	487	2205	211	0	45
40	Solution - 12187	487	2205	211	0	45
41	Solution - 12187	487	2205	211	0	45
42	Solution - 12187	487	2205	211	0	45
43	Solution - 12187	487	2205	211	0	45
44	Solution - 12187	487	2205	211	0	45
45	Solution - 12187	487	2205	211	0	45
46	Solution - 12187	487	2205	211	0	45
47	Solution - 12187	487	2205	211	0	45
48	Solution - 12187	487	2205	211	0	45
49	Solution - 12187	487	2205	211	0	45
50	Solution - 12187	487	2205	211	0	45
51	Solution - 12187	487	2205	211	0	45
52	Solution - 12187	487	2205	211	0	45
53	Solution - 12187	487	2205	211	0	45
54	Solution - 11193	465	2085	201	0	43
55	Solution - 11193	465	2085	201	0	43
56	Solution - 11193	465	2085	201	0	43
57	Solution - 11193	465	2085	201	0	43
58	Solution - 11193	465	2085	201	0	43
59	Solution - 11193	465	2085	201	0	43
60	Solution - 11193	465	2085	201	0	43
61	Solution - 11193	465	2085	201	0	43
62	Solution - 11193	465	2085	201	0	43
63	Solution - 11193	465	2085	201	0	43
64	Solution - 11193	465	2085	201	0	43
65	Solution - 11193	465	2085	201	0	43
66	Solution - 11193	465	2085	201	0	43
67	Solution - 11193	465	2085	201	0	43
68	Solution - 11193	465	2085	201	0	43
69	Solution - 11193	465	2085	201	0	43
70	Solution - 11193	465	2085	201	0	43
71	Solution - 11193	465	2085	201	0	43
72	Solution - 11193	465	2085	201	0	43
73	Solution - 11193	465	2085	201	0	43
74	Solution - 11193	465	2085	201	0	43
75	Solution - 11193	465	2085	201	0	43
76	Solution - 11193	465	2085	201	0	43
77	Solution - 11193	465	2085	201	0	43
78	Solution - 11193	465	2085	201	0	43
79	Solution - 11193	465	2085	201	0	43
80	Solution - 11193	465	2085	201	0	43
81	Solution - 11193	465	2085	201	0	43
82	Solution - 11193	465	2085	201	0	43
83	Solution - 11193	465	2085	201	0	43
84	Solution - 11193	465	2085	201	0	43
85	Solution - 11193	465	2085	201	0	43
86	Solution - 11193	465	2085	201	0	43
87	Solution - 11193	465	2085	201	0	43
88	Solution - 11193	465	2085	201	0	43
89	Solution - 11193	465	2085	201	0	43
90	Solution - 11193	465	2085	201	0	43
91	Solution - 11193	465	2085	201	0	43
92	Solution - 11193	465	2085	201	0	43
93	Solution - 11193	465	2085	201	0	43
94	Solution - 11193	465	2085	201	0	43
95	Solution - 11193	465	2085	201	0	43
96	Solution - 11193	465	2085	201	0	43
97	Solution - 11193	465	2085	201	0	43
98	Solution - 11193	465	2085	201	0	43
99	Solution - 11193	465	2085	201	0	43
