12389
12389
12389
12389
12389
12389
12389
12389
12389
12389
12389
12389
12389
12389
12389
12389
12389
12389
12389
12389
12389
12389
12389
12389
12389
12389
12065
12065
12065
11719
11719
11719
11719
11719
11719
11719
11719
11095
11095
11095
11095
11095
11095
11095
11095
11095
11095
11095
11095
11095
11095
11095
11095
11095
11095
11095
11095
11095
11095
11095
11095
11095
11095
11095
11095
11095
11095
11095
11095
11095
11095
11095
11095
11095
11095
11095
11095
11095
11095
11095
11095
11095
11095
11095
11095
11095
11095
11095
11095
11095
11095
11095
11095
11095
11095
11095
11095
11095
11095
11095
