13239
13239
12895
12895
12895
12895
12895
12895
12895
12895
12895
12895
12895
12895
12895
12895
12895
12895
12895
12895
12895
12895
12895
12895
12895
12895
12895
12895
12895
12895
12882
12882
12882
11991
11991
11991
11991
11991
11991
11991
11991
11991
11991
11991
11991
11991
11991
11991
11991
11522
11522
11522
11522
11522
11522
11522
11522
11522
11522
11522
11522
11522
11522
11522
11522
11522
11522
11522
11522
11522
11522
11522
11522
11522
11522
11522
11522
11522
11522
11522
11522
11522
11522
11522
11522
11522
11522
11522
11522
11522
11522
11522
11522
11522
11522
11522
11522
11522
11522
11522
