14760
13113
12167
12167
12167
12167
12167
12167
12167
12167
12167
12167
12167
12167
12167
12167
12167
11524
11524
11524
11524
11524
11524
11524
11524
11524
11524
11524
11524
11524
11524
11524
11524
11524
11524
11524
11524
11524
11524
11524
11524
11524
11524
11524
11524
11524
11524
11524
11524
11524
11524
11524
11524
11524
11524
11524
11524
11524
11524
11524
11524
11524
11524
11524
11524
11524
11524
11524
11524
11524
11524
11524
11524
11524
11524
11524
11524
11524
11524
11524
11524
11524
11524
11524
11524
11524
11524
11524
11524
11524
11524
11524
11524
11524
11524
11524
11524
11524
11524
11524
