12893
12333
12333
12333
12333
11880
11880
11880
11880
11690
11690
11690
11690
11690
11690
11690
11690
11690
11690
11690
11690
11690
11690
11690
11690
11690
11690
11690
11690
11690
11690
11690
11690
11690
11690
11690
11690
11690
11690
11690
11690
11690
11690
11690
11690
11690
11690
11690
11690
11690
11690
11690
11690
11690
11690
11690
11690
11690
11690
11690
11690
11690
11690
11690
11690
11690
11690
11690
11690
11690
11690
11690
11690
11690
11690
11690
11690
11690
11690
11690
11690
11690
11690
11690
11690
11690
11690
11690
11690
11690
11690
11690
11690
11690
11690
11690
11690
11690
11690
11690
