13566
13566
13566
13566
13566
13369
13196
13196
13196
13196
13196
13196
12489
12489
12489
12489
12098
12098
12098
12098
12098
12098
12098
12098
12098
12098
12098
12098
12098
12098
12098
12098
11833
11833
11833
11833
11833
11833
11833
11833
11833
11833
11833
11833
11833
11526
11526
11526
11526
11526
11526
11526
11526
11526
11526
11526
11526
11526
11526
11526
11526
11526
11526
11526
11526
11526
11526
11526
11526
11526
11526
11526
11526
11526
11526
11526
11526
11526
11526
11526
11526
11526
11526
11526
11526
11526
11526
11526
11526
11526
11526
11526
11526
11526
11526
11526
11526
11526
11526
11526
