13665
13665
13665
13235
13235
13235
13235
12641
12641
12641
12641
12641
11264
11264
11264
11264
11264
11264
11264
11264
11264
11264
11264
11264
11264
11264
11264
11264
11264
11264
11264
11264
11264
11264
11264
11264
11264
11264
11264
11264
11264
11264
11264
11264
11264
11264
11264
11264
11264
11264
11264
11264
11264
11264
11264
11264
11264
11264
11264
11264
11264
11264
11264
11264
11264
11264
11264
11264
11264
11264
11264
11264
11264
11264
11264
11264
11264
11264
11264
11264
11264
11264
11264
11024
11024
11024
11024
11024
11024
11024
11024
11024
11024
11024
11024
11024
11024
11024
11024
11024
