15323
13042
12965
12959
12959
12959
12959
12959
12959
12331
12331
12331
12331
12331
12331
12331
12331
12184
12184
12184
12184
12013
12013
12013
12013
12013
12013
12013
12013
12013
12013
12013
12013
12013
12013
12013
12013
12013
12013
12013
12013
12013
12013
12013
12013
12013
12013
12013
12013
12013
12013
12013
12013
12013
12013
12013
12013
12013
12013
12013
12013
12013
12013
12013
12013
12013
12013
12013
12013
12013
12013
12013
11053
11053
11053
11053
11053
11053
11053
11053
11053
11053
11053
11053
11053
11053
11053
11053
11053
11053
11053
11053
11053
11053
11053
11053
11053
11053
11053
11053
