12563
12563
12563
12563
12563
12563
12563
12563
12563
12563
12563
12563
12563
12563
12563
11089
11089
11089
11089
11089
11089
11089
11089
11089
11089
11089
11089
11089
11089
11089
11089
11089
11089
11089
11089
11089
11089
11089
11089
11089
11089
11089
11089
11089
11089
11089
11089
11089
11089
11089
11089
11089
11089
11089
11089
11089
11089
11089
11089
11089
11089
11089
11089
11089
11089
11089
11089
11089
11089
11089
11089
11089
11089
11089
11089
11089
11089
11089
11089
11089
11089
11089
11089
11089
11089
11089
11089
11089
11089
11089
11089
11089
11089
11089
11089
11089
11089
11089
11089
11089
