0	Solution - 17581	510	2313	314	0	47
1	Solution - 12847	469	2120	223	0	46
2	Solution - 12847	469	2120	223	0	46
3	Solution - 12847	469	2120	223	0	46
4	Solution - 12847	469	2120	223	0	46
5	Solution - 12847	469	2120	223	0	46
6	Solution - 12847	469	2120	223	0	46
7	Solution - 11983	490	2223	206	0	45
8	Solution - 11983	490	2223	206	0	45
9	Solution - 11983	490	2223	206	0	45
10	Solution - 11983	490	2223	206	0	45
11	Solution - 11983	490	2223	206	0	45
12	Solution - 11983	490	2223	206	0	45
13	Solution - 11983	490	2223	206	0	45
14	Solution - 11983	490	2223	206	0	45
15	Solution - 11983	490	2223	206	0	45
16	Solution - 11983	490	2223	206	0	45
17	Solution - 11983	490	2223	206	0	45
18	Solution - 11983	490	2223	206	0	45
19	Solution - 11983	490	2223	206	0	45
20	Solution - 11983	490	2223	206	0	45
21	Solution - 11983	490	2223	206	0	45
22	Solution - 11983	490	2223	206	0	45
23	Solution - 11983	490	2223	206	0	45
24	Solution - 11617	446	2012	213	0	43
25	Solution - 11617	446	2012	213	0	43
26	Solution - 11617	446	2012	213	0	43
27	Solution - 11617	446	2012	213	0	43
28	Solution - 11617	446	2012	213	0	43
29	Solution - 11617	446	2012	213	0	43
30	Solution - 11617	446	2012	213	0	43
31	Solution - 11617	446	2012	213	0	43
32	Solution - 11617	446	2012	213	0	43
33	Solution - 11617	446	2012	213	0	43
34	Solution - 11617	446	2012	213	0	43
35	Solution - 11617	446	2012	213	0	43
36	Solution - 11617	446	2012	213	0	43
37	Solution - 11617	446	2012	213	0	43
38	Solution - 11617	446	2012	213	0	43
39	Solution - 11617	446	2012	213	0	43
40	Solution - 11617	446	2012	213	0	43
41	Solution - 11617	446	2012	213	0	43
42	Solution - 11617	446	2012	213	0	43
43	Solution - 11617	446	2012	213	0	43
44	Solution - 11617	446	2012	213	0	43
45	Solution - 11617	446	2012	213	0	43
46	Solution - 11617	446	2012	213	0	43
47	Solution - 11617	446	2012	213	0	43
48	Solution - 11617	446	2012	213	0	43
49	Solution - 11226	499	2263	184	0	46
50	Solution - 11226	499	2263	184	0	46
51	Solution - 11226	499	2263	184	0	46
52	Solution - 11226	499	2263	184	0	46
53	Solution - 11226	499	2263	184	0	46
54	Solution - 11226	499	2263	184	0	46
55	Solution - 11226	499	2263	184	0	46
56	Solution - 11226	499	2263	184	0	46
57	Solution - 11226	499	2263	184	0	46
58	Solution - 11226	499	2263	184	0	46
59	Solution - 11226	499	2263	184	0	46
60	Solution - 11226	499	2263	184	0	46
61	Solution - 11226	499	2263	184	0	46
62	Solution - 11226	499	2263	184	0	46
63	Solution - 11226	499	2263	184	0	46
64	Solution - 11226	499	2263	184	0	46
65	Solution - 11226	499	2263	184	0	46
66	Solution - 11226	499	2263	184	0	46
67	Solution - 11226	499	2263	184	0	46
68	Solution - 11226	499	2263	184	0	46
69	Solution - 11226	499	2263	184	0	46
70	Solution - 11226	499	2263	184	0	46
71	Solution - 11226	499	2263	184	0	46
72	Solution - 11226	499	2263	184	0	46
73	Solution - 11226	499	2263	184	0	46
74	Solution - 11226	499	2263	184	0	46
75	Solution - 11226	499	2263	184	0	46
76	Solution - 11226	499	2263	184	0	46
77	Solution - 11226	499	2263	184	0	46
78	Solution - 11226	499	2263	184	0	46
79	Solution - 11226	499	2263	184	0	46
80	Solution - 11226	499	2263	184	0	46
81	Solution - 11226	499	2263	184	0	46
82	Solution - 11226	499	2263	184	0	46
83	Solution - 11226	499	2263	184	0	46
84	Solution - 11226	499	2263	184	0	46
85	Solution - 11226	499	2263	184	0	46
86	Solution - 11226	499	2263	184	0	46
87	Solution - 11226	499	2263	184	0	46
88	Solution - 11226	499	2263	184	0	46
89	Solution - 11226	499	2263	184	0	46
90	Solution - 11226	499	2263	184	0	46
91	Solution - 11226	499	2263	184	0	46
92	Solution - 11226	499	2263	184	0	46
93	Solution - 11226	499	2263	184	0	46
94	Solution - 11226	499	2263	184	0	46
95	Solution - 11226	499	2263	184	0	46
96	Solution - 11226	499	2263	184	0	46
97	Solution - 11226	499	2263	184	0	46
98	Solution - 11226	499	2263	184	0	46
99	Solution - 11226	499	2263	184	0	46
