13855
12899
12899
12899
12785
12785
12785
12785
12785
12785
12785
12785
12785
12113
12113
12113
12113
12113
12113
12113
12113
12113
12113
12113
12113
12113
12113
12113
11923
11923
11923
11923
11923
11923
11923
11923
11923
11923
11923
11923
11923
11923
11923
11923
11923
11923
11915
11915
11915
11915
11915
11915
11915
11915
11915
11915
11915
11915
11915
11915
11915
11915
11915
11915
11915
11915
11915
11915
11915
11915
11915
11915
11915
11915
11915
11915
11915
11915
11915
11915
11915
11915
11829
11829
11829
11829
11829
11829
11829
11829
11829
11829
11829
11829
11829
11829
11829
11678
11678
11678
