0	Solution - 13855	470	2135	250	0	45
1	Solution - 12899	488	2203	232	0	44
2	Solution - 12899	488	2203	232	0	44
3	Solution - 12899	488	2203	232	0	44
4	Solution - 12785	483	2182	220	1	46
5	Solution - 12785	483	2182	220	1	46
6	Solution - 12785	483	2182	220	1	46
7	Solution - 12785	483	2182	220	1	46
8	Solution - 12785	483	2182	220	1	46
9	Solution - 12785	483	2182	220	1	46
10	Solution - 12785	483	2182	220	1	46
11	Solution - 12785	483	2182	220	1	46
12	Solution - 12785	483	2182	220	1	46
13	Solution - 12113	490	2206	219	0	43
14	Solution - 12113	490	2206	219	0	43
15	Solution - 12113	490	2206	219	0	43
16	Solution - 12113	490	2206	219	0	43
17	Solution - 12113	490	2206	219	0	43
18	Solution - 12113	490	2206	219	0	43
19	Solution - 12113	490	2206	219	0	43
20	Solution - 12113	490	2206	219	0	43
21	Solution - 12113	490	2206	219	0	43
22	Solution - 12113	490	2206	219	0	43
23	Solution - 12113	490	2206	219	0	43
24	Solution - 12113	490	2206	219	0	43
25	Solution - 12113	490	2206	219	0	43
26	Solution - 12113	490	2206	219	0	43
27	Solution - 12113	490	2206	219	0	43
28	Solution - 11923	487	2196	220	0	42
29	Solution - 11923	487	2196	220	0	42
30	Solution - 11923	487	2196	220	0	42
31	Solution - 11923	487	2196	220	0	42
32	Solution - 11923	487	2196	220	0	42
33	Solution - 11923	487	2196	220	0	42
34	Solution - 11923	487	2196	220	0	42
35	Solution - 11923	487	2196	220	0	42
36	Solution - 11923	487	2196	220	0	42
37	Solution - 11923	487	2196	220	0	42
38	Solution - 11923	487	2196	220	0	42
39	Solution - 11923	487	2196	220	0	42
40	Solution - 11923	487	2196	220	0	42
41	Solution - 11923	487	2196	220	0	42
42	Solution - 11923	487	2196	220	0	42
43	Solution - 11923	487	2196	220	0	42
44	Solution - 11923	487	2196	220	0	42
45	Solution - 11923	487	2196	220	0	42
46	Solution - 11915	481	2164	206	0	45
47	Solution - 11915	481	2164	206	0	45
48	Solution - 11915	481	2164	206	0	45
49	Solution - 11915	481	2164	206	0	45
50	Solution - 11915	481	2164	206	0	45
51	Solution - 11915	481	2164	206	0	45
52	Solution - 11915	481	2164	206	0	45
53	Solution - 11915	481	2164	206	0	45
54	Solution - 11915	481	2164	206	0	45
55	Solution - 11915	481	2164	206	0	45
56	Solution - 11915	481	2164	206	0	45
57	Solution - 11915	481	2164	206	0	45
58	Solution - 11915	481	2164	206	0	45
59	Solution - 11915	481	2164	206	0	45
60	Solution - 11915	481	2164	206	0	45
61	Solution - 11915	481	2164	206	0	45
62	Solution - 11915	481	2164	206	0	45
63	Solution - 11915	481	2164	206	0	45
64	Solution - 11915	481	2164	206	0	45
65	Solution - 11915	481	2164	206	0	45
66	Solution - 11915	481	2164	206	0	45
67	Solution - 11915	481	2164	206	0	45
68	Solution - 11915	481	2164	206	0	45
69	Solution - 11915	481	2164	206	0	45
70	Solution - 11915	481	2164	206	0	45
71	Solution - 11915	481	2164	206	0	45
72	Solution - 11915	481	2164	206	0	45
73	Solution - 11915	481	2164	206	0	45
74	Solution - 11915	481	2164	206	0	45
75	Solution - 11915	481	2164	206	0	45
76	Solution - 11915	481	2164	206	0	45
77	Solution - 11915	481	2164	206	0	45
78	Solution - 11915	481	2164	206	0	45
79	Solution - 11915	481	2164	206	0	45
80	Solution - 11915	481	2164	206	0	45
81	Solution - 11915	481	2164	206	0	45
82	Solution - 11829	469	2114	201	0	46
83	Solution - 11829	469	2114	201	0	46
84	Solution - 11829	469	2114	201	0	46
85	Solution - 11829	469	2114	201	0	46
86	Solution - 11829	469	2114	201	0	46
87	Solution - 11829	469	2114	201	0	46
88	Solution - 11829	469	2114	201	0	46
89	Solution - 11829	469	2114	201	0	46
90	Solution - 11829	469	2114	201	0	46
91	Solution - 11829	469	2114	201	0	46
92	Solution - 11829	469	2114	201	0	46
93	Solution - 11829	469	2114	201	0	46
94	Solution - 11829	469	2114	201	0	46
95	Solution - 11829	469	2114	201	0	46
96	Solution - 11829	469	2114	201	0	46
97	Solution - 11678	455	2067	218	0	42
98	Solution - 11678	455	2067	218	0	42
99	Solution - 11678	455	2067	218	0	42
