13046
13046
13046
13046
13046
13046
13046
11910
11910
11910
11910
11910
11910
11910
11910
11910
11910
11910
11910
11910
11910
11910
11910
11910
11910
11910
11910
11910
11910
11910
11910
11910
11910
11910
11910
11910
11910
11910
11910
11196
11196
11196
11196
11196
11196
11196
11196
11196
11196
11196
11196
11196
11196
11196
11196
11196
11196
11196
11196
11196
11196
11196
11196
11196
11196
11196
11196
11196
11196
11196
11196
11196
11196
11196
11196
11196
11196
11196
11196
11196
11196
11196
11196
11196
11196
11196
11196
11196
11196
11196
11196
11196
11196
11196
11196
11196
11196
11196
11196
11196
