12422
12422
12422
12422
12422
12422
12422
12422
12422
12422
12422
12422
12422
12422
12422
12228
12228
12228
12228
12228
12228
12228
12228
12228
12228
12228
12228
12228
11036
11036
11036
11036
11036
11036
11036
11036
11036
11036
11036
11036
11036
11036
11036
11036
11036
11036
11036
11036
11036
11036
11036
11036
11036
11036
11036
11036
11036
11036
11036
11036
11036
11036
11036
11036
11036
11036
11036
11036
11036
11036
11036
11036
11036
11036
11036
11036
11036
11036
11036
11036
11036
11036
11036
11036
11036
11036
11036
11036
11036
11036
11036
11036
11036
11036
11036
11036
11036
11036
11036
11036
