0	Solution - 16617	493	2220	316	0	44
1	Solution - 14910	489	2203	298	0	41
2	Solution - 14910	489	2203	298	0	41
3	Solution - 14910	489	2203	298	0	41
4	Solution - 13202	469	2112	247	0	43
5	Solution - 13202	469	2112	247	0	43
6	Solution - 13202	469	2112	247	0	43
7	Solution - 13202	469	2112	247	0	43
8	Solution - 13202	469	2112	247	0	43
9	Solution - 13202	469	2112	247	0	43
10	Solution - 13202	469	2112	247	0	43
11	Solution - 13202	469	2112	247	0	43
12	Solution - 13202	469	2112	247	0	43
13	Solution - 13202	469	2112	247	0	43
14	Solution - 13202	469	2112	247	0	43
15	Solution - 12197	472	2133	218	0	44
16	Solution - 12197	472	2133	218	0	44
17	Solution - 12197	472	2133	218	0	44
18	Solution - 12197	472	2133	218	0	44
19	Solution - 12197	472	2133	218	0	44
20	Solution - 12197	472	2133	218	0	44
21	Solution - 12197	472	2133	218	0	44
22	Solution - 12197	472	2133	218	0	44
23	Solution - 12197	472	2133	218	0	44
24	Solution - 12197	472	2133	218	0	44
25	Solution - 12197	472	2133	218	0	44
26	Solution - 12197	472	2133	218	0	44
27	Solution - 12197	472	2133	218	0	44
28	Solution - 12197	472	2133	218	0	44
29	Solution - 12197	472	2133	218	0	44
30	Solution - 12197	472	2133	218	0	44
31	Solution - 12197	472	2133	218	0	44
32	Solution - 12197	472	2133	218	0	44
33	Solution - 12197	472	2133	218	0	44
34	Solution - 12197	472	2133	218	0	44
35	Solution - 12197	472	2133	218	0	44
36	Solution - 12197	472	2133	218	0	44
37	Solution - 12197	472	2133	218	0	44
38	Solution - 12197	472	2133	218	0	44
39	Solution - 12197	472	2133	218	0	44
40	Solution - 12197	472	2133	218	0	44
41	Solution - 12197	472	2133	218	0	44
42	Solution - 12197	472	2133	218	0	44
43	Solution - 12197	472	2133	218	0	44
44	Solution - 12197	472	2133	218	0	44
45	Solution - 12197	472	2133	218	0	44
46	Solution - 12197	472	2133	218	0	44
47	Solution - 12197	472	2133	218	0	44
48	Solution - 12197	472	2133	218	0	44
49	Solution - 12197	472	2133	218	0	44
50	Solution - 12197	472	2133	218	0	44
51	Solution - 12197	472	2133	218	0	44
52	Solution - 12191	465	2094	224	0	43
53	Solution - 12191	465	2094	224	0	43
54	Solution - 12191	465	2094	224	0	43
55	Solution - 12191	465	2094	224	0	43
56	Solution - 12191	465	2094	224	0	43
57	Solution - 12191	465	2094	224	0	43
58	Solution - 12191	465	2094	224	0	43
59	Solution - 11316	469	2111	208	0	42
60	Solution - 11316	469	2111	208	0	42
61	Solution - 11316	469	2111	208	0	42
62	Solution - 11316	469	2111	208	0	42
63	Solution - 11316	469	2111	208	0	42
64	Solution - 11316	469	2111	208	0	42
65	Solution - 11316	469	2111	208	0	42
66	Solution - 11316	469	2111	208	0	42
67	Solution - 11316	469	2111	208	0	42
68	Solution - 11316	469	2111	208	0	42
69	Solution - 11316	469	2111	208	0	42
70	Solution - 11316	469	2111	208	0	42
71	Solution - 11316	469	2111	208	0	42
72	Solution - 11316	469	2111	208	0	42
73	Solution - 11316	469	2111	208	0	42
74	Solution - 11316	469	2111	208	0	42
75	Solution - 11316	469	2111	208	0	42
76	Solution - 11316	469	2111	208	0	42
77	Solution - 11316	469	2111	208	0	42
78	Solution - 11316	469	2111	208	0	42
79	Solution - 11316	469	2111	208	0	42
80	Solution - 11316	469	2111	208	0	42
81	Solution - 11316	469	2111	208	0	42
82	Solution - 11316	469	2111	208	0	42
83	Solution - 11316	469	2111	208	0	42
84	Solution - 11316	469	2111	208	0	42
85	Solution - 11316	469	2111	208	0	42
86	Solution - 11316	469	2111	208	0	42
87	Solution - 11316	469	2111	208	0	42
88	Solution - 11316	469	2111	208	0	42
89	Solution - 11316	469	2111	208	0	42
90	Solution - 11316	469	2111	208	0	42
91	Solution - 11316	469	2111	208	0	42
92	Solution - 11316	469	2111	208	0	42
93	Solution - 11316	469	2111	208	0	42
94	Solution - 11316	469	2111	208	0	42
95	Solution - 11316	469	2111	208	0	42
96	Solution - 11316	469	2111	208	0	42
97	Solution - 11316	469	2111	208	0	42
98	Solution - 11316	469	2111	208	0	42
99	Solution - 11316	469	2111	208	0	42
