11472
11472
11472
11472
11472
11472
11472
11472
11472
11472
11440
11440
11440
11440
11440
11440
11440
11440
11440
11440
11440
11440
11440
11440
11440
11440
11440
11440
11440
11440
11440
11440
11440
11440
11440
11440
11440
11440
11440
11440
11440
11440
11440
11440
11440
11440
11440
11440
11440
11440
11440
11440
11440
11440
11440
11440
11440
11440
11440
11440
11440
11440
11440
11440
11440
11440
11440
11440
11440
11440
11440
11440
11440
11440
11440
11440
11440
11440
11440
11440
11440
11440
11440
11440
11440
11440
11440
11440
11440
11440
11440
11440
11440
11440
11440
11440
11440
11440
11440
11440
