13508
13140
13140
13026
13026
13026
13026
13026
13026
13026
13026
13026
13026
13026
13026
13026
13026
13026
13026
13026
12895
12895
12895
12884
12735
12735
12735
12735
12735
12735
12735
11694
11694
11694
11694
11694
11694
11694
11694
11694
11694
11694
11694
11694
11694
11694
11694
11694
11694
11694
11694
11694
11694
11694
11694
11694
11694
11694
11694
11694
11694
11694
11694
11694
11694
11694
11694
11694
11694
11694
11150
11150
11150
11150
11150
11150
11150
11150
11150
11150
11150
11150
11150
11150
11150
11150
11150
11150
11150
11150
11150
11150
11150
11150
11150
11150
11150
11150
11150
11150
