0	Solution - 15979	503	2269	281	0	47
1	Solution - 13843	477	2161	249	0	45
2	Solution - 13843	477	2161	249	0	45
3	Solution - 13843	477	2161	249	0	45
4	Solution - 13843	477	2161	249	0	45
5	Solution - 13821	479	2162	260	0	43
6	Solution - 13821	479	2162	260	0	43
7	Solution - 12295	480	2179	219	0	44
8	Solution - 12295	480	2179	219	0	44
9	Solution - 12295	480	2179	219	0	44
10	Solution - 12295	480	2179	219	0	44
11	Solution - 12295	480	2179	219	0	44
12	Solution - 12295	480	2179	219	0	44
13	Solution - 12295	480	2179	219	0	44
14	Solution - 12295	480	2179	219	0	44
15	Solution - 12295	480	2179	219	0	44
16	Solution - 12295	480	2179	219	0	44
17	Solution - 11956	477	2151	212	0	44
18	Solution - 11956	477	2151	212	0	44
19	Solution - 11956	477	2151	212	0	44
20	Solution - 11956	477	2151	212	0	44
21	Solution - 11956	477	2151	212	0	44
22	Solution - 11956	477	2151	212	0	44
23	Solution - 11956	477	2151	212	0	44
24	Solution - 11956	477	2151	212	0	44
25	Solution - 11956	477	2151	212	0	44
26	Solution - 11956	477	2151	212	0	44
27	Solution - 11956	477	2151	212	0	44
28	Solution - 11956	477	2151	212	0	44
29	Solution - 11956	477	2151	212	0	44
30	Solution - 11956	477	2151	212	0	44
31	Solution - 11714	477	2164	211	0	43
32	Solution - 11714	477	2164	211	0	43
33	Solution - 11714	477	2164	211	0	43
34	Solution - 11714	477	2164	211	0	43
35	Solution - 11714	477	2164	211	0	43
36	Solution - 11714	477	2164	211	0	43
37	Solution - 11714	477	2164	211	0	43
38	Solution - 11714	477	2164	211	0	43
39	Solution - 11714	477	2164	211	0	43
40	Solution - 11714	477	2164	211	0	43
41	Solution - 11714	477	2164	211	0	43
42	Solution - 11714	477	2164	211	0	43
43	Solution - 11714	477	2164	211	0	43
44	Solution - 11714	477	2164	211	0	43
45	Solution - 11714	477	2164	211	0	43
46	Solution - 11714	477	2164	211	0	43
47	Solution - 11714	477	2164	211	0	43
48	Solution - 11714	477	2164	211	0	43
49	Solution - 11714	477	2164	211	0	43
50	Solution - 11714	477	2164	211	0	43
51	Solution - 11714	477	2164	211	0	43
52	Solution - 11714	477	2164	211	0	43
53	Solution - 11714	477	2164	211	0	43
54	Solution - 11714	477	2164	211	0	43
55	Solution - 11714	477	2164	211	0	43
56	Solution - 11714	477	2164	211	0	43
57	Solution - 11714	477	2164	211	0	43
58	Solution - 11714	477	2164	211	0	43
59	Solution - 11714	477	2164	211	0	43
60	Solution - 11714	477	2164	211	0	43
61	Solution - 11714	477	2164	211	0	43
62	Solution - 11714	477	2164	211	0	43
63	Solution - 11714	477	2164	211	0	43
64	Solution - 11714	477	2164	211	0	43
65	Solution - 11714	477	2164	211	0	43
66	Solution - 11714	477	2164	211	0	43
67	Solution - 11714	477	2164	211	0	43
68	Solution - 11714	477	2164	211	0	43
69	Solution - 11714	477	2164	211	0	43
70	Solution - 11714	477	2164	211	0	43
71	Solution - 11714	477	2164	211	0	43
72	Solution - 11714	477	2164	211	0	43
73	Solution - 11714	477	2164	211	0	43
74	Solution - 11714	477	2164	211	0	43
75	Solution - 11714	477	2164	211	0	43
76	Solution - 11714	477	2164	211	0	43
77	Solution - 11714	477	2164	211	0	43
78	Solution - 11714	477	2164	211	0	43
79	Solution - 11714	477	2164	211	0	43
80	Solution - 11714	477	2164	211	0	43
81	Solution - 11714	477	2164	211	0	43
82	Solution - 11714	477	2164	211	0	43
83	Solution - 11714	477	2164	211	0	43
84	Solution - 11714	477	2164	211	0	43
85	Solution - 11714	477	2164	211	0	43
86	Solution - 11714	477	2164	211	0	43
87	Solution - 11714	477	2164	211	0	43
88	Solution - 11714	477	2164	211	0	43
89	Solution - 11714	477	2164	211	0	43
90	Solution - 11714	477	2164	211	0	43
91	Solution - 11714	477	2164	211	0	43
92	Solution - 11714	477	2164	211	0	43
93	Solution - 11714	477	2164	211	0	43
94	Solution - 11714	477	2164	211	0	43
95	Solution - 11714	477	2164	211	0	43
96	Solution - 11714	477	2164	211	0	43
97	Solution - 11714	477	2164	211	0	43
98	Solution - 11714	477	2164	211	0	43
99	Solution - 11714	477	2164	211	0	43
