13260
13260
13260
13260
13260
13260
13260
12575
12416
12416
12416
12416
12416
12416
12416
12416
12415
12415
12415
12415
12415
12415
12415
12415
12183
12183
12183
12183
12183
11992
11992
11992
11992
11992
11992
11992
11992
11992
11992
11992
11992
11992
11992
11992
11992
11992
11992
11992
11992
11992
11992
11992
11992
11992
11992
11992
11992
11992
11992
11992
11992
11992
11992
11992
11992
11992
11992
11992
11992
11992
11992
11992
11992
11992
11992
11992
11992
11992
11992
11992
11992
11992
11992
11992
11992
11992
11992
11992
11992
11992
11992
11992
11992
11992
11992
11992
11992
11992
11992
11318
