0	Solution - 14072	508	2331	239	1	47
1	Solution - 13051	480	2176	231	0	45
2	Solution - 13051	480	2176	231	0	45
3	Solution - 13051	480	2176	231	0	45
4	Solution - 13051	480	2176	231	0	45
5	Solution - 13051	480	2176	231	0	45
6	Solution - 13051	480	2176	231	0	45
7	Solution - 13051	480	2176	231	0	45
8	Solution - 13051	480	2176	231	0	45
9	Solution - 13051	480	2176	231	0	45
10	Solution - 13051	480	2176	231	0	45
11	Solution - 13051	480	2176	231	0	45
12	Solution - 13051	480	2176	231	0	45
13	Solution - 12954	480	2142	246	0	42
14	Solution - 12954	480	2142	246	0	42
15	Solution - 12954	480	2142	246	0	42
16	Solution - 12954	480	2142	246	0	42
17	Solution - 12954	480	2142	246	0	42
18	Solution - 12954	480	2142	246	0	42
19	Solution - 12954	480	2142	246	0	42
20	Solution - 12838	477	2170	237	0	43
21	Solution - 12838	477	2170	237	0	43
22	Solution - 12838	477	2170	237	0	43
23	Solution - 12838	477	2170	237	0	43
24	Solution - 11792	463	2089	210	0	44
25	Solution - 11792	463	2089	210	0	44
26	Solution - 11792	463	2089	210	0	44
27	Solution - 11792	463	2089	210	0	44
28	Solution - 11792	463	2089	210	0	44
29	Solution - 11792	463	2089	210	0	44
30	Solution - 11792	463	2089	210	0	44
31	Solution - 11792	463	2089	210	0	44
32	Solution - 11792	463	2089	210	0	44
33	Solution - 11792	463	2089	210	0	44
34	Solution - 11792	463	2089	210	0	44
35	Solution - 11792	463	2089	210	0	44
36	Solution - 11792	463	2089	210	0	44
37	Solution - 11792	463	2089	210	0	44
38	Solution - 11792	463	2089	210	0	44
39	Solution - 11792	463	2089	210	0	44
40	Solution - 11792	463	2089	210	0	44
41	Solution - 11792	463	2089	210	0	44
42	Solution - 11792	463	2089	210	0	44
43	Solution - 11792	463	2089	210	0	44
44	Solution - 11792	463	2089	210	0	44
45	Solution - 11792	463	2089	210	0	44
46	Solution - 11792	463	2089	210	0	44
47	Solution - 11792	463	2089	210	0	44
48	Solution - 11792	463	2089	210	0	44
49	Solution - 11792	463	2089	210	0	44
50	Solution - 11792	463	2089	210	0	44
51	Solution - 11792	463	2089	210	0	44
52	Solution - 11792	463	2089	210	0	44
53	Solution - 11792	463	2089	210	0	44
54	Solution - 11792	463	2089	210	0	44
55	Solution - 11792	463	2089	210	0	44
56	Solution - 11792	463	2089	210	0	44
57	Solution - 11792	463	2089	210	0	44
58	Solution - 11792	463	2089	210	0	44
59	Solution - 11792	463	2089	210	0	44
60	Solution - 11792	463	2089	210	0	44
61	Solution - 11792	463	2089	210	0	44
62	Solution - 11792	463	2089	210	0	44
63	Solution - 11792	463	2089	210	0	44
64	Solution - 11792	463	2089	210	0	44
65	Solution - 11792	463	2089	210	0	44
66	Solution - 11792	463	2089	210	0	44
67	Solution - 11792	463	2089	210	0	44
68	Solution - 11792	463	2089	210	0	44
69	Solution - 11792	463	2089	210	0	44
70	Solution - 11792	463	2089	210	0	44
71	Solution - 11792	463	2089	210	0	44
72	Solution - 11792	463	2089	210	0	44
73	Solution - 11347	453	2036	206	0	43
74	Solution - 11347	453	2036	206	0	43
75	Solution - 11347	453	2036	206	0	43
76	Solution - 11347	453	2036	206	0	43
77	Solution - 11347	453	2036	206	0	43
78	Solution - 11347	453	2036	206	0	43
79	Solution - 11347	453	2036	206	0	43
80	Solution - 11347	453	2036	206	0	43
81	Solution - 11347	453	2036	206	0	43
82	Solution - 11347	453	2036	206	0	43
83	Solution - 11347	453	2036	206	0	43
84	Solution - 11347	453	2036	206	0	43
85	Solution - 11347	453	2036	206	0	43
86	Solution - 11347	453	2036	206	0	43
87	Solution - 11347	453	2036	206	0	43
88	Solution - 11347	453	2036	206	0	43
89	Solution - 11347	453	2036	206	0	43
90	Solution - 11347	453	2036	206	0	43
91	Solution - 11347	453	2036	206	0	43
92	Solution - 11347	453	2036	206	0	43
93	Solution - 11347	453	2036	206	0	43
94	Solution - 11347	453	2036	206	0	43
95	Solution - 11347	453	2036	206	0	43
96	Solution - 11347	453	2036	206	0	43
97	Solution - 11347	453	2036	206	0	43
98	Solution - 11347	453	2036	206	0	43
99	Solution - 11347	453	2036	206	0	43
