12940
12940
12940
12726
12726
11662
11662
11662
11662
11662
11662
11662
11662
11662
11662
11662
11662
11662
11662
11662
11662
11662
11662
11662
11662
11196
11196
11196
11196
11196
11196
11196
11196
11196
11196
11196
11196
11196
11196
11196
11196
11196
11196
11196
11196
11196
11196
11196
11196
11196
11196
11196
11196
11196
11196
11196
11196
11196
11196
11196
11196
11196
11196
11196
11196
11196
11196
11196
11196
11196
11196
11196
11196
11196
11196
11196
11196
11196
11196
11196
11196
11196
11196
11196
11196
11196
11196
11196
11196
11196
11196
11196
11196
11196
11196
11196
11196
11196
11196
11196
