14532
13006
13006
13006
12616
12616
12616
12616
12616
12513
11813
11813
11813
11813
11813
11813
11813
11813
11813
11813
11813
11813
11813
11813
11813
11813
11813
11813
11813
11813
11813
11813
11813
11813
11813
11813
11813
11813
11813
11813
11813
11813
11813
11813
11813
11813
11813
11813
11813
11813
11813
11813
11791
11791
11791
11791
11791
11791
11791
11791
11791
11791
11791
11791
11791
11791
11791
11791
11791
11791
11791
11791
11791
11791
11791
11791
11791
11791
11791
11791
11791
11791
11791
11791
11791
11791
11791
11791
11791
11791
11791
11791
11791
11791
11791
11791
11791
11791
11791
11791
