14455
14455
14455
13010
12135
12135
12135
12135
12135
12135
12135
12135
12135
12135
11965
11965
11965
11965
11965
11965
11965
11965
11965
11965
11965
11965
11965
11965
11965
11566
11566
11566
11566
11566
11566
11566
11566
11566
11566
11566
11566
11566
11499
11499
11499
11499
11499
11499
11499
11499
11499
11499
11499
11499
11499
11499
11499
11499
11499
11499
11499
11499
11499
11499
11499
11499
11499
11499
11499
11499
11499
11499
11499
11499
11499
11499
11499
11499
11499
11499
11499
11499
11499
11499
11499
11499
11499
11499
11499
11499
11499
11499
11499
11499
11499
11499
11499
11499
11499
11499
