0	Solution - 15323	486	2195	301	0	42
1	Solution - 13042	483	2191	216	0	48
2	Solution - 12965	492	2221	233	0	44
3	Solution - 12959	471	2148	235	0	44
4	Solution - 12959	471	2148	235	0	44
5	Solution - 12959	471	2148	235	0	44
6	Solution - 12959	471	2148	235	0	44
7	Solution - 12959	471	2148	235	0	44
8	Solution - 12959	471	2148	235	0	44
9	Solution - 12331	471	2140	216	0	45
10	Solution - 12331	471	2140	216	0	45
11	Solution - 12331	471	2140	216	0	45
12	Solution - 12331	471	2140	216	0	45
13	Solution - 12331	471	2140	216	0	45
14	Solution - 12331	471	2140	216	0	45
15	Solution - 12331	471	2140	216	0	45
16	Solution - 12331	471	2140	216	0	45
17	Solution - 12184	476	2162	222	0	43
18	Solution - 12184	476	2162	222	0	43
19	Solution - 12184	476	2162	222	0	43
20	Solution - 12184	476	2162	222	0	43
21	Solution - 12013	471	2137	209	0	45
22	Solution - 12013	471	2137	209	0	45
23	Solution - 12013	471	2137	209	0	45
24	Solution - 12013	471	2137	209	0	45
25	Solution - 12013	471	2137	209	0	45
26	Solution - 12013	471	2137	209	0	45
27	Solution - 12013	471	2137	209	0	45
28	Solution - 12013	471	2137	209	0	45
29	Solution - 12013	471	2137	209	0	45
30	Solution - 12013	471	2137	209	0	45
31	Solution - 12013	471	2137	209	0	45
32	Solution - 12013	471	2137	209	0	45
33	Solution - 12013	471	2137	209	0	45
34	Solution - 12013	471	2137	209	0	45
35	Solution - 12013	471	2137	209	0	45
36	Solution - 12013	471	2137	209	0	45
37	Solution - 12013	471	2137	209	0	45
38	Solution - 12013	471	2137	209	0	45
39	Solution - 12013	471	2137	209	0	45
40	Solution - 12013	471	2137	209	0	45
41	Solution - 12013	471	2137	209	0	45
42	Solution - 12013	471	2137	209	0	45
43	Solution - 12013	471	2137	209	0	45
44	Solution - 12013	471	2137	209	0	45
45	Solution - 12013	471	2137	209	0	45
46	Solution - 12013	471	2137	209	0	45
47	Solution - 12013	471	2137	209	0	45
48	Solution - 12013	471	2137	209	0	45
49	Solution - 12013	471	2137	209	0	45
50	Solution - 12013	471	2137	209	0	45
51	Solution - 12013	471	2137	209	0	45
52	Solution - 12013	471	2137	209	0	45
53	Solution - 12013	471	2137	209	0	45
54	Solution - 12013	471	2137	209	0	45
55	Solution - 12013	471	2137	209	0	45
56	Solution - 12013	471	2137	209	0	45
57	Solution - 12013	471	2137	209	0	45
58	Solution - 12013	471	2137	209	0	45
59	Solution - 12013	471	2137	209	0	45
60	Solution - 12013	471	2137	209	0	45
61	Solution - 12013	471	2137	209	0	45
62	Solution - 12013	471	2137	209	0	45
63	Solution - 12013	471	2137	209	0	45
64	Solution - 12013	471	2137	209	0	45
65	Solution - 12013	471	2137	209	0	45
66	Solution - 12013	471	2137	209	0	45
67	Solution - 12013	471	2137	209	0	45
68	Solution - 12013	471	2137	209	0	45
69	Solution - 12013	471	2137	209	0	45
70	Solution - 12013	471	2137	209	0	45
71	Solution - 12013	471	2137	209	0	45
72	Solution - 11053	455	2062	194	0	44
73	Solution - 11053	455	2062	194	0	44
74	Solution - 11053	455	2062	194	0	44
75	Solution - 11053	455	2062	194	0	44
76	Solution - 11053	455	2062	194	0	44
77	Solution - 11053	455	2062	194	0	44
78	Solution - 11053	455	2062	194	0	44
79	Solution - 11053	455	2062	194	0	44
80	Solution - 11053	455	2062	194	0	44
81	Solution - 11053	455	2062	194	0	44
82	Solution - 11053	455	2062	194	0	44
83	Solution - 11053	455	2062	194	0	44
84	Solution - 11053	455	2062	194	0	44
85	Solution - 11053	455	2062	194	0	44
86	Solution - 11053	455	2062	194	0	44
87	Solution - 11053	455	2062	194	0	44
88	Solution - 11053	455	2062	194	0	44
89	Solution - 11053	455	2062	194	0	44
90	Solution - 11053	455	2062	194	0	44
91	Solution - 11053	455	2062	194	0	44
92	Solution - 11053	455	2062	194	0	44
93	Solution - 11053	455	2062	194	0	44
94	Solution - 11053	455	2062	194	0	44
95	Solution - 11053	455	2062	194	0	44
96	Solution - 11053	455	2062	194	0	44
97	Solution - 11053	455	2062	194	0	44
98	Solution - 11053	455	2062	194	0	44
99	Solution - 11053	455	2062	194	0	44
