16991
14192
14134
14134
14134
14134
13171
12381
12381
12381
12381
12381
12381
11592
11592
11592
11592
11592
11592
11592
11268
11268
11268
11268
11268
11268
11268
11268
11268
11268
11268
11268
11268
11268
11268
11268
11268
11268
11268
11268
11268
11268
11268
11268
11268
11268
11268
11268
11268
11268
11268
11268
11268
11268
11268
11268
11268
11268
11268
11268
11268
11268
11268
11268
11268
11268
11268
11268
11268
11268
11268
11268
11268
11268
11268
11268
11268
11268
11268
11268
11268
11268
11268
11268
11268
11268
11268
11268
11268
11268
11268
11268
11268
11268
11268
11268
11268
11268
11268
11268
