0	Solution - 15850	486	2206	306	0	43
1	Solution - 14804	493	2211	275	0	44
2	Solution - 14804	493	2211	275	0	44
3	Solution - 14804	493	2211	275	0	44
4	Solution - 12909	463	2106	235	0	44
5	Solution - 12909	463	2106	235	0	44
6	Solution - 12909	463	2106	235	0	44
7	Solution - 12909	463	2106	235	0	44
8	Solution - 12457	466	2101	230	0	43
9	Solution - 12457	466	2101	230	0	43
10	Solution - 12457	466	2101	230	0	43
11	Solution - 12457	466	2101	230	0	43
12	Solution - 12445	465	2090	230	0	43
13	Solution - 12445	465	2090	230	0	43
14	Solution - 12445	465	2090	230	0	43
15	Solution - 12445	465	2090	230	0	43
16	Solution - 12445	465	2090	230	0	43
17	Solution - 12445	465	2090	230	0	43
18	Solution - 12445	465	2090	230	0	43
19	Solution - 12445	465	2090	230	0	43
20	Solution - 12445	465	2090	230	0	43
21	Solution - 12445	465	2090	230	0	43
22	Solution - 12445	465	2090	230	0	43
23	Solution - 12445	465	2090	230	0	43
24	Solution - 12445	465	2090	230	0	43
25	Solution - 12445	465	2090	230	0	43
26	Solution - 12445	465	2090	230	0	43
27	Solution - 12445	465	2090	230	0	43
28	Solution - 12445	465	2090	230	0	43
29	Solution - 12445	465	2090	230	0	43
30	Solution - 12445	465	2090	230	0	43
31	Solution - 12445	465	2090	230	0	43
32	Solution - 12445	465	2090	230	0	43
33	Solution - 12445	465	2090	230	0	43
34	Solution - 12445	465	2090	230	0	43
35	Solution - 12445	465	2090	230	0	43
36	Solution - 12445	465	2090	230	0	43
37	Solution - 12445	465	2090	230	0	43
38	Solution - 12445	465	2090	230	0	43
39	Solution - 12445	465	2090	230	0	43
40	Solution - 12445	465	2090	230	0	43
41	Solution - 12131	487	2194	210	0	45
42	Solution - 12131	487	2194	210	0	45
43	Solution - 12131	487	2194	210	0	45
44	Solution - 12131	487	2194	210	0	45
45	Solution - 12131	487	2194	210	0	45
46	Solution - 12131	487	2194	210	0	45
47	Solution - 12131	487	2194	210	0	45
48	Solution - 12131	487	2194	210	0	45
49	Solution - 12131	487	2194	210	0	45
50	Solution - 12131	487	2194	210	0	45
51	Solution - 12131	487	2194	210	0	45
52	Solution - 12131	487	2194	210	0	45
53	Solution - 12131	487	2194	210	0	45
54	Solution - 12131	487	2194	210	0	45
55	Solution - 12131	487	2194	210	0	45
56	Solution - 12131	487	2194	210	0	45
57	Solution - 12131	487	2194	210	0	45
58	Solution - 12131	487	2194	210	0	45
59	Solution - 12131	487	2194	210	0	45
60	Solution - 12131	487	2194	210	0	45
61	Solution - 12131	487	2194	210	0	45
62	Solution - 12131	487	2194	210	0	45
63	Solution - 12131	487	2194	210	0	45
64	Solution - 12131	487	2194	210	0	45
65	Solution - 12002	476	2166	208	0	45
66	Solution - 12002	476	2166	208	0	45
67	Solution - 12002	476	2166	208	0	45
68	Solution - 12002	476	2166	208	0	45
69	Solution - 12002	476	2166	208	0	45
70	Solution - 12002	476	2166	208	0	45
71	Solution - 12002	476	2166	208	0	45
72	Solution - 12002	476	2166	208	0	45
73	Solution - 12002	476	2166	208	0	45
74	Solution - 12002	476	2166	208	0	45
75	Solution - 12002	476	2166	208	0	45
76	Solution - 12002	476	2166	208	0	45
77	Solution - 12002	476	2166	208	0	45
78	Solution - 12002	476	2166	208	0	45
79	Solution - 12002	476	2166	208	0	45
80	Solution - 12002	476	2166	208	0	45
81	Solution - 12002	476	2166	208	0	45
82	Solution - 12002	476	2166	208	0	45
83	Solution - 12002	476	2166	208	0	45
84	Solution - 12002	476	2166	208	0	45
85	Solution - 12002	476	2166	208	0	45
86	Solution - 12002	476	2166	208	0	45
87	Solution - 12002	476	2166	208	0	45
88	Solution - 12002	476	2166	208	0	45
89	Solution - 12002	476	2166	208	0	45
90	Solution - 12002	476	2166	208	0	45
91	Solution - 12002	476	2166	208	0	45
92	Solution - 12002	476	2166	208	0	45
93	Solution - 12002	476	2166	208	0	45
94	Solution - 12002	476	2166	208	0	45
95	Solution - 12002	476	2166	208	0	45
96	Solution - 12002	476	2166	208	0	45
97	Solution - 12002	476	2166	208	0	45
98	Solution - 12002	476	2166	208	0	45
99	Solution - 12002	476	2166	208	0	45
