15857
12251
12251
12251
12251
12251
12251
12251
12251
12251
12218
12218
12218
12218
12218
11852
11852
11852
11852
11852
11852
11852
11852
11852
11852
11852
11852
11852
11852
11852
11852
11852
11852
11852
11852
11852
11852
11852
11852
11852
11852
11852
11852
11852
11852
11852
11852
11852
11852
11852
11852
11852
11852
11852
11852
11683
11683
11683
11683
11683
11683
11683
11683
11683
11683
11683
11683
11683
11683
11683
11683
11683
11666
11666
11666
11666
11666
11666
11666
11666
11666
11666
11666
11666
11666
11666
11666
11666
11666
11666
11666
11666
11666
11666
11666
11666
11666
11666
11666
11666
