0	Solution - 14025	491	2226	257	0	44
1	Solution - 12940	469	2131	235	0	44
2	Solution - 12940	469	2131	235	0	44
3	Solution - 12803	485	2170	236	0	43
4	Solution - 12803	485	2170	236	0	43
5	Solution - 12803	485	2170	236	0	43
6	Solution - 12803	485	2170	236	0	43
7	Solution - 12803	485	2170	236	0	43
8	Solution - 12687	475	2136	229	0	44
9	Solution - 12687	475	2136	229	0	44
10	Solution - 12687	475	2136	229	0	44
11	Solution - 12687	475	2136	229	0	44
12	Solution - 12687	475	2136	229	0	44
13	Solution - 12687	475	2136	229	0	44
14	Solution - 12687	475	2136	229	0	44
15	Solution - 12662	470	2116	229	0	44
16	Solution - 12284	477	2147	210	0	46
17	Solution - 12284	477	2147	210	0	46
18	Solution - 12284	477	2147	210	0	46
19	Solution - 12284	477	2147	210	0	46
20	Solution - 12284	477	2147	210	0	46
21	Solution - 11349	465	2110	214	0	41
22	Solution - 11349	465	2110	214	0	41
23	Solution - 11349	465	2110	214	0	41
24	Solution - 11349	465	2110	214	0	41
25	Solution - 11349	465	2110	214	0	41
26	Solution - 11349	465	2110	214	0	41
27	Solution - 11349	465	2110	214	0	41
28	Solution - 11349	465	2110	214	0	41
29	Solution - 11349	465	2110	214	0	41
30	Solution - 11349	465	2110	214	0	41
31	Solution - 11349	465	2110	214	0	41
32	Solution - 11349	465	2110	214	0	41
33	Solution - 11349	465	2110	214	0	41
34	Solution - 11349	465	2110	214	0	41
35	Solution - 11349	465	2110	214	0	41
36	Solution - 11349	465	2110	214	0	41
37	Solution - 11349	465	2110	214	0	41
38	Solution - 11349	465	2110	214	0	41
39	Solution - 11349	465	2110	214	0	41
40	Solution - 11349	465	2110	214	0	41
41	Solution - 11349	465	2110	214	0	41
42	Solution - 11349	465	2110	214	0	41
43	Solution - 11349	465	2110	214	0	41
44	Solution - 11349	465	2110	214	0	41
45	Solution - 11349	465	2110	214	0	41
46	Solution - 11349	465	2110	214	0	41
47	Solution - 11349	465	2110	214	0	41
48	Solution - 11349	465	2110	214	0	41
49	Solution - 11349	465	2110	214	0	41
50	Solution - 11349	465	2110	214	0	41
51	Solution - 11349	465	2110	214	0	41
52	Solution - 11349	465	2110	214	0	41
53	Solution - 11349	465	2110	214	0	41
54	Solution - 11349	465	2110	214	0	41
55	Solution - 11349	465	2110	214	0	41
56	Solution - 11349	465	2110	214	0	41
57	Solution - 11349	465	2110	214	0	41
58	Solution - 11349	465	2110	214	0	41
59	Solution - 11349	465	2110	214	0	41
60	Solution - 11349	465	2110	214	0	41
61	Solution - 11349	465	2110	214	0	41
62	Solution - 11349	465	2110	214	0	41
63	Solution - 11349	465	2110	214	0	41
64	Solution - 11349	465	2110	214	0	41
65	Solution - 11349	465	2110	214	0	41
66	Solution - 11349	465	2110	214	0	41
67	Solution - 11349	465	2110	214	0	41
68	Solution - 11349	465	2110	214	0	41
69	Solution - 11349	465	2110	214	0	41
70	Solution - 11349	465	2110	214	0	41
71	Solution - 11349	465	2110	214	0	41
72	Solution - 11349	465	2110	214	0	41
73	Solution - 11349	465	2110	214	0	41
74	Solution - 11349	465	2110	214	0	41
75	Solution - 11349	465	2110	214	0	41
76	Solution - 11349	465	2110	214	0	41
77	Solution - 11349	465	2110	214	0	41
78	Solution - 11349	465	2110	214	0	41
79	Solution - 11349	465	2110	214	0	41
80	Solution - 11349	465	2110	214	0	41
81	Solution - 11349	465	2110	214	0	41
82	Solution - 11349	465	2110	214	0	41
83	Solution - 11349	465	2110	214	0	41
84	Solution - 11349	465	2110	214	0	41
85	Solution - 11349	465	2110	214	0	41
86	Solution - 11349	465	2110	214	0	41
87	Solution - 11349	465	2110	214	0	41
88	Solution - 11349	465	2110	214	0	41
89	Solution - 11349	465	2110	214	0	41
90	Solution - 11349	465	2110	214	0	41
91	Solution - 10578	468	2102	182	0	44
92	Solution - 10578	468	2102	182	0	44
93	Solution - 10578	468	2102	182	0	44
94	Solution - 10578	468	2102	182	0	44
95	Solution - 10578	468	2102	182	0	44
96	Solution - 10578	468	2102	182	0	44
97	Solution - 10578	468	2102	182	0	44
98	Solution - 10578	468	2102	182	0	44
99	Solution - 10578	468	2102	182	0	44
