0	Solution - 14862	471	2136	285	0	43
1	Solution - 14777	486	2191	275	0	44
2	Solution - 14623	480	2173	285	0	42
3	Solution - 14623	480	2173	285	0	42
4	Solution - 14068	488	2195	253	0	45
5	Solution - 12342	491	2221	214	0	45
6	Solution - 12342	491	2221	214	0	45
7	Solution - 12342	491	2221	214	0	45
8	Solution - 12342	491	2221	214	0	45
9	Solution - 12342	491	2221	214	0	45
10	Solution - 12342	491	2221	214	0	45
11	Solution - 12342	491	2221	214	0	45
12	Solution - 12342	491	2221	214	0	45
13	Solution - 12342	491	2221	214	0	45
14	Solution - 12342	491	2221	214	0	45
15	Solution - 12342	491	2221	214	0	45
16	Solution - 12342	491	2221	214	0	45
17	Solution - 12342	491	2221	214	0	45
18	Solution - 12342	491	2221	214	0	45
19	Solution - 12342	491	2221	214	0	45
20	Solution - 12342	491	2221	214	0	45
21	Solution - 12342	491	2221	214	0	45
22	Solution - 12342	491	2221	214	0	45
23	Solution - 12342	491	2221	214	0	45
24	Solution - 12342	491	2221	214	0	45
25	Solution - 12342	491	2221	214	0	45
26	Solution - 12342	491	2221	214	0	45
27	Solution - 12342	491	2221	214	0	45
28	Solution - 12342	491	2221	214	0	45
29	Solution - 11868	473	2149	201	0	46
30	Solution - 11868	473	2149	201	0	46
31	Solution - 11868	473	2149	201	0	46
32	Solution - 11868	473	2149	201	0	46
33	Solution - 11868	473	2149	201	0	46
34	Solution - 11868	473	2149	201	0	46
35	Solution - 11868	473	2149	201	0	46
36	Solution - 11868	473	2149	201	0	46
37	Solution - 11868	473	2149	201	0	46
38	Solution - 11868	473	2149	201	0	46
39	Solution - 11868	473	2149	201	0	46
40	Solution - 11868	473	2149	201	0	46
41	Solution - 11805	496	2245	206	0	44
42	Solution - 11805	496	2245	206	0	44
43	Solution - 11805	496	2245	206	0	44
44	Solution - 11805	496	2245	206	0	44
45	Solution - 11805	496	2245	206	0	44
46	Solution - 11805	496	2245	206	0	44
47	Solution - 11805	496	2245	206	0	44
48	Solution - 11805	496	2245	206	0	44
49	Solution - 11805	496	2245	206	0	44
50	Solution - 11805	496	2245	206	0	44
51	Solution - 11805	496	2245	206	0	44
52	Solution - 11553	483	2160	198	0	45
53	Solution - 11553	483	2160	198	0	45
54	Solution - 11553	483	2160	198	0	45
55	Solution - 11553	483	2160	198	0	45
56	Solution - 11553	483	2160	198	0	45
57	Solution - 11553	483	2160	198	0	45
58	Solution - 11553	483	2160	198	0	45
59	Solution - 11553	483	2160	198	0	45
60	Solution - 11553	483	2160	198	0	45
61	Solution - 11553	483	2160	198	0	45
62	Solution - 11553	483	2160	198	0	45
63	Solution - 11553	483	2160	198	0	45
64	Solution - 11553	483	2160	198	0	45
65	Solution - 11553	483	2160	198	0	45
66	Solution - 11553	483	2160	198	0	45
67	Solution - 11553	483	2160	198	0	45
68	Solution - 11553	483	2160	198	0	45
69	Solution - 11553	483	2160	198	0	45
70	Solution - 11553	483	2160	198	0	45
71	Solution - 11553	483	2160	198	0	45
72	Solution - 11553	483	2160	198	0	45
73	Solution - 11553	483	2160	198	0	45
74	Solution - 11553	483	2160	198	0	45
75	Solution - 11553	483	2160	198	0	45
76	Solution - 11553	483	2160	198	0	45
77	Solution - 11553	483	2160	198	0	45
78	Solution - 11553	483	2160	198	0	45
79	Solution - 11553	483	2160	198	0	45
80	Solution - 11553	483	2160	198	0	45
81	Solution - 11553	483	2160	198	0	45
82	Solution - 11553	483	2160	198	0	45
83	Solution - 11553	483	2160	198	0	45
84	Solution - 11553	483	2160	198	0	45
85	Solution - 11553	483	2160	198	0	45
86	Solution - 11553	483	2160	198	0	45
87	Solution - 11553	483	2160	198	0	45
88	Solution - 11553	483	2160	198	0	45
89	Solution - 11553	483	2160	198	0	45
90	Solution - 11553	483	2160	198	0	45
91	Solution - 11553	483	2160	198	0	45
92	Solution - 11553	483	2160	198	0	45
93	Solution - 11553	483	2160	198	0	45
94	Solution - 11553	483	2160	198	0	45
95	Solution - 11553	483	2160	198	0	45
96	Solution - 11553	483	2160	198	0	45
97	Solution - 11336	476	2148	198	0	44
98	Solution - 11336	476	2148	198	0	44
99	Solution - 11336	476	2148	198	0	44
