13996
13366
13124
13124
13124
13124
13124
13124
13124
13124
13124
13124
12187
12187
12187
12187
12187
12187
12187
12187
12187
12187
12187
12187
12187
12187
12187
12187
12187
12187
12187
12187
12187
12187
12187
12187
12187
12187
12187
12187
12187
12187
12187
12187
12187
12187
12187
12187
12187
12187
12187
12187
12187
12187
11193
11193
11193
11193
11193
11193
11193
11193
11193
11193
11193
11193
11193
11193
11193
11193
11193
11193
11193
11193
11193
11193
11193
11193
11193
11193
11193
11193
11193
11193
11193
11193
11193
11193
11193
11193
11193
11193
11193
11193
11193
11193
11193
11193
11193
11193
