0	Solution - 13692	482	2166	251	0	44
1	Solution - 13692	482	2166	251	0	44
2	Solution - 13692	482	2166	251	0	44
3	Solution - 13692	482	2166	251	0	44
4	Solution - 13475	494	2263	233	0	46
5	Solution - 13475	494	2263	233	0	46
6	Solution - 13475	494	2263	233	0	46
7	Solution - 13475	494	2263	233	0	46
8	Solution - 12096	470	2123	221	0	43
9	Solution - 12096	470	2123	221	0	43
10	Solution - 12096	470	2123	221	0	43
11	Solution - 12096	470	2123	221	0	43
12	Solution - 12096	470	2123	221	0	43
13	Solution - 11446	470	2114	211	0	42
14	Solution - 11446	470	2114	211	0	42
15	Solution - 11446	470	2114	211	0	42
16	Solution - 11446	470	2114	211	0	42
17	Solution - 11446	470	2114	211	0	42
18	Solution - 11446	470	2114	211	0	42
19	Solution - 11446	470	2114	211	0	42
20	Solution - 11446	470	2114	211	0	42
21	Solution - 11446	470	2114	211	0	42
22	Solution - 11446	470	2114	211	0	42
23	Solution - 11446	470	2114	211	0	42
24	Solution - 11446	470	2114	211	0	42
25	Solution - 11446	470	2114	211	0	42
26	Solution - 11446	470	2114	211	0	42
27	Solution - 11446	470	2114	211	0	42
28	Solution - 11446	470	2114	211	0	42
29	Solution - 11446	470	2114	211	0	42
30	Solution - 11446	470	2114	211	0	42
31	Solution - 11446	470	2114	211	0	42
32	Solution - 11446	470	2114	211	0	42
33	Solution - 11446	470	2114	211	0	42
34	Solution - 11446	470	2114	211	0	42
35	Solution - 11446	470	2114	211	0	42
36	Solution - 11446	470	2114	211	0	42
37	Solution - 11446	470	2114	211	0	42
38	Solution - 11446	470	2114	211	0	42
39	Solution - 11446	470	2114	211	0	42
40	Solution - 11446	470	2114	211	0	42
41	Solution - 11446	470	2114	211	0	42
42	Solution - 11446	470	2114	211	0	42
43	Solution - 11446	470	2114	211	0	42
44	Solution - 11446	470	2114	211	0	42
45	Solution - 11446	470	2114	211	0	42
46	Solution - 11446	470	2114	211	0	42
47	Solution - 11446	470	2114	211	0	42
48	Solution - 11446	470	2114	211	0	42
49	Solution - 11446	470	2114	211	0	42
50	Solution - 11446	470	2114	211	0	42
51	Solution - 11446	470	2114	211	0	42
52	Solution - 11446	470	2114	211	0	42
53	Solution - 11446	470	2114	211	0	42
54	Solution - 11446	470	2114	211	0	42
55	Solution - 11446	470	2114	211	0	42
56	Solution - 11446	470	2114	211	0	42
57	Solution - 11446	470	2114	211	0	42
58	Solution - 11446	470	2114	211	0	42
59	Solution - 11446	470	2114	211	0	42
60	Solution - 11446	470	2114	211	0	42
61	Solution - 11446	470	2114	211	0	42
62	Solution - 11446	470	2114	211	0	42
63	Solution - 11446	470	2114	211	0	42
64	Solution - 11446	470	2114	211	0	42
65	Solution - 11446	470	2114	211	0	42
66	Solution - 11446	470	2114	211	0	42
67	Solution - 11446	470	2114	211	0	42
68	Solution - 11446	470	2114	211	0	42
69	Solution - 11446	470	2114	211	0	42
70	Solution - 11446	470	2114	211	0	42
71	Solution - 11446	470	2114	211	0	42
72	Solution - 11446	470	2114	211	0	42
73	Solution - 11446	470	2114	211	0	42
74	Solution - 11446	470	2114	211	0	42
75	Solution - 11446	470	2114	211	0	42
76	Solution - 11446	470	2114	211	0	42
77	Solution - 11446	470	2114	211	0	42
78	Solution - 11446	470	2114	211	0	42
79	Solution - 11446	470	2114	211	0	42
80	Solution - 11446	470	2114	211	0	42
81	Solution - 11446	470	2114	211	0	42
82	Solution - 11446	470	2114	211	0	42
83	Solution - 11446	470	2114	211	0	42
84	Solution - 10929	461	2108	190	0	44
85	Solution - 10929	461	2108	190	0	44
86	Solution - 10929	461	2108	190	0	44
87	Solution - 10929	461	2108	190	0	44
88	Solution - 10929	461	2108	190	0	44
89	Solution - 10929	461	2108	190	0	44
90	Solution - 10929	461	2108	190	0	44
91	Solution - 10929	461	2108	190	0	44
92	Solution - 10929	461	2108	190	0	44
93	Solution - 10929	461	2108	190	0	44
94	Solution - 10929	461	2108	190	0	44
95	Solution - 10929	461	2108	190	0	44
96	Solution - 10929	461	2108	190	0	44
97	Solution - 10929	461	2108	190	0	44
98	Solution - 10929	461	2108	190	0	44
99	Solution - 10929	461	2108	190	0	44
