13692
13692
13692
13692
13475
13475
13475
13475
12096
12096
12096
12096
12096
11446
11446
11446
11446
11446
11446
11446
11446
11446
11446
11446
11446
11446
11446
11446
11446
11446
11446
11446
11446
11446
11446
11446
11446
11446
11446
11446
11446
11446
11446
11446
11446
11446
11446
11446
11446
11446
11446
11446
11446
11446
11446
11446
11446
11446
11446
11446
11446
11446
11446
11446
11446
11446
11446
11446
11446
11446
11446
11446
11446
11446
11446
11446
11446
11446
11446
11446
11446
11446
11446
11446
10929
10929
10929
10929
10929
10929
10929
10929
10929
10929
10929
10929
10929
10929
10929
10929
