0	Solution - 13952	498	2240	267	0	42
1	Solution - 13374	492	2234	242	0	44
2	Solution - 11367	463	2089	205	0	43
3	Solution - 11367	463	2089	205	0	43
4	Solution - 11367	463	2089	205	0	43
5	Solution - 11367	463	2089	205	0	43
6	Solution - 11367	463	2089	205	0	43
7	Solution - 11367	463	2089	205	0	43
8	Solution - 11367	463	2089	205	0	43
9	Solution - 11367	463	2089	205	0	43
10	Solution - 11367	463	2089	205	0	43
11	Solution - 11367	463	2089	205	0	43
12	Solution - 11367	463	2089	205	0	43
13	Solution - 11367	463	2089	205	0	43
14	Solution - 11367	463	2089	205	0	43
15	Solution - 11367	463	2089	205	0	43
16	Solution - 11367	463	2089	205	0	43
17	Solution - 11367	463	2089	205	0	43
18	Solution - 11367	463	2089	205	0	43
19	Solution - 11367	463	2089	205	0	43
20	Solution - 11367	463	2089	205	0	43
21	Solution - 11367	463	2089	205	0	43
22	Solution - 11367	463	2089	205	0	43
23	Solution - 11367	463	2089	205	0	43
24	Solution - 11367	463	2089	205	0	43
25	Solution - 11367	463	2089	205	0	43
26	Solution - 11367	463	2089	205	0	43
27	Solution - 11367	463	2089	205	0	43
28	Solution - 11367	463	2089	205	0	43
29	Solution - 11367	463	2089	205	0	43
30	Solution - 11367	463	2089	205	0	43
31	Solution - 11367	463	2089	205	0	43
32	Solution - 11367	463	2089	205	0	43
33	Solution - 11367	463	2089	205	0	43
34	Solution - 11367	463	2089	205	0	43
35	Solution - 11367	463	2089	205	0	43
36	Solution - 11367	463	2089	205	0	43
37	Solution - 11367	463	2089	205	0	43
38	Solution - 11367	463	2089	205	0	43
39	Solution - 11367	463	2089	205	0	43
40	Solution - 11367	463	2089	205	0	43
41	Solution - 11367	463	2089	205	0	43
42	Solution - 11367	463	2089	205	0	43
43	Solution - 11367	463	2089	205	0	43
44	Solution - 11367	463	2089	205	0	43
45	Solution - 11367	463	2089	205	0	43
46	Solution - 11367	463	2089	205	0	43
47	Solution - 11367	463	2089	205	0	43
48	Solution - 11367	463	2089	205	0	43
49	Solution - 11367	463	2089	205	0	43
50	Solution - 11367	463	2089	205	0	43
51	Solution - 11367	463	2089	205	0	43
52	Solution - 11367	463	2089	205	0	43
53	Solution - 11367	463	2089	205	0	43
54	Solution - 11367	463	2089	205	0	43
55	Solution - 11367	463	2089	205	0	43
56	Solution - 11367	463	2089	205	0	43
57	Solution - 11367	463	2089	205	0	43
58	Solution - 11367	463	2089	205	0	43
59	Solution - 11367	463	2089	205	0	43
60	Solution - 11367	463	2089	205	0	43
61	Solution - 11367	463	2089	205	0	43
62	Solution - 11367	463	2089	205	0	43
63	Solution - 11367	463	2089	205	0	43
64	Solution - 11367	463	2089	205	0	43
65	Solution - 10713	469	2104	185	0	44
66	Solution - 10713	469	2104	185	0	44
67	Solution - 10713	469	2104	185	0	44
68	Solution - 10713	469	2104	185	0	44
69	Solution - 10713	469	2104	185	0	44
70	Solution - 10713	469	2104	185	0	44
71	Solution - 10713	469	2104	185	0	44
72	Solution - 10713	469	2104	185	0	44
73	Solution - 10713	469	2104	185	0	44
74	Solution - 10713	469	2104	185	0	44
75	Solution - 10713	469	2104	185	0	44
76	Solution - 10713	469	2104	185	0	44
77	Solution - 10713	469	2104	185	0	44
78	Solution - 10713	469	2104	185	0	44
79	Solution - 10713	469	2104	185	0	44
80	Solution - 10713	469	2104	185	0	44
81	Solution - 10713	469	2104	185	0	44
82	Solution - 10713	469	2104	185	0	44
83	Solution - 10713	469	2104	185	0	44
84	Solution - 10713	469	2104	185	0	44
85	Solution - 10713	469	2104	185	0	44
86	Solution - 10713	469	2104	185	0	44
87	Solution - 10713	469	2104	185	0	44
88	Solution - 10713	469	2104	185	0	44
89	Solution - 10713	469	2104	185	0	44
90	Solution - 10713	469	2104	185	0	44
91	Solution - 10713	469	2104	185	0	44
92	Solution - 10713	469	2104	185	0	44
93	Solution - 10713	469	2104	185	0	44
94	Solution - 10713	469	2104	185	0	44
95	Solution - 10713	469	2104	185	0	44
96	Solution - 10713	469	2104	185	0	44
97	Solution - 10713	469	2104	185	0	44
98	Solution - 10713	469	2104	185	0	44
99	Solution - 10713	469	2104	185	0	44
