15208
14781
11903
11903
11903
11870
11870
11870
11870
11870
11870
11870
11870
11870
11870
11870
11870
11870
11870
11870
11870
11870
11870
11870
11870
11870
11870
11870
11870
11870
11870
11870
11870
11870
11870
11870
11870
11870
11870
11870
11870
11713
11713
11713
11713
11713
11713
11713
11713
11713
11713
11713
11713
11713
11713
11713
11713
11713
11713
11713
11713
11713
11713
11713
11713
11713
11713
11713
11713
11713
11713
11713
11713
11713
11713
11713
11713
11713
11713
11713
11417
11417
11417
11417
11417
11417
11417
11417
11417
11417
11417
11417
11417
11417
11417
11417
11417
11417
11417
11417
