14119
13430
13430
13430
12289
12289
12289
12289
12289
12289
12289
12289
12289
12289
12289
12289
12169
12169
12169
12169
12169
12112
12112
12112
12112
12112
12112
12112
12112
11824
11824
11824
11824
11824
11824
11824
11824
11824
11824
11824
11336
11336
11336
11336
11336
11336
11336
11336
11336
11336
11336
11336
11336
11336
11336
11336
11336
11336
11336
11336
11336
11336
11336
11336
11336
11336
11336
11336
11336
11336
11336
11336
11336
11336
11336
11336
11336
11336
10284
10284
10284
10284
10284
10284
10284
10284
10284
10284
10284
10284
10284
10284
10284
10284
10284
10284
10284
10284
10284
10284
