0	Solution - 13142	472	2170	250	0	42
1	Solution - 13142	472	2170	250	0	42
2	Solution - 12432	472	2150	218	0	45
3	Solution - 12432	472	2150	218	0	45
4	Solution - 12432	472	2150	218	0	45
5	Solution - 12432	472	2150	218	0	45
6	Solution - 12432	472	2150	218	0	45
7	Solution - 12432	472	2150	218	0	45
8	Solution - 11823	464	2114	215	0	43
9	Solution - 11823	464	2114	215	0	43
10	Solution - 11823	464	2114	215	0	43
11	Solution - 11823	464	2114	215	0	43
12	Solution - 11823	464	2114	215	0	43
13	Solution - 11823	464	2114	215	0	43
14	Solution - 11823	464	2114	215	0	43
15	Solution - 11823	464	2114	215	0	43
16	Solution - 11823	464	2114	215	0	43
17	Solution - 11823	464	2114	215	0	43
18	Solution - 11823	464	2114	215	0	43
19	Solution - 11823	464	2114	215	0	43
20	Solution - 11823	464	2114	215	0	43
21	Solution - 11823	464	2114	215	0	43
22	Solution - 11823	464	2114	215	0	43
23	Solution - 11823	464	2114	215	0	43
24	Solution - 11823	464	2114	215	0	43
25	Solution - 11823	464	2114	215	0	43
26	Solution - 11823	464	2114	215	0	43
27	Solution - 11823	464	2114	215	0	43
28	Solution - 11823	464	2114	215	0	43
29	Solution - 11823	464	2114	215	0	43
30	Solution - 11823	464	2114	215	0	43
31	Solution - 11823	464	2114	215	0	43
32	Solution - 11823	464	2114	215	0	43
33	Solution - 11823	464	2114	215	0	43
34	Solution - 11823	464	2114	215	0	43
35	Solution - 11823	464	2114	215	0	43
36	Solution - 11823	464	2114	215	0	43
37	Solution - 11823	464	2114	215	0	43
38	Solution - 11823	464	2114	215	0	43
39	Solution - 11823	464	2114	215	0	43
40	Solution - 11823	464	2114	215	0	43
41	Solution - 11823	464	2114	215	0	43
42	Solution - 11823	464	2114	215	0	43
43	Solution - 11823	464	2114	215	0	43
44	Solution - 11823	464	2114	215	0	43
45	Solution - 11823	464	2114	215	0	43
46	Solution - 11823	464	2114	215	0	43
47	Solution - 11823	464	2114	215	0	43
48	Solution - 11823	464	2114	215	0	43
49	Solution - 11823	464	2114	215	0	43
50	Solution - 11823	464	2114	215	0	43
51	Solution - 11823	464	2114	215	0	43
52	Solution - 11823	464	2114	215	0	43
53	Solution - 11823	464	2114	215	0	43
54	Solution - 11823	464	2114	215	0	43
55	Solution - 11823	464	2114	215	0	43
56	Solution - 11823	464	2114	215	0	43
57	Solution - 11823	464	2114	215	0	43
58	Solution - 11823	464	2114	215	0	43
59	Solution - 11823	464	2114	215	0	43
60	Solution - 11823	464	2114	215	0	43
61	Solution - 11823	464	2114	215	0	43
62	Solution - 11823	464	2114	215	0	43
63	Solution - 11823	464	2114	215	0	43
64	Solution - 11823	464	2114	215	0	43
65	Solution - 11823	464	2114	215	0	43
66	Solution - 11823	464	2114	215	0	43
67	Solution - 11823	464	2114	215	0	43
68	Solution - 11823	464	2114	215	0	43
69	Solution - 11692	481	2191	205	0	44
70	Solution - 11692	481	2191	205	0	44
71	Solution - 11692	481	2191	205	0	44
72	Solution - 11692	481	2191	205	0	44
73	Solution - 11299	456	2065	209	0	42
74	Solution - 11299	456	2065	209	0	42
75	Solution - 11299	456	2065	209	0	42
76	Solution - 11299	456	2065	209	0	42
77	Solution - 11299	456	2065	209	0	42
78	Solution - 11299	456	2065	209	0	42
79	Solution - 11299	456	2065	209	0	42
80	Solution - 11299	456	2065	209	0	42
81	Solution - 11299	456	2065	209	0	42
82	Solution - 11299	456	2065	209	0	42
83	Solution - 11299	456	2065	209	0	42
84	Solution - 11299	456	2065	209	0	42
85	Solution - 11299	456	2065	209	0	42
86	Solution - 11299	456	2065	209	0	42
87	Solution - 11299	456	2065	209	0	42
88	Solution - 11299	456	2065	209	0	42
89	Solution - 11299	456	2065	209	0	42
90	Solution - 11299	456	2065	209	0	42
91	Solution - 11299	456	2065	209	0	42
92	Solution - 11299	456	2065	209	0	42
93	Solution - 11299	456	2065	209	0	42
94	Solution - 11299	456	2065	209	0	42
95	Solution - 11299	456	2065	209	0	42
96	Solution - 11299	456	2065	209	0	42
97	Solution - 11299	456	2065	209	0	42
98	Solution - 11299	456	2065	209	0	42
99	Solution - 11299	456	2065	209	0	42
