14053
14053
13418
11755
11755
11755
11755
11755
11755
11755
11755
11755
11755
11755
11755
11755
11755
11755
11755
11755
11755
11755
11755
11755
11755
11755
11755
11755
11755
11755
11755
11755
11755
11755
11755
11755
11755
11755
11489
11489
11489
11489
11489
11489
11489
11489
11489
11489
11489
11489
11489
11489
11489
11489
11489
11489
11489
11489
11158
11158
11158
11158
11158
11158
11158
11158
11073
11073
11073
11073
11073
11073
11073
11073
11073
11073
11073
11073
11073
11073
11073
11073
11073
11073
11073
11073
11073
11073
11073
11073
11073
11073
11073
11073
11073
11073
11073
11073
11073
11073
