17813
14077
14077
14077
14077
13935
13935
13935
13935
12716
12716
12716
12716
12716
12716
12464
12464
12464
12464
12464
12464
12428
12428
12428
12428
12428
12428
12428
12181
12181
12181
12181
12181
12181
12099
11578
11578
11578
11578
11578
11578
11578
11578
11578
11578
11578
11578
11578
11578
11578
11578
11578
11578
11578
11578
11578
11578
11578
11578
11578
11578
11578
11578
11578
11578
11578
11578
11578
11578
11578
11578
11578
11578
11578
11578
11578
11578
11578
11578
11578
11578
11578
11578
11578
11578
11578
11578
11578
11578
11578
11578
11578
11578
11578
11578
11578
11578
11578
11578
11578
