Solution - 7197	330	1491	168	1	32
Solution - 7233	331	1494	169	0	32
Solution - 7233	331	1494	169	0	32
Solution - 7233	331	1494	169	0	32
Solution - 7233	331	1494	169	0	32
Solution - 7233	331	1494	169	0	32
Solution - 7233	331	1494	169	0	32
Solution - 7233	331	1494	169	0	32
Solution - 7233	331	1494	169	0	32
Solution - 7233	331	1494	169	0	32
Solution - 7233	331	1494	169	0	32
Solution - 7233	331	1494	169	0	32
Solution - 7233	331	1494	169	0	32
Solution - 7233	331	1494	169	0	32
Solution - 7233	331	1494	169	0	32
Solution - 7233	331	1494	169	0	32
Solution - 7233	331	1494	169	0	32
Solution - 7233	331	1494	169	0	32
Solution - 7233	331	1494	169	0	32
Solution - 7233	331	1494	169	0	32
Solution - 7233	331	1494	169	0	32
Solution - 7233	331	1494	169	0	32
Solution - 7233	331	1494	169	0	32
Solution - 7233	331	1494	169	0	32
Solution - 7233	331	1494	169	0	32
Solution - 7233	331	1494	169	0	32
Solution - 7233	331	1494	169	0	32
Solution - 7233	331	1494	169	0	32
Solution - 7233	331	1494	169	0	32
Solution - 7233	331	1494	169	0	32
