0	Solution - 7197	330	1491	168	1	32
1	Solution - 7197	330	1491	168	1	32
2	Solution - 7197	330	1491	168	1	32
3	Solution - 7197	330	1491	168	1	32
4	Solution - 7197	330	1491	168	1	32
5	Solution - 7197	330	1491	168	1	32
6	Solution - 7197	330	1491	168	1	32
7	Solution - 7197	330	1491	168	1	32
8	Solution - 7197	330	1491	168	1	32
9	Solution - 7197	330	1491	168	1	32
10	Solution - 7197	330	1491	168	1	32
11	Solution - 7197	330	1491	168	1	32
12	Solution - 7197	330	1491	168	1	32
13	Solution - 7197	330	1491	168	1	32
14	Solution - 7197	330	1491	168	1	32
15	Solution - 7197	330	1491	168	1	32
16	Solution - 7197	330	1491	168	1	32
17	Solution - 7197	330	1491	168	1	32
18	Solution - 7197	330	1491	168	1	32
19	Solution - 7197	330	1491	168	1	32
20	Solution - 7197	330	1491	168	1	32
21	Solution - 7197	330	1491	168	1	32
22	Solution - 7197	330	1491	168	1	32
23	Solution - 7197	330	1491	168	1	32
24	Solution - 7197	330	1491	168	1	32
25	Solution - 7197	330	1491	168	1	32
26	Solution - 7197	330	1491	168	1	32
27	Solution - 7197	330	1491	168	1	32
28	Solution - 7197	330	1491	168	1	32
29	Solution - 7197	330	1491	168	1	32
30	Solution - 7197	330	1491	168	1	32
31	Solution - 7197	330	1491	168	1	32
32	Solution - 7197	330	1491	168	1	32
33	Solution - 7197	330	1491	168	1	32
34	Solution - 7197	330	1491	168	1	32
35	Solution - 7197	330	1491	168	1	32
36	Solution - 7197	330	1491	168	1	32
37	Solution - 7197	330	1491	168	1	32
38	Solution - 7197	330	1491	168	1	32
39	Solution - 7197	330	1491	168	1	32
40	Solution - 7197	330	1491	168	1	32
41	Solution - 7197	330	1491	168	1	32
42	Solution - 7197	330	1491	168	1	32
43	Solution - 7197	330	1491	168	1	32
44	Solution - 7197	330	1491	168	1	32
45	Solution - 7197	330	1491	168	1	32
46	Solution - 7197	330	1491	168	1	32
47	Solution - 7197	330	1491	168	1	32
48	Solution - 7197	330	1491	168	1	32
49	Solution - 7197	330	1491	168	1	32
50	Solution - 7197	330	1491	168	1	32
51	Solution - 7197	330	1491	168	1	32
52	Solution - 7197	330	1491	168	1	32
53	Solution - 7197	330	1491	168	1	32
54	Solution - 7197	330	1491	168	1	32
55	Solution - 7197	330	1491	168	1	32
56	Solution - 7197	330	1491	168	1	32
57	Solution - 7197	330	1491	168	1	32
58	Solution - 7197	330	1491	168	1	32
59	Solution - 7197	330	1491	168	1	32
60	Solution - 7197	330	1491	168	1	32
61	Solution - 7197	330	1491	168	1	32
62	Solution - 7197	330	1491	168	1	32
63	Solution - 7197	330	1491	168	1	32
64	Solution - 7197	330	1491	168	1	32
65	Solution - 7197	330	1491	168	1	32
66	Solution - 7197	330	1491	168	1	32
67	Solution - 7197	330	1491	168	1	32
68	Solution - 7197	330	1491	168	1	32
69	Solution - 7197	330	1491	168	1	32
70	Solution - 7197	330	1491	168	1	32
71	Solution - 7197	330	1491	168	1	32
72	Solution - 7197	330	1491	168	1	32
73	Solution - 7197	330	1491	168	1	32
74	Solution - 7197	330	1491	168	1	32
75	Solution - 7197	330	1491	168	1	32
76	Solution - 7197	330	1491	168	1	32
77	Solution - 7197	330	1491	168	1	32
78	Solution - 7197	330	1491	168	1	32
79	Solution - 7197	330	1491	168	1	32
80	Solution - 7197	330	1491	168	1	32
81	Solution - 7197	330	1491	168	1	32
82	Solution - 7197	330	1491	168	1	32
83	Solution - 7197	330	1491	168	1	32
84	Solution - 7197	330	1491	168	1	32
85	Solution - 7197	330	1491	168	1	32
86	Solution - 7197	330	1491	168	1	32
87	Solution - 7197	330	1491	168	1	32
88	Solution - 7197	330	1491	168	1	32
89	Solution - 7197	330	1491	168	1	32
90	Solution - 7197	330	1491	168	1	32
91	Solution - 7197	330	1491	168	1	32
92	Solution - 7197	330	1491	168	1	32
93	Solution - 7197	330	1491	168	1	32
94	Solution - 7197	330	1491	168	1	32
95	Solution - 7197	330	1491	168	1	32
96	Solution - 7197	330	1491	168	1	32
97	Solution - 7197	330	1491	168	1	32
98	Solution - 7197	330	1491	168	1	32
99	Solution - 7197	330	1491	168	1	32
